0 0.4606339468302659 0.951715374841169 0.10736196319018405 0.02795425667090216
0 0.7510224948875256 0.9110546378653113 0.3936605316973415 0.17789072426937738
0 0.7290388548057259 0.8418043202033036 0.05930470347648262 0.062261753494282084
0 0.6380368098159509 0.8087674714104193 0.09815950920245399 0.08259212198221093
0 0.03016359918200409 0.7121982210927573 0.04396728016359918 0.0724269377382465
0 0.09202453987730061 0.7153748411689962 0.05725971370143149 0.0940279542566709
0 0.30368098159509205 0.7757306226175349 0.37627811860940696 0.3036848792884371
0 0.8343558282208589 0.5044472681067345 0.2331288343558282 0.21092757306226176
0 0.13394683026584867 0.3742058449809403 0.06339468302658487 0.06480304955527319
0 0.4120654396728016 0.44790343074968236 0.6400817995910021 0.5730622617534943
0 0.9606339468302658 0.03176620076238882 0.0787321063394683 0.06353240152477764
