0 0.4304906542056075 0.8387784090909091 0.19742990654205608 0.24857954545454544
0 0.46436915887850466 0.6867897727272727 0.02219626168224299 0.06392045454545454
0 0.5677570093457944 0.45738636363636365 0.04439252336448598 0.056818181818181816
0 0.39953271028037385 0.4382102272727273 0.1191588785046729 0.09232954545454546
0 0.14719626168224298 0.6697443181818182 0.2850467289719626 0.5838068181818182
0 0.4877336448598131 0.4190340909090909 0.08294392523364486 0.10511363636363637
0 0.7126168224299065 0.6285511363636364 0.5467289719626168 0.6122159090909091
0 0.7517523364485982 0.3430397727272727 0.04088785046728972 0.04403409090909091
0 0.5017523364485982 0.29332386363636365 0.036214953271028034 0.061079545454545456
0 0.7558411214953271 0.26207386363636365 0.1378504672897196 0.09232954545454546
0 0.8884345794392523 0.24076704545454544 0.06425233644859812 0.078125
0 0.31542056074766356 0.3799715909090909 0.26635514018691586 0.6377840909090909
0 0.2266355140186916 0.11008522727272728 0.04672897196261682 0.109375
0 0.348714953271028 0.06321022727272728 0.038551401869158876 0.046875
0 0.606892523364486 0.20099431818181818 0.49182242990654207 0.3366477272727273
