0 0.8707446808510638 0.9835616438356164 0.0031914893617021275 0.005479452054794521
0 0.8585106382978723 0.9821917808219178 0.002127659574468085 0.00821917808219178
0 0.8691489361702127 0.9767123287671233 0.002127659574468085 0.0027397260273972603
0 0.8446808510638298 0.9808219178082191 0.00425531914893617 0.010958904109589041
0 0.8760638297872341 0.9794520547945206 0.005319148936170213 0.0136986301369863
0 0.8569148936170212 0.9794520547945206 0.0031914893617021275 0.0136986301369863
0 0.8845744680851064 0.9657534246575342 0.0010638297872340426 0.0027397260273972603
0 0.8122340425531915 0.963013698630137 0.0010638297872340426 0.0027397260273972603
0 0.8047872340425531 0.963013698630137 0.0010638297872340426 0.0027397260273972603
0 0.7898936170212766 0.963013698630137 0.0010638297872340426 0.0027397260273972603
0 0.7632978723404256 0.963013698630137 0.0010638297872340426 0.0027397260273972603
0 0.7755319148936171 0.9602739726027397 0.00425531914893617 0.00821917808219178
0 0.7595744680851064 0.9602739726027397 0.00425531914893617 0.00821917808219178
0 0.9186170212765957 0.9493150684931507 0.0010638297872340426 0.0027397260273972603
0 0.925 0.9410958904109589 0.0010638297872340426 0.0027397260273972603
0 0.9228723404255319 0.9410958904109589 0.0010638297872340426 0.0027397260273972603
0 0.7473404255319149 0.9410958904109589 0.0010638297872340426 0.0027397260273972603
0 0.7377659574468085 0.9410958904109589 0.0010638297872340426 0.0027397260273972603
0 0.7345744680851064 0.9410958904109589 0.0010638297872340426 0.0027397260273972603
0 0.9329787234042554 0.9397260273972603 0.002127659574468085 0.005479452054794521
0 0.750531914893617 0.9383561643835616 0.0010638297872340426 0.0027397260273972603
0 0.9515957446808511 0.9191780821917809 0.0010638297872340426 0.0027397260273972603
0 0.7122340425531914 0.9191780821917809 0.0010638297872340426 0.0027397260273972603
0 0.948936170212766 0.9178082191780822 0.002127659574468085 0.005479452054794521
0 0.7196808510638298 0.9178082191780822 0.0031914893617021275 0.005479452054794521
0 0.9526595744680851 0.9136986301369863 0.0010638297872340426 0.0027397260273972603
0 0.9696808510638298 0.8945205479452055 0.0010638297872340426 0.0027397260273972603
0 0.9696808510638298 0.8890410958904109 0.0010638297872340426 0.0027397260273972603
0 0.9632978723404255 0.8931506849315068 0.009574468085106383 0.010958904109589041
0 0.9675531914893617 0.8835616438356164 0.0031914893617021275 0.00821917808219178
0 0.976063829787234 0.8753424657534247 0.0010638297872340426 0.0027397260273972603
0 0.9781914893617021 0.873972602739726 0.0010638297872340426 0.005479452054794521
0 0.6728723404255319 0.8616438356164383 0.0010638297872340426 0.0027397260273972603
0 0.9851063829787234 0.8493150684931506 0.00425531914893617 0.010958904109589041
0 0.649468085106383 0.8315068493150685 0.0010638297872340426 0.0027397260273972603
0 0.6462765957446809 0.8301369863013699 0.0031914893617021275 0.005479452054794521
0 0.9851063829787234 0.8328767123287671 0.00425531914893617 0.01643835616438356
0 0.6335106382978724 0.8095890410958904 0.0010638297872340426 0.0027397260273972603
0 0.9888297872340426 0.8082191780821918 0.0010638297872340426 0.005479452054794521
0 0.6234042553191489 0.8054794520547945 0.00425531914893617 0.010958904109589041
0 0.9952127659574468 0.7452054794520548 0.0010638297872340426 0.005479452054794521
0 0.597872340425532 0.7397260273972602 0.00425531914893617 0.010958904109589041
0 0.5962765957446808 0.7164383561643836 0.0010638297872340426 0.0027397260273972603
0 0.9904255319148936 0.6986301369863014 0.002127659574468085 0.005479452054794521
0 0.9946808510638298 0.6972602739726027 0.002127659574468085 0.00821917808219178
0 0.5888297872340426 0.6958904109589041 0.0031914893617021275 0.010958904109589041
0 0.9930851063829788 0.6904109589041096 0.0031914893617021275 0.010958904109589041
0 0.9952127659574468 0.6835616438356165 0.0010638297872340426 0.0027397260273972603
0 0.5845744680851064 0.678082191780822 0.0010638297872340426 0.0027397260273972603
0 0.5808510638297872 0.6753424657534246 0.00425531914893617 0.00821917808219178
0 0.9867021276595744 0.6561643835616439 0.0010638297872340426 0.0027397260273972603
0 0.9851063829787234 0.6410958904109589 0.002127659574468085 0.010958904109589041
0 0.9819148936170212 0.6342465753424658 0.002127659574468085 0.00821917808219178
0 0.9861702127659574 0.6328767123287671 0.002127659574468085 0.010958904109589041
0 0.9845744680851064 0.6246575342465753 0.0031914893617021275 0.010958904109589041
0 0.9867021276595744 0.6178082191780822 0.0010638297872340426 0.0027397260273972603
0 0.576063829787234 0.6123287671232877 0.0031914893617021275 0.0027397260273972603
0 0.2781914893617021 0.6123287671232877 0.0010638297872340426 0.0027397260273972603
0 0.2654255319148936 0.6123287671232877 0.0010638297872340426 0.0027397260273972603
0 0.23138297872340424 0.6123287671232877 0.0010638297872340426 0.0027397260273972603
0 0.2973404255319149 0.6109589041095891 0.0010638297872340426 0.005479452054794521
0 0.25585106382978723 0.6109589041095891 0.0010638297872340426 0.005479452054794521
0 0.24574468085106382 0.6095890410958904 0.002127659574468085 0.00821917808219178
0 0.23031914893617023 0.6095890410958904 0.005319148936170213 0.00821917808219178
0 0.2127659574468085 0.6068493150684932 0.01702127659574468 0.0027397260273972603
0 0.24202127659574468 0.6068493150684932 0.005319148936170213 0.00821917808219178
0 0.225 0.6068493150684932 0.005319148936170213 0.00821917808219178
0 0.2973404255319149 0.5986301369863014 0.0010638297872340426 0.0027397260273972603
0 0.32393617021276594 0.5904109589041096 0.0010638297872340426 0.0027397260273972603
0 0.31861702127659575 0.5904109589041096 0.0010638297872340426 0.0027397260273972603
0 0.31648936170212766 0.5904109589041096 0.0010638297872340426 0.0027397260273972603
0 0.17180851063829788 0.5904109589041096 0.0010638297872340426 0.0027397260273972603
0 0.1675531914893617 0.5904109589041096 0.0010638297872340426 0.0027397260273972603
0 0.15904255319148936 0.5904109589041096 0.0010638297872340426 0.0027397260273972603
0 0.3404255319148936 0.589041095890411 0.00425531914893617 0.005479452054794521
0 0.33617021276595743 0.589041095890411 0.002127659574468085 0.005479452054794521
0 0.32127659574468087 0.589041095890411 0.002127659574468085 0.005479452054794521
0 0.15478723404255318 0.589041095890411 0.0031914893617021275 0.005479452054794521
0 0.976063829787234 0.5931506849315068 0.005319148936170213 0.019178082191780823
0 0.33404255319148934 0.584931506849315 0.002127659574468085 0.0027397260273972603
0 0.32393617021276594 0.584931506849315 0.0010638297872340426 0.0027397260273972603
0 0.17287234042553193 0.584931506849315 0.0010638297872340426 0.0027397260273972603
0 0.1601063829787234 0.584931506849315 0.0010638297872340426 0.0027397260273972603
0 0.15425531914893617 0.5808219178082191 0.002127659574468085 0.005479452054794521
0 0.9765957446808511 0.5753424657534246 0.00425531914893617 0.010958904109589041
0 0.3579787234042553 0.5671232876712329 0.0031914893617021275 0.005479452054794521
0 0.12659574468085105 0.5671232876712329 0.002127659574468085 0.005479452054794521
0 0.13031914893617022 0.5602739726027397 0.0010638297872340426 0.0027397260273972603
0 0.9686170212765958 0.5506849315068493 0.0031914893617021275 0.005479452054794521
0 0.9627659574468085 0.5506849315068493 0.002127659574468085 0.005479452054794521
0 0.11223404255319148 0.5465753424657535 0.0010638297872340426 0.0027397260273972603
0 0.3728723404255319 0.5452054794520548 0.0031914893617021275 0.005479452054794521
0 0.9595744680851064 0.5301369863013699 0.00425531914893617 0.00821917808219178
0 0.9558510638297872 0.5273972602739726 0.0010638297872340426 0.0027397260273972603
0 0.38563829787234044 0.5246575342465754 0.0010638297872340426 0.0027397260273972603
0 0.09202127659574467 0.5246575342465754 0.0010638297872340426 0.0027397260273972603
0 0.08244680851063829 0.5246575342465754 0.0010638297872340426 0.0027397260273972603
0 0.0898936170212766 0.5219178082191781 0.0010638297872340426 0.0027397260273972603
0 0.07872340425531915 0.5219178082191781 0.00425531914893617 0.00821917808219178
0 0.9526595744680851 0.5068493150684932 0.0010638297872340426 0.005479452054794521
0 0.950531914893617 0.5054794520547945 0.0010638297872340426 0.0027397260273972603
0 0.075 0.5 0.0010638297872340426 0.0027397260273972603
0 0.04946808510638298 0.5013698630136987 0.0031914893617021275 0.005479452054794521
0 0.39893617021276595 0.4986301369863014 0.002127659574468085 0.010958904109589041
0 0.9367021276595745 0.4917808219178082 0.0010638297872340426 0.0027397260273972603
0 0.9356382978723404 0.4863013698630137 0.0010638297872340426 0.0027397260273972603
0 0.9425531914893617 0.4863013698630137 0.00425531914893617 0.00821917808219178
0 0.9388297872340425 0.48356164383561645 0.0010638297872340426 0.0027397260273972603
0 0.9335106382978723 0.4849315068493151 0.0010638297872340426 0.005479452054794521
0 0.40797872340425534 0.4808219178082192 0.0010638297872340426 0.0027397260273972603
0 0.03138297872340425 0.4808219178082192 0.0010638297872340426 0.0027397260273972603
0 0.05319148936170213 0.4794520547945205 0.002127659574468085 0.005479452054794521
0 0.5792553191489361 0.47534246575342465 0.0010638297872340426 0.0027397260273972603
0 0.054787234042553194 0.47534246575342465 0.0010638297872340426 0.0027397260273972603
0 0.9228723404255319 0.4643835616438356 0.0031914893617021275 0.00821917808219178
0 0.5797872340425532 0.46301369863013697 0.002127659574468085 0.005479452054794521
0 0.017553191489361703 0.4534246575342466 0.0010638297872340426 0.0027397260273972603
0 0.5877659574468085 0.44794520547945205 0.0010638297872340426 0.0027397260273972603
0 0.9175531914893617 0.4410958904109589 0.0031914893617021275 0.005479452054794521
0 0.42446808510638295 0.43561643835616437 0.002127659574468085 0.005479452054794521
0 0.901595744680851 0.426027397260274 0.0010638297872340426 0.0027397260273972603
0 0.898936170212766 0.4273972602739726 0.002127659574468085 0.005479452054794521
0 0.898936170212766 0.42054794520547945 0.00425531914893617 0.00821917808219178
0 0.8962765957446809 0.4178082191780822 0.0010638297872340426 0.0027397260273972603
0 0.8914893617021277 0.4191780821917808 0.002127659574468085 0.005479452054794521
0 0.8888297872340426 0.4178082191780822 0.0010638297872340426 0.0027397260273972603
0 0.8867021276595745 0.4178082191780822 0.0010638297872340426 0.0027397260273972603
0 0.5893617021276596 0.42191780821917807 0.00425531914893617 0.010958904109589041
0 0.425 0.4123287671232877 0.0010638297872340426 0.0027397260273972603
0 0.8845744680851064 0.4041095890410959 0.0010638297872340426 0.0027397260273972603
0 0.6047872340425532 0.4041095890410959 0.0010638297872340426 0.0027397260273972603
0 0.6047872340425532 0.39863013698630134 0.0010638297872340426 0.0027397260273972603
0 0.009042553191489361 0.3958904109589041 0.0010638297872340426 0.0027397260273972603
0 0.6132978723404255 0.38767123287671235 0.0010638297872340426 0.0027397260273972603
0 0.6186170212765958 0.3821917808219178 0.0010638297872340426 0.0027397260273972603
0 0.6143617021276596 0.3821917808219178 0.0031914893617021275 0.0027397260273972603
0 0.8324468085106383 0.37397260273972605 0.0010638297872340426 0.0027397260273972603
0 0.6148936170212767 0.37534246575342467 0.00425531914893617 0.005479452054794521
0 0.425 0.37397260273972605 0.0010638297872340426 0.0027397260273972603
0 0.009042553191489361 0.37123287671232874 0.0010638297872340426 0.0027397260273972603
0 0.0010638297872340426 0.3698630136986301 0.002127659574468085 0.005479452054794521
0 0.6484042553191489 0.3547945205479452 0.0010638297872340426 0.0027397260273972603
0 0.825 0.35205479452054794 0.0010638297872340426 0.0027397260273972603
0 0.6452127659574468 0.35205479452054794 0.0010638297872340426 0.0027397260273972603
0 0.6409574468085106 0.35205479452054794 0.0010638297872340426 0.0027397260273972603
0 0.7803191489361702 0.3356164383561644 0.0031914893617021275 0.00821917808219178
0 0.7728723404255319 0.33287671232876714 0.0010638297872340426 0.0027397260273972603
0 0.7925531914893617 0.3315068493150685 0.002127659574468085 0.005479452054794521
0 0.7888297872340425 0.33013698630136984 0.0010638297872340426 0.0027397260273972603
0 0.7824468085106383 0.33013698630136984 0.0010638297872340426 0.0027397260273972603
0 0.6813829787234043 0.33013698630136984 0.0010638297872340426 0.0027397260273972603
0 0.7829787234042553 0.6575342465753424 0.425531914893617 0.6575342465753424
0 0.423936170212766 0.33013698630136984 0.0010638297872340426 0.0027397260273972603
0 0.003723404255319149 0.3219178082191781 0.0010638297872340426 0.0027397260273972603
0 0.425 0.31095890410958904 0.0010638297872340426 0.0027397260273972603
0 0.42340425531914894 0.3041095890410959 0.00425531914893617 0.010958904109589041
0 0.423936170212766 0.29178082191780824 0.0031914893617021275 0.0136986301369863
0 0.0015957446808510637 0.26575342465753427 0.0031914893617021275 0.005479452054794521
0 0.41648936170212764 0.24794520547945206 0.0010638297872340426 0.0027397260273972603
0 0.40691489361702127 0.2219178082191781 0.0031914893617021275 0.005479452054794521
0 0.010106382978723405 0.2219178082191781 0.0031914893617021275 0.005479452054794521
0 0.399468085106383 0.2095890410958904 0.0010638297872340426 0.0027397260273972603
0 0.018085106382978722 0.20684931506849316 0.002127659574468085 0.0027397260273972603
0 0.3973404255319149 0.20136986301369864 0.0010638297872340426 0.0027397260273972603
0 0.399468085106383 0.2 0.0010638297872340426 0.005479452054794521
0 0.3946808510638298 0.2 0.002127659574468085 0.005479452054794521
0 0.021808510638297873 0.19726027397260273 0.0031914893617021275 0.010958904109589041
0 0.018085106382978722 0.1958904109589041 0.002127659574468085 0.0136986301369863
0 0.019680851063829788 0.1863013698630137 0.0031914893617021275 0.010958904109589041
0 0.017553191489361703 0.17945205479452056 0.0010638297872340426 0.0027397260273972603
0 0.02925531914893617 0.16027397260273973 0.0010638297872340426 0.0027397260273972603
0 0.3819148936170213 0.15753424657534246 0.002127659574468085 0.00821917808219178
0 0.37872340425531914 0.15753424657534246 0.002127659574468085 0.00821917808219178
0 0.03031914893617021 0.15616438356164383 0.0031914893617021275 0.005479452054794521
0 0.026595744680851064 0.15616438356164383 0.002127659574468085 0.005479452054794521
0 0.035106382978723406 0.14383561643835616 0.002127659574468085 0.00821917808219178
0 0.373936170212766 0.13424657534246576 0.0010638297872340426 0.005479452054794521
0 0.3718085106382979 0.13287671232876713 0.0010638297872340426 0.0027397260273972603
0 0.3569148936170213 0.12191780821917808 0.0010638297872340426 0.0027397260273972603
0 0.3547872340425532 0.1178082191780822 0.0031914893617021275 0.005479452054794521
0 0.3558510638297872 0.11095890410958904 0.0010638297872340426 0.0027397260273972603
0 0.3537234042553192 0.11095890410958904 0.0010638297872340426 0.0027397260273972603
0 0.04680851063829787 0.1136986301369863 0.002127659574468085 0.00821917808219178
0 0.043617021276595745 0.1136986301369863 0.002127659574468085 0.00821917808219178
0 0.05159574468085106 0.09452054794520548 0.0010638297872340426 0.0027397260273972603
0 0.3313829787234043 0.08904109589041095 0.0010638297872340426 0.0027397260273972603
0 0.31329787234042555 0.07945205479452055 0.0031914893617021275 0.010958904109589041
0 0.31063829787234043 0.07671232876712329 0.002127659574468085 0.005479452054794521
0 0.06861702127659575 0.07534246575342465 0.0010638297872340426 0.0027397260273972603
0 0.31436170212765957 0.06986301369863014 0.0010638297872340426 0.0027397260273972603
0 0.3101063829787234 0.0684931506849315 0.005319148936170213 0.005479452054794521
0 0.30531914893617024 0.07260273972602739 0.006382978723404255 0.0136986301369863
0 0.3 0.0684931506849315 0.002127659574468085 0.005479452054794521
0 0.29414893617021276 0.06712328767123288 0.0010638297872340426 0.0027397260273972603
0 0.08191489361702127 0.0684931506849315 0.002127659574468085 0.005479452054794521
0 0.26861702127659576 0.050684931506849315 0.005319148936170213 0.00821917808219178
0 0.2781914893617021 0.045205479452054796 0.0010638297872340426 0.0027397260273972603
0 0.2622340425531915 0.045205479452054796 0.0010638297872340426 0.0027397260273972603
0 0.2377659574468085 0.03424657534246575 0.0010638297872340426 0.0027397260273972603
0 0.225 0.031506849315068496 0.0010638297872340426 0.0027397260273972603
0 0.23617021276595745 0.028767123287671233 0.002127659574468085 0.0027397260273972603
0 0.14574468085106382 0.030136986301369864 0.002127659574468085 0.005479452054794521
0 0.2271276595744681 0.030136986301369864 0.0031914893617021275 0.010958904109589041
0 0.20797872340425533 0.026027397260273973 0.0010638297872340426 0.0027397260273972603
0 0.20585106382978724 0.026027397260273973 0.0010638297872340426 0.0027397260273972603
0 0.2377659574468085 0.023287671232876714 0.0010638297872340426 0.0027397260273972603
0 0.23404255319148937 0.024657534246575342 0.002127659574468085 0.005479452054794521
0 0.2297872340425532 0.024657534246575342 0.00425531914893617 0.005479452054794521
0 0.175 0.023287671232876714 0.0010638297872340426 0.0027397260273972603
0 0.16329787234042553 0.0273972602739726 0.02021276595744681 0.010958904109589041
0 0.2127659574468085 0.3178082191780822 0.425531914893617 0.5917808219178082
0 0.1452127659574468 0.023287671232876714 0.0010638297872340426 0.0027397260273972603
