0 0.2212566844919786 0.9992559523809523 0.001336898395721925 0.001488095238095238
0 0.16377005347593582 0.9992559523809523 0.001336898395721925 0.001488095238095238
0 0.22393048128342247 0.9985119047619048 0.001336898395721925 0.002976190476190476
0 0.13770053475935828 0.9985119047619048 0.00267379679144385 0.002976190476190476
0 0.03542780748663102 0.9873511904761905 0.001336898395721925 0.001488095238095238
0 0.032754010695187165 0.9873511904761905 0.001336898395721925 0.001488095238095238
0 0.22393048128342247 0.9828869047619048 0.001336898395721925 0.001488095238095238
0 0.03342245989304813 0.9836309523809523 0.00267379679144385 0.002976190476190476
0 0.22393048128342247 0.9575892857142857 0.001336898395721925 0.001488095238095238
0 0.22393048128342247 0.9546130952380952 0.001336898395721925 0.001488095238095238
0 0.2212566844919786 0.953125 0.001336898395721925 0.004464285714285714
0 0.22393048128342247 0.9501488095238095 0.001336898395721925 0.001488095238095238
0 0.030080213903743314 0.9508928571428571 0.001336898395721925 0.002976190476190476
0 0.2232620320855615 0.9464285714285714 0.00267379679144385 0.002976190476190476
0 0.022058823529411766 0.9263392857142857 0.001336898395721925 0.001488095238095238
0 0.23462566844919786 0.8936011904761905 0.001336898395721925 0.001488095238095238
0 0.016711229946524065 0.8809523809523809 0.001336898395721925 0.002976190476190476
0 0.23462566844919786 0.8787202380952381 0.001336898395721925 0.001488095238095238
0 0.21056149732620322 0.8727678571428571 0.001336898395721925 0.001488095238095238
0 0.20588235294117646 0.8705357142857143 0.0053475935828877 0.002976190476190476
0 0.18783422459893048 0.8697916666666666 0.001336898395721925 0.001488095238095238
0 0.1517379679144385 0.8697916666666666 0.001336898395721925 0.001488095238095238
0 0.1463903743315508 0.8705357142857143 0.004010695187165776 0.002976190476190476
0 0.04144385026737968 0.8638392857142857 0.00267379679144385 0.004464285714285714
0 0.04077540106951872 0.8586309523809523 0.004010695187165776 0.002976190476190476
0 0.24532085561497327 0.8549107142857143 0.001336898395721925 0.001488095238095238
0 0.2426470588235294 0.8511904761904762 0.004010695187165776 0.005952380952380952
0 0.23863636363636365 0.8340773809523809 0.004010695187165776 0.001488095238095238
0 0.056818181818181816 0.8325892857142857 0.001336898395721925 0.001488095238095238
0 0.19719251336898397 0.8311011904761905 0.001336898395721925 0.001488095238095238
0 0.06149732620320856 0.8311011904761905 0.0053475935828877 0.004464285714285714
0 0.20320855614973263 0.8296130952380952 0.008021390374331552 0.00744047619047619
0 0.1570855614973262 0.8206845238095238 0.001336898395721925 0.001488095238095238
0 0.12433155080213903 0.8206845238095238 0.00267379679144385 0.001488095238095238
0 0.1089572192513369 0.8206845238095238 0.001336898395721925 0.001488095238095238
0 0.08489304812834225 0.8206845238095238 0.001336898395721925 0.001488095238095238
0 0.08088235294117647 0.8206845238095238 0.001336898395721925 0.001488095238095238
0 0.07286096256684492 0.8206845238095238 0.001336898395721925 0.001488095238095238
0 0.10695187165775401 0.8184523809523809 0.00267379679144385 0.002976190476190476
0 0.07419786096256685 0.8147321428571429 0.001336898395721925 0.001488095238095238
0 0.03409090909090909 0.8102678571428571 0.004010695187165776 0.004464285714285714
0 0.23328877005347592 0.8058035714285714 0.001336898395721925 0.001488095238095238
0 0.23462566844919786 0.7976190476190477 0.001336898395721925 0.002976190476190476
0 0.2092245989304813 0.7894345238095238 0.001336898395721925 0.001488095238095238
0 0.21457219251336898 0.7879464285714286 0.001336898395721925 0.001488095238095238
0 0.21991978609625668 0.7864583333333334 0.001336898395721925 0.001488095238095238
0 0.21724598930481284 0.7864583333333334 0.001336898395721925 0.001488095238095238
0 0.7132352941176471 0.7849702380952381 0.001336898395721925 0.001488095238095238
0 0.6878342245989305 0.7849702380952381 0.001336898395721925 0.001488095238095238
0 0.6744652406417112 0.7849702380952381 0.001336898395721925 0.001488095238095238
0 0.641042780748663 0.7849702380952381 0.001336898395721925 0.001488095238095238
0 0.6156417112299465 0.7849702380952381 0.001336898395721925 0.001488095238095238
0 0.5481283422459893 0.7849702380952381 0.00267379679144385 0.001488095238095238
0 0.7479946524064172 0.7842261904761905 0.001336898395721925 0.002976190476190476
0 0.7259358288770054 0.7842261904761905 0.00267379679144385 0.002976190476190476
0 0.7025401069518716 0.7834821428571429 0.001336898395721925 0.001488095238095238
0 0.6985294117647058 0.7834821428571429 0.001336898395721925 0.001488095238095238
0 0.6450534759358288 0.7842261904761905 0.004010695187165776 0.002976190476190476
0 0.6330213903743316 0.7834821428571429 0.001336898395721925 0.001488095238095238
0 0.6116310160427807 0.7842261904761905 0.004010695187165776 0.002976190476190476
0 0.5421122994652406 0.7834821428571429 0.001336898395721925 0.001488095238095238
0 0.5381016042780749 0.7834821428571429 0.001336898395721925 0.001488095238095238
0 0.6550802139037433 0.7834821428571429 0.00267379679144385 0.004464285714285714
0 0.6189839572192514 0.7827380952380952 0.00267379679144385 0.002976190476190476
0 0.6156417112299465 0.7819940476190477 0.001336898395721925 0.001488095238095238
0 0.6838235294117647 0.7827380952380952 0.004010695187165776 0.005952380952380952
0 0.6370320855614974 0.7827380952380952 0.004010695187165776 0.005952380952380952
0 0.6109625668449198 0.7805059523809523 0.00267379679144385 0.001488095238095238
0 0.5421122994652406 0.7805059523809523 0.001336898395721925 0.001488095238095238
0 0.5381016042780749 0.7805059523809523 0.001336898395721925 0.001488095238095238
0 0.5140374331550802 0.7805059523809523 0.001336898395721925 0.001488095238095238
0 0.7479946524064172 0.7775297619047619 0.001336898395721925 0.001488095238095238
0 0.032754010695187165 0.7775297619047619 0.001336898395721925 0.001488095238095238
0 0.21323529411764705 0.7760416666666666 0.001336898395721925 0.001488095238095238
0 0.4859625668449198 0.7730654761904762 0.001336898395721925 0.001488095238095238
0 0.8001336898395722 0.7723214285714286 0.004010695187165776 0.002976190476190476
0 0.49866310160427807 0.7723214285714286 0.00267379679144385 0.002976190476190476
0 0.8008021390374331 0.7671130952380952 0.00267379679144385 0.004464285714285714
0 0.625 0.7626488095238095 0.001336898395721925 0.001488095238095238
0 0.6196524064171123 0.7626488095238095 0.001336898395721925 0.001488095238095238
0 0.6163101604278075 0.7626488095238095 0.00267379679144385 0.001488095238095238
0 0.053475935828877004 0.7626488095238095 0.00267379679144385 0.001488095238095238
0 0.8161764705882353 0.7611607142857143 0.001336898395721925 0.001488095238095238
0 0.8135026737967914 0.7611607142857143 0.001336898395721925 0.001488095238095238
0 0.5949197860962567 0.7619047619047619 0.00267379679144385 0.002976190476190476
0 0.6323529411764706 0.7596726190476191 0.00267379679144385 0.001488095238095238
0 0.4679144385026738 0.7604166666666666 0.0053475935828877 0.002976190476190476
0 0.4605614973262032 0.7604166666666666 0.0066844919786096255 0.002976190476190476
0 0.5942513368983957 0.7581845238095238 0.001336898395721925 0.001488095238095238
0 0.6330213903743316 0.7566964285714286 0.001336898395721925 0.001488095238095238
0 0.5969251336898396 0.7581845238095238 0.004010695187165776 0.010416666666666666
0 0.6383689839572193 0.7507440476190477 0.001336898395721925 0.001488095238095238
0 0.6350267379679144 0.7522321428571429 0.00267379679144385 0.004464285714285714
0 0.6323529411764706 0.7522321428571429 0.00267379679144385 0.004464285714285714
0 0.5982620320855615 0.7507440476190477 0.001336898395721925 0.001488095238095238
0 0.1891711229946524 0.7529761904761905 0.0066844919786096255 0.005952380952380952
0 0.4405080213903743 0.7485119047619048 0.001336898395721925 0.002976190476190476
0 0.8268716577540107 0.7462797619047619 0.001336898395721925 0.001488095238095238
0 0.4445187165775401 0.7477678571428571 0.004010695187165776 0.004464285714285714
0 0.8315508021390374 0.7470238095238095 0.0053475935828877 0.005952380952380952
0 0.5768716577540107 0.7447916666666666 0.001336898395721925 0.001488095238095238
0 0.16042780748663102 0.7418154761904762 0.00267379679144385 0.001488095238095238
0 0.15040106951871657 0.7425595238095238 0.001336898395721925 0.002976190476190476
0 0.17914438502673796 0.7410714285714286 0.0053475935828877 0.005952380952380952
0 0.16109625668449198 0.7388392857142857 0.001336898395721925 0.001488095238095238
0 0.15307486631016043 0.7395833333333334 0.004010695187165776 0.002976190476190476
0 0.5808823529411765 0.7373511904761905 0.001336898395721925 0.001488095238095238
0 0.39906417112299464 0.7373511904761905 0.001336898395721925 0.001488095238095238
0 0.3963903743315508 0.7373511904761905 0.001336898395721925 0.001488095238095238
0 0.8442513368983957 0.734375 0.001336898395721925 0.001488095238095238
0 0.08622994652406417 0.7313988095238095 0.001336898395721925 0.001488095238095238
0 0.12834224598930483 0.8653273809523809 0.23529411764705882 0.2693452380952381
0 0.3983957219251337 0.7313988095238095 0.0053475935828877 0.004464285714285714
0 0.09224598930481283 0.7336309523809523 0.008021390374331552 0.008928571428571428
0 0.08288770053475936 0.7299107142857143 0.00267379679144385 0.001488095238095238
0 0.643048128342246 0.7299107142857143 0.00267379679144385 0.004464285714285714
0 0.09358288770053476 0.7284226190476191 0.0053475935828877 0.004464285714285714
0 0.08890374331550802 0.7269345238095238 0.001336898395721925 0.001488095238095238
0 0.08355614973262032 0.7269345238095238 0.001336898395721925 0.001488095238095238
0 0.07754010695187166 0.7276785714285714 0.0053475935828877 0.002976190476190476
0 0.8482620320855615 0.7254464285714286 0.001336898395721925 0.001488095238095238
0 0.3669786096256685 0.7254464285714286 0.001336898395721925 0.001488095238095238
0 0.3643048128342246 0.7247023809523809 0.001336898395721925 0.002976190476190476
0 0.8536096256684492 0.7239583333333334 0.004010695187165776 0.004464285714285714
0 0.8656417112299465 0.7135416666666666 0.001336898395721925 0.001488095238095238
0 0.36163101604278075 0.7135416666666666 0.001336898395721925 0.001488095238095238
0 0.34558823529411764 0.7135416666666666 0.001336898395721925 0.001488095238095238
0 0.32085561497326204 0.7127976190476191 0.0053475935828877 0.002976190476190476
0 0.29745989304812837 0.7016369047619048 0.001336898395721925 0.001488095238095238
0 0.2800802139037433 0.7016369047619048 0.001336898395721925 0.001488095238095238
0 0.28342245989304815 0.7008928571428571 0.00267379679144385 0.002976190476190476
0 0.2787433155080214 0.6986607142857143 0.001336898395721925 0.001488095238095238
0 0.8743315508021391 0.6994047619047619 0.0053475935828877 0.005952380952380952
0 0.6203208556149733 0.6994047619047619 0.0106951871657754 0.005952380952380952
0 0.6310160427807486 0.6979166666666666 0.013368983957219251 0.008928571428571428
0 0.22927807486631016 0.6897321428571429 0.001336898395721925 0.001488095238095238
0 0.2266042780748663 0.6897321428571429 0.001336898395721925 0.001488095238095238
0 0.22192513368983957 0.6897321428571429 0.00267379679144385 0.001488095238095238
0 0.2038770053475936 0.6897321428571429 0.001336898395721925 0.001488095238095238
0 0.8743315508021391 0.6912202380952381 0.0053475935828877 0.00744047619047619
0 0.2586898395721925 0.6882440476190477 0.001336898395721925 0.001488095238095238
0 0.23863636363636365 0.6889880952380952 0.004010695187165776 0.002976190476190476
0 0.1824866310160428 0.6889880952380952 0.001336898395721925 0.002976190476190476
0 0.24532085561497327 0.6867559523809523 0.001336898395721925 0.001488095238095238
0 0.22794117647058823 0.6860119047619048 0.004010695187165776 0.002976190476190476
0 0.8756684491978609 0.6852678571428571 0.00267379679144385 0.004464285714285714
0 0.1824866310160428 0.6822916666666666 0.001336898395721925 0.001488095238095238
0 0.8803475935828877 0.6778273809523809 0.001336898395721925 0.001488095238095238
0 0.8850267379679144 0.6763392857142857 0.0053475935828877 0.004464285714285714
0 0.15975935828877005 0.6659226190476191 0.001336898395721925 0.001488095238095238
0 0.15508021390374332 0.6636904761904762 0.0053475935828877 0.005952380952380952
0 0.15040106951871657 0.6636904761904762 0.001336898395721925 0.005952380952380952
0 0.14772727272727273 0.6540178571428571 0.001336898395721925 0.001488095238095238
0 0.8937165775401069 0.6525297619047619 0.001336898395721925 0.001488095238095238
0 0.142379679144385 0.6436011904761905 0.001336898395721925 0.001488095238095238
0 0.13970588235294118 0.6272321428571429 0.001336898395721925 0.001488095238095238
0 0.14171122994652408 0.5982142857142857 0.0053475935828877 0.005952380952380952
0 0.14171122994652408 0.5803571428571429 0.0053475935828877 0.005952380952380952
0 0.14171122994652408 0.5729166666666666 0.0053475935828877 0.005952380952380952
0 0.9258021390374331 0.546875 0.001336898395721925 0.001488095238095238
0 0.9405080213903744 0.5230654761904762 0.001336898395721925 0.001488095238095238
0 0.9364973262032086 0.5215773809523809 0.001336898395721925 0.001488095238095238
0 0.9431818181818182 0.5111607142857143 0.001336898395721925 0.001488095238095238
0 0.9451871657754011 0.5096726190476191 0.00267379679144385 0.004464285714285714
0 0.9498663101604278 0.5081845238095238 0.004010695187165776 0.004464285714285714
0 0.14171122994652408 0.5081845238095238 0.0053475935828877 0.00744047619047619
0 0.9471925133689839 0.5022321428571429 0.001336898395721925 0.001488095238095238
0 0.9512032085561497 0.49330357142857145 0.001336898395721925 0.001488095238095238
0 0.9512032085561497 0.49032738095238093 0.001336898395721925 0.001488095238095238
0 0.10762032085561497 0.48735119047619047 0.001336898395721925 0.001488095238095238
0 0.09491978609625669 0.48660714285714285 0.00267379679144385 0.002976190476190476
0 0.9498663101604278 0.47470238095238093 0.004010695187165776 0.002976190476190476
0 0.9512032085561497 0.47098214285714285 0.001336898395721925 0.001488095238095238
0 0.9592245989304813 0.4635416666666667 0.001336898395721925 0.001488095238095238
0 0.08823529411764706 0.43154761904761907 0.0053475935828877 0.005952380952380952
0 0.09893048128342247 0.42038690476190477 0.0053475935828877 0.00744047619047619
0 0.1143048128342246 0.4055059523809524 0.001336898395721925 0.001488095238095238
0 0.10962566844919786 0.4069940476190476 0.0053475935828877 0.004464285714285714
0 0.18315508021390375 0.3638392857142857 0.00267379679144385 0.004464285714285714
0 0.9618983957219251 0.35788690476190477 0.001336898395721925 0.001488095238095238
0 0.18382352941176472 0.3586309523809524 0.004010695187165776 0.002976190476190476
0 0.21858288770053477 0.34672619047619047 0.001336898395721925 0.002976190476190476
0 0.21524064171122995 0.3474702380952381 0.00267379679144385 0.004464285714285714
0 0.9538770053475936 0.34375 0.001336898395721925 0.002976190476190476
0 0.9605614973262032 0.32589285714285715 0.001336898395721925 0.005952380952380952
0 0.9572192513368984 0.3244047619047619 0.00267379679144385 0.005952380952380952
0 0.9512032085561497 0.3162202380952381 0.001336898395721925 0.001488095238095238
0 0.22727272727272727 0.3125 0.0053475935828877 0.005952380952380952
0 0.24665775401069517 0.3013392857142857 0.001336898395721925 0.001488095238095238
0 0.24866310160427807 0.29836309523809523 0.00267379679144385 0.001488095238095238
0 0.28141711229946526 0.28720238095238093 0.004010695187165776 0.002976190476190476
0 0.26938502673796794 0.2864583333333333 0.001336898395721925 0.001488095238095238
0 0.2660427807486631 0.28720238095238093 0.00267379679144385 0.002976190476190476
0 0.9598930481283422 0.28273809523809523 0.0053475935828877 0.005952380952380952
0 0.2894385026737968 0.2775297619047619 0.001336898395721925 0.001488095238095238
0 0.9598930481283422 0.27529761904761907 0.0053475935828877 0.005952380952380952
0 0.2894385026737968 0.27306547619047616 0.001336898395721925 0.001488095238095238
0 0.9578877005347594 0.27157738095238093 0.001336898395721925 0.001488095238095238
0 0.2907754010695187 0.26339285714285715 0.004010695187165776 0.002976190476190476
0 0.9725935828877005 0.2611607142857143 0.001336898395721925 0.001488095238095238
0 0.9685828877005348 0.2537202380952381 0.001336898395721925 0.001488095238095238
0 0.9712566844919787 0.2544642857142857 0.004010695187165776 0.008928571428571428
0 0.3108288770053476 0.24776785714285715 0.001336898395721925 0.001488095238095238
0 0.9725935828877005 0.24479166666666666 0.001336898395721925 0.001488095238095238
0 0.3108288770053476 0.24479166666666666 0.001336898395721925 0.001488095238095238
0 0.3114973262032086 0.23586309523809523 0.00267379679144385 0.004464285714285714
0 0.3135026737967914 0.23214285714285715 0.004010695187165776 0.005952380952380952
0 0.3108288770053476 0.22842261904761904 0.001336898395721925 0.001488095238095238
0 0.9872994652406417 0.21354166666666666 0.004010695187165776 0.001488095238095238
0 0.33890374331550804 0.203125 0.001336898395721925 0.001488095238095238
0 0.3342245989304813 0.20461309523809523 0.0053475935828877 0.004464285714285714
0 0.3536096256684492 0.19866071428571427 0.001336898395721925 0.001488095238095238
0 0.3602941176470588 0.1956845238095238 0.001336898395721925 0.001488095238095238
0 0.3549465240641711 0.1956845238095238 0.004010695187165776 0.001488095238095238
0 0.35561497326203206 0.19196428571428573 0.0053475935828877 0.002976190476190476
0 0.39438502673796794 0.1800595238095238 0.00267379679144385 0.002976190476190476
0 0.9725935828877005 0.16889880952380953 0.001336898395721925 0.001488095238095238
0 0.9699197860962567 0.16741071428571427 0.001336898395721925 0.001488095238095238
0 0.4451871657754011 0.16815476190476192 0.00267379679144385 0.002976190476190476
0 0.48462566844919786 0.15848214285714285 0.001336898395721925 0.001488095238095238
0 0.9512032085561497 0.15773809523809523 0.001336898395721925 0.005952380952380952
0 0.946524064171123 0.15773809523809523 0.0053475935828877 0.005952380952380952
0 0.4832887700534759 0.15550595238095238 0.001336898395721925 0.001488095238095238
0 0.4712566844919786 0.15550595238095238 0.001336898395721925 0.001488095238095238
0 0.4659090909090909 0.15550595238095238 0.001336898395721925 0.001488095238095238
0 0.45254010695187163 0.15550595238095238 0.001336898395721925 0.001488095238095238
0 0.44986631016042783 0.15625 0.001336898395721925 0.002976190476190476
0 0.9405080213903744 0.14657738095238096 0.001336898395721925 0.001488095238095238
0 0.9385026737967914 0.14508928571428573 0.00267379679144385 0.004464285714285714
0 0.517379679144385 0.1331845238095238 0.008021390374331552 0.004464285714285714
0 0.9271390374331551 0.125 0.004010695187165776 0.005952380952380952
0 0.9298128342245989 0.1212797619047619 0.001336898395721925 0.001488095238095238
0 0.5481283422459893 0.12053571428571429 0.00267379679144385 0.002976190476190476
0 0.5441176470588235 0.12053571428571429 0.00267379679144385 0.002976190476190476
0 0.9124331550802139 0.10788690476190477 0.001336898395721925 0.001488095238095238
0 0.9097593582887701 0.10788690476190477 0.001336898395721925 0.001488095238095238
0 0.5588235294117647 0.11011904761904762 0.0053475935828877 0.005952380952380952
0 0.8816844919786097 0.0974702380952381 0.001336898395721925 0.001488095238095238
0 0.8790106951871658 0.0974702380952381 0.001336898395721925 0.001488095238095238
0 0.8723262032085561 0.09895833333333333 0.0066844919786096255 0.004464285714285714
0 0.5922459893048129 0.09598214285714286 0.00267379679144385 0.001488095238095238
0 0.8549465240641712 0.0900297619047619 0.001336898395721925 0.001488095238095238
0 0.8542780748663101 0.08556547619047619 0.00267379679144385 0.004464285714285714
0 0.6129679144385026 0.08407738095238096 0.001336898395721925 0.001488095238095238
0 0.6102941176470589 0.08482142857142858 0.001336898395721925 0.002976190476190476
0 0.8442513368983957 0.07663690476190477 0.001336898395721925 0.001488095238095238
0 0.8409090909090909 0.07738095238095238 0.00267379679144385 0.002976190476190476
0 0.642379679144385 0.07366071428571429 0.001336898395721925 0.001488095238095238
0 0.8409090909090909 0.07366071428571429 0.0053475935828877 0.004464285714285714
0 0.8375668449197861 0.07217261904761904 0.001336898395721925 0.001488095238095238
0 0.6330213903743316 0.07217261904761904 0.001336898395721925 0.001488095238095238
0 0.8228609625668449 0.061755952380952384 0.001336898395721925 0.001488095238095238
0 0.8221925133689839 0.057291666666666664 0.00267379679144385 0.004464285714285714
0 0.8201871657754011 0.05357142857142857 0.004010695187165776 0.005952380952380952
0 0.8228609625668449 0.04985119047619048 0.001336898395721925 0.001488095238095238
0 0.679144385026738 0.049107142857142856 0.00267379679144385 0.002976190476190476
0 0.6758021390374331 0.04836309523809524 0.001336898395721925 0.001488095238095238
0 0.6711229946524064 0.052083333333333336 0.008021390374331552 0.008928571428571428
0 0.6657754010695187 0.050595238095238096 0.0053475935828877 0.005952380952380952
0 0.8014705882352942 0.04389880952380952 0.001336898395721925 0.001488095238095238
0 0.8001336898395722 0.04092261904761905 0.004010695187165776 0.001488095238095238
0 0.7947860962566845 0.04092261904761905 0.001336898395721925 0.001488095238095238
0 0.7994652406417112 0.03720238095238095 0.0053475935828877 0.002976190476190476
0 0.7172459893048129 0.03050595238095238 0.001336898395721925 0.001488095238095238
0 0.7192513368983957 0.027529761904761904 0.00267379679144385 0.001488095238095238
0 0.7894385026737968 0.025297619047619048 0.004010695187165776 0.002976190476190476
0 0.7219251336898396 0.025297619047619048 0.00267379679144385 0.002976190476190476
0 0.7172459893048129 0.024553571428571428 0.001336898395721925 0.001488095238095238
0 0.767379679144385 0.01488095238095238 0.0053475935828877 0.005952380952380952
0 0.5401069518716578 0.39880952380952384 0.9090909090909091 0.7738095238095238
