0 0.7146050670640834 0.9987951807228915 0.0014903129657228018 0.0024096385542168677
0 0.7108792846497765 0.9987951807228915 0.0029806259314456036 0.0024096385542168677
0 0.5700447093889717 0.9987951807228915 0.0014903129657228018 0.0024096385542168677
0 0.5953800298062594 0.9975903614457832 0.0014903129657228018 0.004819277108433735
0 0.7131147540983607 0.9939759036144579 0.004470938897168405 0.0024096385542168677
0 0.7071535022354695 0.9939759036144579 0.0014903129657228018 0.0024096385542168677
0 0.589418777943368 0.9963855421686747 0.007451564828614009 0.007228915662650603
0 0.7146050670640834 0.9891566265060241 0.0014903129657228018 0.0024096385542168677
0 0.5521609538002981 0.9939759036144579 0.007451564828614009 0.012048192771084338
0 0.7563338301043219 0.9819277108433735 0.0014903129657228018 0.0024096385542168677
0 0.38226527570789864 0.9819277108433735 0.0014903129657228018 0.0024096385542168677
0 0.8099850968703428 0.980722891566265 0.0014903129657228018 0.004819277108433735
0 0.4038748137108793 0.980722891566265 0.005961251862891207 0.004819277108433735
0 0.38748137108792846 0.980722891566265 0.0029806259314456036 0.004819277108433735
0 0.38450074515648286 0.9771084337349397 0.0029806259314456036 0.0024096385542168677
0 0.7719821162444114 0.9783132530120482 0.005961251862891207 0.00963855421686747
0 0.38226527570789864 0.9722891566265061 0.0014903129657228018 0.0024096385542168677
0 0.3919523099850969 0.9722891566265061 0.0029806259314456036 0.007228915662650603
0 0.7160953800298062 0.9650602409638555 0.0014903129657228018 0.0024096385542168677
0 0.7719821162444114 0.9650602409638555 0.005961251862891207 0.012048192771084338
0 0.7719821162444114 0.9578313253012049 0.005961251862891207 0.007228915662650603
0 0.7876304023845008 0.9481927710843373 0.0014903129657228018 0.0024096385542168677
0 0.7742175856929955 0.9493975903614458 0.0014903129657228018 0.004819277108433735
0 0.7883755588673621 0.9421686746987952 0.0029806259314456036 0.004819277108433735
0 0.7123695976154992 0.9421686746987952 0.0029806259314456036 0.004819277108433735
0 0.9113263785394933 0.9228915662650602 0.004470938897168405 0.004819277108433735
0 0.334575260804769 0.9216867469879518 0.0014903129657228018 0.0024096385542168677
0 0.2749627421758569 0.9216867469879518 0.0014903129657228018 0.0024096385542168677
0 0.9388971684053651 0.9204819277108434 0.005961251862891207 0.00963855421686747
0 0.3360655737704918 0.9168674698795181 0.0014903129657228018 0.0024096385542168677
0 0.2786885245901639 0.9204819277108434 0.0029806259314456036 0.00963855421686747
0 0.2749627421758569 0.9144578313253012 0.0014903129657228018 0.0024096385542168677
0 0.334575260804769 0.9120481927710843 0.0014903129657228018 0.0024096385542168677
0 0.6177347242921013 0.908433734939759 0.004470938897168405 0.004819277108433735
0 0.3301043219076006 0.9048192771084337 0.0014903129657228018 0.0024096385542168677
0 0.30178837555886734 0.9048192771084337 0.0014903129657228018 0.0024096385542168677
0 0.3137108792846498 0.9036144578313253 0.004470938897168405 0.004819277108433735
0 0.9485842026825634 0.9024096385542169 0.007451564828614009 0.007228915662650603
0 0.801043219076006 0.8903614457831325 0.0014903129657228018 0.0024096385542168677
0 0.2630402384500745 0.8903614457831325 0.0014903129657228018 0.0024096385542168677
0 0.8315946348733234 0.891566265060241 0.005961251862891207 0.00963855421686747
0 0.7958271236959762 0.8891566265060241 0.0029806259314456036 0.004819277108433735
0 0.7734724292101341 0.8891566265060241 0.0029806259314456036 0.004819277108433735
0 0.7652757078986587 0.8891566265060241 0.004470938897168405 0.004819277108433735
0 0.7690014903129657 0.9349397590361446 0.13114754098360656 0.0963855421686747
0 0.9649776453055141 0.8855421686746988 0.0014903129657228018 0.0024096385542168677
0 0.6639344262295082 0.8855421686746988 0.0014903129657228018 0.0024096385542168677
0 0.2496274217585693 0.8855421686746988 0.0014903129657228018 0.0024096385542168677
0 0.2466467958271237 0.8855421686746988 0.0014903129657228018 0.0024096385542168677
0 0.6669150521609538 0.8843373493975903 0.0014903129657228018 0.004819277108433735
0 0.6192250372578242 0.8783132530120482 0.0014903129657228018 0.0024096385542168677
0 0.9992548435171386 0.8662650602409638 0.0014903129657228018 0.0024096385542168677
0 0.9895678092399404 0.8662650602409638 0.0029806259314456036 0.0024096385542168677
0 0.7131147540983607 0.8662650602409638 0.0014903129657228018 0.0024096385542168677
0 0.6318926974664679 0.8662650602409638 0.0029806259314456036 0.0024096385542168677
0 0.6371087928464978 0.8650602409638555 0.004470938897168405 0.004819277108433735
0 0.6266766020864382 0.8650602409638555 0.004470938897168405 0.004819277108433735
0 0.7146050670640834 0.8614457831325302 0.0014903129657228018 0.0024096385542168677
0 0.22727272727272727 0.8542168674698796 0.0014903129657228018 0.0024096385542168677
0 0.7622950819672131 0.844578313253012 0.0014903129657228018 0.0024096385542168677
0 0.9433681073025335 0.8397590361445784 0.0029806259314456036 0.007228915662650603
0 0.8114754098360656 0.827710843373494 0.0014903129657228018 0.0024096385542168677
0 0.8315946348733234 0.8240963855421687 0.005961251862891207 0.00963855421686747
0 0.8152011922503726 0.8240963855421687 0.0029806259314456036 0.00963855421686747
0 0.8114754098360656 0.8216867469879519 0.0014903129657228018 0.004819277108433735
0 0.8248882265275708 0.8216867469879519 0.010432190760059613 0.014457831325301205
0 0.8502235469448585 0.808433734939759 0.0014903129657228018 0.0024096385542168677
0 0.8338301043219076 0.8060240963855422 0.0014903129657228018 0.0024096385542168677
0 0.7868852459016393 0.8072289156626506 0.0029806259314456036 0.004819277108433735
0 0.8554396423248882 0.8060240963855422 0.005961251862891207 0.007228915662650603
0 0.9992548435171386 0.8012048192771084 0.0014903129657228018 0.0024096385542168677
0 0.9426229508196722 0.8012048192771084 0.0014903129657228018 0.0024096385542168677
0 0.8472429210134128 0.8012048192771084 0.0014903129657228018 0.0024096385542168677
0 0.8859910581222057 0.7987951807228916 0.0014903129657228018 0.0024096385542168677
0 0.9947839046199702 0.7891566265060241 0.0014903129657228018 0.0024096385542168677
0 0.9217585692995529 0.7891566265060241 0.0014903129657228018 0.0024096385542168677
0 0.9456035767511177 0.7843373493975904 0.0014903129657228018 0.0024096385542168677
0 0.9426229508196722 0.7855421686746988 0.0014903129657228018 0.004819277108433735
0 0.9113263785394933 0.7843373493975904 0.0014903129657228018 0.0024096385542168677
0 0.9068554396423248 0.7843373493975904 0.004470938897168405 0.007228915662650603
0 0.9977645305514158 0.7771084337349398 0.0014903129657228018 0.0024096385542168677
0 0.9456035767511177 0.772289156626506 0.0014903129657228018 0.0024096385542168677
0 0.8800298062593145 0.7698795180722892 0.0014903129657228018 0.0024096385542168677
0 0.9411326378539493 0.7674698795180723 0.0014903129657228018 0.0024096385542168677
0 0.8763040238450075 0.7674698795180723 0.0029806259314456036 0.0024096385542168677
0 0.20417287630402384 0.7650602409638554 0.0029806259314456036 0.007228915662650603
0 0.9381520119225037 0.7614457831325301 0.004470938897168405 0.00963855421686747
0 0.20491803278688525 0.7578313253012048 0.0014903129657228018 0.0024096385542168677
0 0.940387481371088 0.755421686746988 0.0029806259314456036 0.007228915662650603
0 0.9992548435171386 0.7506024096385542 0.0014903129657228018 0.0024096385542168677
0 0.944113263785395 0.7506024096385542 0.0014903129657228018 0.0024096385542168677
0 0.20342771982116245 0.7506024096385542 0.0014903129657228018 0.0024096385542168677
0 0.9396423248882265 0.7493975903614458 0.004470938897168405 0.004819277108433735
0 0.20491803278688525 0.7457831325301205 0.0014903129657228018 0.0024096385542168677
0 0.20789865871833085 0.7433734939759036 0.0014903129657228018 0.0024096385542168677
0 0.9992548435171386 0.7337349397590361 0.0014903129657228018 0.0024096385542168677
0 0.2466467958271237 0.7337349397590361 0.0014903129657228018 0.0024096385542168677
0 0.20566318926974664 0.7373493975903614 0.005961251862891207 0.00963855421686747
0 0.1810730253353204 0.7301204819277108 0.010432190760059613 0.004819277108433735
0 0.169150521609538 0.7301204819277108 0.004470938897168405 0.004819277108433735
0 0.9828614008941878 0.7144578313253012 0.0014903129657228018 0.0024096385542168677
0 0.2511177347242921 0.7072289156626506 0.0014903129657228018 0.0024096385542168677
0 0.19895678092399405 0.708433734939759 0.007451564828614009 0.00963855421686747
0 0.9769001490312966 0.7024096385542169 0.0014903129657228018 0.0024096385542168677
0 0.9769001490312966 0.6975903614457831 0.0014903129657228018 0.0024096385542168677
0 0.9724292101341282 0.6951807228915663 0.0014903129657228018 0.0024096385542168677
0 0.2391952309985097 0.6903614457831325 0.0014903129657228018 0.0024096385542168677
0 0.2421758569299553 0.6879518072289157 0.0014903129657228018 0.007228915662650603
0 0.2391952309985097 0.6831325301204819 0.0014903129657228018 0.0024096385542168677
0 0.9769001490312966 0.6710843373493975 0.0014903129657228018 0.0024096385542168677
0 0.1557377049180328 0.6710843373493975 0.0014903129657228018 0.0024096385542168677
0 0.22950819672131148 0.6698795180722892 0.005961251862891207 0.00963855421686747
0 0.973919523099851 0.6650602409638554 0.004470938897168405 0.00963855421686747
0 0.1587183308494784 0.6650602409638554 0.004470938897168405 0.00963855421686747
0 0.970193740685544 0.6578313253012048 0.0029806259314456036 0.004819277108433735
0 0.15648286140089418 0.6578313253012048 0.0029806259314456036 0.00963855421686747
0 0.06780923994038748 0.6542168674698795 0.0014903129657228018 0.0024096385542168677
0 0.02608047690014903 0.6518072289156627 0.0014903129657228018 0.0024096385542168677
0 0.20417287630402384 0.6518072289156627 0.00894187779433681 0.007228915662650603
0 0.06631892697466468 0.6493975903614457 0.0014903129657228018 0.0024096385542168677
0 0.9679582712369598 0.6385542168674698 0.0014903129657228018 0.004819277108433735
0 0.1572280178837556 0.636144578313253 0.004470938897168405 0.004819277108433735
0 0.09239940387481371 0.6313253012048192 0.005961251862891207 0.00963855421686747
0 0.1557377049180328 0.6228915662650603 0.0014903129657228018 0.0024096385542168677
0 0.1512667660208644 0.6108433734939759 0.0014903129657228018 0.0024096385542168677
0 0.14605067064083457 0.6120481927710844 0.005961251862891207 0.00963855421686747
0 0.026825633383010434 0.6024096385542169 0.005961251862891207 0.00963855421686747
0 0.12742175856929955 0.5963855421686747 0.0014903129657228018 0.0024096385542168677
0 0.12146050670640834 0.5939759036144578 0.007451564828614009 0.007228915662650603
0 0.11549925484351714 0.5879518072289157 0.004470938897168405 0.00963855421686747
0 0.038748137108792845 0.5831325301204819 0.005961251862891207 0.00963855421686747
0 0.04843517138599106 0.572289156626506 0.0014903129657228018 0.0024096385542168677
0 0.9634873323397913 0.555421686746988 0.0014903129657228018 0.0024096385542168677
0 0.04843517138599106 0.5240963855421686 0.0014903129657228018 0.0024096385542168677
0 0.9560357675111774 0.5216867469879518 0.0014903129657228018 0.0024096385542168677
0 0.9530551415797317 0.5072289156626506 0.0014903129657228018 0.0024096385542168677
0 0.9292101341281669 0.46626506024096387 0.0014903129657228018 0.0024096385542168677
0 0.9292101341281669 0.4614457831325301 0.0014903129657228018 0.0024096385542168677
0 0.06482861400894188 0.4469879518072289 0.0014903129657228018 0.0024096385542168677
0 0.06780923994038748 0.44457831325301206 0.0014903129657228018 0.0024096385542168677
0 0.05886736214605067 0.44457831325301206 0.0014903129657228018 0.0024096385542168677
0 0.04992548435171386 0.4457831325301205 0.004470938897168405 0.004819277108433735
0 0.07973174366616989 0.42530120481927713 0.0014903129657228018 0.0024096385542168677
0 0.07377049180327869 0.42771084337349397 0.004470938897168405 0.007228915662650603
0 0.08718330849478391 0.40602409638554215 0.0014903129657228018 0.0024096385542168677
0 0.08420268256333831 0.4072289156626506 0.0014903129657228018 0.004819277108433735
0 0.9523099850968704 0.38433734939759034 0.0029806259314456036 0.0024096385542168677
0 0.9523099850968704 0.3795180722891566 0.0029806259314456036 0.0024096385542168677
0 0.9530551415797317 0.3746987951807229 0.0014903129657228018 0.0024096385542168677
0 0.10804769001490314 0.3457831325301205 0.0014903129657228018 0.0024096385542168677
0 0.10804769001490314 0.336144578313253 0.0014903129657228018 0.0024096385542168677
0 0.11997019374068554 0.3216867469879518 0.0014903129657228018 0.0024096385542168677
0 0.13040238450074515 0.3144578313253012 0.0014903129657228018 0.0024096385542168677
0 0.9560357675111774 0.3108433734939759 0.0014903129657228018 0.004819277108433735
0 0.13189269746646795 0.3108433734939759 0.004470938897168405 0.004819277108433735
0 0.14381520119225039 0.29759036144578316 0.0014903129657228018 0.0024096385542168677
0 0.14903129657228018 0.29156626506024097 0.0029806259314456036 0.004819277108433735
0 0.14381520119225039 0.29036144578313255 0.0014903129657228018 0.0024096385542168677
0 0.1795827123695976 0.2783132530120482 0.0014903129657228018 0.0024096385542168677
0 0.19821162444113263 0.27228915662650605 0.0029806259314456036 0.004819277108433735
0 0.8576751117734724 0.26867469879518074 0.0014903129657228018 0.0024096385542168677
0 0.9508196721311475 0.25662650602409637 0.005961251862891207 0.012048192771084338
0 0.9157973174366617 0.25180722891566265 0.0014903129657228018 0.0024096385542168677
0 0.8561847988077497 0.23373493975903614 0.004470938897168405 0.004819277108433735
0 0.28688524590163933 0.2325301204819277 0.0014903129657228018 0.0024096385542168677
0 0.8450074515648286 0.2216867469879518 0.0029806259314456036 0.004819277108433735
0 0.8368107302533532 0.21807228915662652 0.0014903129657228018 0.0024096385542168677
0 0.30625931445603577 0.21807228915662652 0.0014903129657228018 0.0024096385542168677
0 0.8442622950819673 0.21445783132530122 0.004470938897168405 0.004819277108433735
0 0.8383010432190761 0.21325301204819277 0.0014903129657228018 0.0024096385542168677
0 0.30104321907600595 0.21686746987951808 0.005961251862891207 0.00963855421686747
0 0.7958271236959762 0.19759036144578312 0.005961251862891207 0.00963855421686747
0 0.3107302533532042 0.16265060240963855 0.0014903129657228018 0.0024096385542168677
0 0.7622950819672131 0.13855421686746988 0.0014903129657228018 0.0024096385542168677
0 0.35991058122205666 0.13614457831325302 0.0014903129657228018 0.0024096385542168677
0 0.3301043219076006 0.13734939759036144 0.007451564828614009 0.004819277108433735
0 0.7608047690014903 0.13373493975903614 0.004470938897168405 0.007228915662650603
0 0.6311475409836066 0.12891566265060242 0.0014903129657228018 0.0024096385542168677
0 0.7622950819672131 0.12409638554216867 0.0014903129657228018 0.0024096385542168677
0 0.7622950819672131 0.1180722891566265 0.0014903129657228018 0.004819277108433735
0 0.646795827123696 0.12048192771084337 0.005961251862891207 0.00963855421686747
0 0.6311475409836066 0.1180722891566265 0.0014903129657228018 0.004819277108433735
0 0.6073025335320418 0.11686746987951807 0.0014903129657228018 0.0024096385542168677
0 0.6020864381520119 0.1180722891566265 0.0029806259314456036 0.004819277108433735
0 0.5983606557377049 0.11686746987951807 0.0014903129657228018 0.0024096385542168677
0 0.5342771982116244 0.10240963855421686 0.0014903129657228018 0.0024096385542168677
0 0.6788375558867362 0.09879518072289156 0.004470938897168405 0.004819277108433735
0 0.529806259314456 0.09879518072289156 0.004470938897168405 0.004819277108433735
0 0.40312965722801786 0.09879518072289156 0.0014903129657228018 0.004819277108433735
0 0.5238450074515648 0.08795180722891566 0.0014903129657228018 0.0024096385542168677
0 0.5208643815201193 0.08433734939759036 0.004470938897168405 0.004819277108433735
0 0.7466467958271237 0.0855421686746988 0.00894187779433681 0.016867469879518072
0 0.7414307004470939 0.0783132530120482 0.0014903129657228018 0.0024096385542168677
0 0.7384500745156483 0.08072289156626505 0.004470938897168405 0.007228915662650603
0 0.522354694485842 0.0783132530120482 0.0014903129657228018 0.0024096385542168677
0 0.5193740685543964 0.0783132530120482 0.0014903129657228018 0.0024096385542168677
0 0.4061102831594635 0.07349397590361446 0.0014903129657228018 0.0024096385542168677
0 0.5 0.06385542168674699 0.0014903129657228018 0.0024096385542168677
0 0.48658718330849476 0.06385542168674699 0.0014903129657228018 0.0024096385542168677
0 0.4970193740685544 0.05903614457831325 0.0014903129657228018 0.0024096385542168677
0 0.4821162444113264 0.060240963855421686 0.004470938897168405 0.004819277108433735
0 0.4761549925484352 0.04096385542168675 0.0014903129657228018 0.004819277108433735
0 0.4731743666169896 0.03975903614457831 0.0014903129657228018 0.0024096385542168677
0 0.4642324888226528 0.03975903614457831 0.0014903129657228018 0.0024096385542168677
0 0.4612518628912072 0.03975903614457831 0.0014903129657228018 0.0024096385542168677
0 0.4523099850968703 0.021686746987951807 0.0014903129657228018 0.004819277108433735
0 0.4493293591654247 0.020481927710843374 0.0014903129657228018 0.0024096385542168677
0 0.43293591654247393 0.020481927710843374 0.0014903129657228018 0.0024096385542168677
0 0.5119225037257824 0.5096385542168674 0.9761549925484352 0.980722891566265
