0 0.48911070780399274 0.806930693069307 0.0018148820326678765 0.0019801980198019802
0 0.4691470054446461 0.806930693069307 0.0018148820326678765 0.0019801980198019802
0 0.4627949183303085 0.805940594059406 0.003629764065335753 0.0039603960396039604
0 0.5045372050816697 0.803960396039604 0.007259528130671506 0.007920792079207921
0 0.49727767695099817 0.801980198019802 0.010889292196007259 0.011881188118811881
0 0.5127041742286751 0.7910891089108911 0.0018148820326678765 0.0019801980198019802
0 0.5054446460980037 0.7930693069306931 0.009074410163339383 0.009900990099009901
0 0.5335753176043557 0.7881188118811882 0.007259528130671506 0.007920792079207921
0 0.4246823956442831 0.7881188118811882 0.007259528130671506 0.007920792079207921
0 0.4455535390199637 0.7871287128712872 0.0054446460980036296 0.009900990099009901
0 0.5217785843920145 0.7861386138613862 0.019963702359346643 0.011881188118811881
0 0.08983666061705989 0.7742574257425743 0.0054446460980036296 0.0039603960396039604
0 0.11524500907441017 0.7712871287128713 0.0018148820326678765 0.0019801980198019802
0 0.11252268602540835 0.7732673267326733 0.003629764065335753 0.005940594059405941
0 0.10435571687840291 0.7732673267326733 0.009074410163339383 0.005940594059405941
0 0.5771324863883848 0.7722772277227723 0.007259528130671506 0.007920792079207921
0 0.5453720508166969 0.7712871287128713 0.009074410163339383 0.005940594059405941
0 0.22050816696914702 0.7594059405940594 0.0018148820326678765 0.0019801980198019802
0 0.23411978221415608 0.7584158415841584 0.003629764065335753 0.0039603960396039604
0 0.24591651542649728 0.7455445544554455 0.0018148820326678765 0.0019801980198019802
0 0.5834845735027223 0.7415841584158416 0.0018148820326678765 0.0019801980198019802
0 0.6088929219600726 0.7396039603960396 0.0018148820326678765 0.0019801980198019802
0 0.1896551724137931 0.7396039603960396 0.0018148820326678765 0.0019801980198019802
0 0.24591651542649728 0.7376237623762376 0.0018148820326678765 0.0019801980198019802
0 0.2422867513611615 0.7267326732673267 0.009074410163339383 0.007920792079207921
0 0.1560798548094374 0.7247524752475247 0.007259528130671506 0.007920792079207921
0 0.5725952813067151 0.7178217821782178 0.0018148820326678765 0.0019801980198019802
0 0.2177858439201452 0.7376237623762376 0.05807622504537205 0.04554455445544554
0 0.6088929219600726 0.7138613861386138 0.0018148820326678765 0.0019801980198019802
0 0.604355716878403 0.7148514851485148 0.003629764065335753 0.0039603960396039604
0 0.19237749546279492 0.7168316831683168 0.007259528130671506 0.007920792079207921
0 0.10617059891107078 0.7138613861386138 0.0018148820326678765 0.0019801980198019802
0 0.10254083484573502 0.7148514851485148 0.0018148820326678765 0.0039603960396039604
0 0.5753176043557169 0.7128712871287128 0.003629764065335753 0.0039603960396039604
0 0.5798548094373865 0.7138613861386138 0.009074410163339383 0.009900990099009901
0 0.28584392014519056 0.7099009900990099 0.0018148820326678765 0.0019801980198019802
0 0.28039927404718695 0.7099009900990099 0.0018148820326678765 0.0019801980198019802
0 0.30127041742286753 0.7089108910891089 0.007259528130671506 0.007920792079207921
0 0.294010889292196 0.7069306930693069 0.010889292196007259 0.011881188118811881
0 0.12159709618874773 0.7079207920792079 0.010889292196007259 0.013861386138613862
0 0.4537205081669691 0.7019801980198019 0.007259528130671506 0.009900990099009901
0 0.12613430127041741 0.698019801980198 0.0018148820326678765 0.0019801980198019802
0 0.11978221415607986 0.7 0.007259528130671506 0.005940594059405941
0 0.5916515426497277 0.695049504950495 0.003629764065335753 0.0039603960396039604
0 0.588929219600726 0.692079207920792 0.0018148820326678765 0.0019801980198019802
0 0.4673321234119782 0.6831683168316832 0.0054446460980036296 0.0039603960396039604
0 0.48003629764065336 0.6722772277227723 0.0018148820326678765 0.0019801980198019802
0 0.13611615245009073 0.6841584158415842 0.010889292196007259 0.0297029702970297
0 0.48366606170598914 0.6663366336633664 0.0018148820326678765 0.0019801980198019802
0 0.48003629764065336 0.6663366336633664 0.0018148820326678765 0.0019801980198019802
0 0.14065335753176045 0.6663366336633664 0.0018148820326678765 0.0019801980198019802
0 0.13430127041742287 0.6683168316831684 0.007259528130671506 0.005940594059405941
0 0.33484573502722326 0.6643564356435644 0.0018148820326678765 0.0019801980198019802
0 0.31851179673321234 0.6623762376237624 0.0018148820326678765 0.0019801980198019802
0 0.14791288566243194 0.6643564356435644 0.0054446460980036296 0.005940594059405941
0 0.35934664246823955 0.6613861386138614 0.007259528130671506 0.007920792079207921
0 0.3157894736842105 0.6653465346534654 0.007259528130671506 0.015841584158415842
0 0.6088929219600726 0.6564356435643565 0.0018148820326678765 0.0019801980198019802
0 0.3566243194192377 0.6564356435643565 0.0018148820326678765 0.0019801980198019802
0 0.31851179673321234 0.6564356435643565 0.0018148820326678765 0.0019801980198019802
0 0.3602540834845735 0.6544554455445545 0.0018148820326678765 0.0019801980198019802
0 0.14791288566243194 0.6554455445544555 0.0018148820326678765 0.007920792079207921
0 0.5617059891107078 0.6504950495049505 0.0018148820326678765 0.0019801980198019802
0 0.5544464609800362 0.6504950495049505 0.0018148820326678765 0.0019801980198019802
0 0.5181488203266787 0.6504950495049505 0.0018148820326678765 0.0019801980198019802
0 0.5117967332123412 0.6524752475247525 0.007259528130671506 0.005940594059405941
0 0.15245009074410162 0.6534653465346535 0.003629764065335753 0.007920792079207921
0 0.5816696914700544 0.6455445544554456 0.0018148820326678765 0.0039603960396039604
0 0.40199637023593465 0.6376237623762376 0.0054446460980036296 0.0039603960396039604
0 0.4092558983666062 0.6326732673267327 0.0018148820326678765 0.0019801980198019802
0 0.574410163339383 0.6316831683168317 0.0054446460980036296 0.0039603960396039604
0 0.5680580762250453 0.6316831683168317 0.003629764065335753 0.0039603960396039604
0 0.5725952813067151 0.6287128712871287 0.0018148820326678765 0.0019801980198019802
0 0.662431941923775 0.6168316831683168 0.003629764065335753 0.0019801980198019802
0 0.5390199637023594 0.6148514851485148 0.003629764065335753 0.0019801980198019802
0 0.16061705989110708 0.6148514851485148 0.0018148820326678765 0.0019801980198019802
0 0.6669691470054446 0.6128712871287129 0.0018148820326678765 0.0019801980198019802
0 0.6633393829401089 0.6128712871287129 0.0018148820326678765 0.0019801980198019802
0 0.4537205081669691 0.6138613861386139 0.007259528130671506 0.007920792079207921
0 0.46098003629764067 0.6118811881188119 0.010889292196007259 0.011881188118811881
0 0.4437386569872958 0.600990099009901 0.0018148820326678765 0.0019801980198019802
0 0.6669691470054446 0.5881188118811881 0.0018148820326678765 0.0039603960396039604
0 0.6633393829401089 0.5871287128712871 0.0018148820326678765 0.0019801980198019802
0 0.20054446460980035 0.5871287128712871 0.0018148820326678765 0.0019801980198019802
0 0.16333938294010888 0.5900990099009901 0.007259528130671506 0.007920792079207921
0 0.6361161524500908 0.5722772277227722 0.0054446460980036296 0.0039603960396039604
0 0.6152450090744102 0.5722772277227722 0.003629764065335753 0.0039603960396039604
0 0.5862068965517241 0.5554455445544555 0.003629764065335753 0.0019801980198019802
0 0.411070780399274 0.5554455445544555 0.0018148820326678765 0.0019801980198019802
0 0.5780399274047187 0.5534653465346535 0.009074410163339383 0.009900990099009901
0 0.20508166969147004 0.5495049504950495 0.003629764065335753 0.005940594059405941
0 0.4364791288566243 0.5435643564356436 0.0018148820326678765 0.0019801980198019802
0 0.20598911070780399 0.5435643564356436 0.0054446460980036296 0.005940594059405941
0 0.5771324863883848 0.5425742574257426 0.007259528130671506 0.007920792079207921
0 0.39655172413793105 0.5396039603960396 0.0018148820326678765 0.0019801980198019802
0 0.48003629764065336 0.5297029702970297 0.0018148820326678765 0.0019801980198019802
0 0.19328493647912887 0.5336633663366337 0.0054446460980036296 0.009900990099009901
0 0.1896551724137931 0.5257425742574258 0.0018148820326678765 0.0019801980198019802
0 0.5254083484573503 0.5237623762376238 0.0018148820326678765 0.0019801980198019802
0 0.19237749546279492 0.5118811881188119 0.007259528130671506 0.009900990099009901
0 0.4047186932849365 0.5079207920792079 0.003629764065335753 0.005940594059405941
0 0.20417422867513613 0.498019801980198 0.0018148820326678765 0.0019801980198019802
0 0.4010889292196007 0.499009900990099 0.010889292196007259 0.011881188118811881
0 0.20417422867513613 0.49405940594059405 0.0018148820326678765 0.0019801980198019802
0 0.4029038112522686 0.4910891089108911 0.003629764065335753 0.0039603960396039604
0 0.4283121597096189 0.47425742574257423 0.003629764065335753 0.0019801980198019802
0 0.4147005444646098 0.47425742574257423 0.0018148820326678765 0.0019801980198019802
0 0.4627949183303085 0.47227722772277225 0.003629764065335753 0.005940594059405941
0 0.46370235934664245 0.4623762376237624 0.0018148820326678765 0.0019801980198019802
0 0.5653357531760436 0.4405940594059406 0.0018148820326678765 0.0019801980198019802
0 0.17785843920145192 0.4396039603960396 0.007259528130671506 0.007920792079207921
0 0.5607985480943739 0.4376237623762376 0.010889292196007259 0.011881188118811881
0 0.5725952813067151 0.4267326732673267 0.0018148820326678765 0.0019801980198019802
0 0.1751361161524501 0.4 0.0018148820326678765 0.0039603960396039604
0 0.3874773139745917 0.38712871287128714 0.0018148820326678765 0.0019801980198019802
0 0.52994555353902 0.3821782178217822 0.007259528130671506 0.0039603960396039604
0 0.5181488203266787 0.3811881188118812 0.0018148820326678765 0.0019801980198019802
0 0.4691470054446461 0.3811881188118812 0.0018148820326678765 0.0019801980198019802
0 0.46551724137931033 0.3821782178217822 0.0018148820326678765 0.0039603960396039604
0 0.1896551724137931 0.3683168316831683 0.0018148820326678765 0.0039603960396039604
0 0.38838475499092556 0.3683168316831683 0.007259528130671506 0.007920792079207921
0 0.3021778584392015 0.36237623762376237 0.0054446460980036296 0.0039603960396039604
0 0.2849364791288566 0.36237623762376237 0.003629764065335753 0.0039603960396039604
0 0.20871143375680581 0.3564356435643564 0.003629764065335753 0.0039603960396039604
0 0.20417422867513613 0.35544554455445543 0.0018148820326678765 0.0019801980198019802
0 0.2132486388384755 0.3495049504950495 0.0018148820326678765 0.0019801980198019802
0 0.20871143375680581 0.35148514851485146 0.007259528130671506 0.005940594059405941
0 0.22413793103448276 0.3415841584158416 0.0018148820326678765 0.0019801980198019802
0 0.22050816696914702 0.33564356435643566 0.0054446460980036296 0.005940594059405941
0 0.23321234119782214 0.3237623762376238 0.0018148820326678765 0.0019801980198019802
0 0.23321234119782214 0.3198019801980198 0.0018148820326678765 0.0019801980198019802
0 0.23684210526315788 0.3188118811881188 0.0018148820326678765 0.0039603960396039604
0 0.23411978221415608 0.31386138613861386 0.003629764065335753 0.0019801980198019802
0 0.23502722323049002 0.30198019801980197 0.0018148820326678765 0.0019801980198019802
0 0.7250453720508166 0.3 0.0018148820326678765 0.0019801980198019802
0 0.6960072595281307 0.3 0.0018148820326678765 0.0019801980198019802
0 0.6923774954627949 0.3 0.0018148820326678765 0.0019801980198019802
0 0.4782214156079855 0.3 0.0018148820326678765 0.0019801980198019802
0 0.31851179673321234 0.300990099009901 0.0018148820326678765 0.0039603960396039604
0 0.4782214156079855 0.296039603960396 0.0018148820326678765 0.0019801980198019802
0 0.4573502722323049 0.298019801980198 0.003629764065335753 0.005940594059405941
0 0.44283121597096187 0.298019801980198 0.003629764065335753 0.005940594059405941
0 0.3294010889292196 0.298019801980198 0.009074410163339383 0.005940594059405941
0 0.47005444646098005 0.29108910891089107 0.003629764065335753 0.0039603960396039604
0 0.4500907441016334 0.29306930693069305 0.010889292196007259 0.007920792079207921
0 0.5689655172413793 0.28415841584158413 0.0018148820326678765 0.0019801980198019802
0 0.5635208711433757 0.28415841584158413 0.0018148820326678765 0.0019801980198019802
0 0.5499092558983666 0.28316831683168314 0.003629764065335753 0.0039603960396039604
0 0.7486388384754991 0.2742574257425743 0.0018148820326678765 0.0019801980198019802
0 0.26225045372050815 0.2742574257425743 0.0018148820326678765 0.0019801980198019802
0 0.7531760435571688 0.2732673267326733 0.003629764065335753 0.007920792079207921
0 0.7477313974591652 0.2702970297029703 0.003629764065335753 0.0019801980198019802
0 0.6070780399274047 0.27722772277227725 0.0054446460980036296 0.015841584158415842
0 0.27858439201451907 0.2702970297029703 0.0018148820326678765 0.0019801980198019802
0 0.6887477313974592 0.26831683168316833 0.0018148820326678765 0.0019801980198019802
0 0.6842105263157895 0.2712871287128713 0.003629764065335753 0.007920792079207921
0 0.6851179673321234 0.26435643564356437 0.0018148820326678765 0.0019801980198019802
0 0.6887477313974592 0.2623762376237624 0.0018148820326678765 0.0019801980198019802
0 0.7186932849364791 0.27722772277227725 0.07259528130671507 0.047524752475247525
0 0.6860254083484574 0.25742574257425743 0.007259528130671506 0.007920792079207921
0 0.2912885662431942 0.25544554455445545 0.0018148820326678765 0.0039603960396039604
0 0.6751361161524501 0.2504950495049505 0.003629764065335753 0.005940594059405941
0 0.3366606170598911 0.24554455445544554 0.0054446460980036296 0.0039603960396039604
0 0.6669691470054446 0.24752475247524752 0.012704174228675136 0.011881188118811881
0 0.33575317604355714 0.24059405940594059 0.003629764065335753 0.0019801980198019802
0 0.6143375680580763 0.23663366336633662 0.0018148820326678765 0.0019801980198019802
0 0.6107078039927405 0.23564356435643563 0.0018148820326678765 0.0039603960396039604
0 0.5916515426497277 0.23465346534653464 0.007259528130671506 0.005940594059405941
0 0.6896551724137931 0.23366336633663368 0.003629764065335753 0.007920792079207921
0 0.6941923774954628 0.2316831683168317 0.0018148820326678765 0.007920792079207921
0 0.5925589836660617 0.22871287128712872 0.0018148820326678765 0.0019801980198019802
0 0.34754990925589835 0.22871287128712872 0.0018148820326678765 0.0019801980198019802
0 0.3511796733212341 0.22574257425742575 0.0054446460980036296 0.0039603960396039604
0 0.37749546279491836 0.22277227722772278 0.003629764065335753 0.0019801980198019802
0 0.34392014519056263 0.22277227722772278 0.0018148820326678765 0.0019801980198019802
0 0.33756805807622503 0.22475247524752476 0.007259528130671506 0.005940594059405941
0 0.6896551724137931 0.2188118811881188 0.003629764065335753 0.005940594059405941
0 0.6960072595281307 0.21089108910891088 0.0018148820326678765 0.0019801980198019802
0 0.49637023593466423 0.21089108910891088 0.0018148820326678765 0.0019801980198019802
0 0.3929219600725953 0.21089108910891088 0.0018148820326678765 0.0019801980198019802
0 0.44918330308529947 0.2089108910891089 0.0018148820326678765 0.0019801980198019802
0 0.6960072595281307 0.20693069306930692 0.0018148820326678765 0.0019801980198019802
0 0.5054446460980037 0.2079207920792079 0.0054446460980036296 0.0039603960396039604
0 0.4791288566243194 0.20693069306930692 0.003629764065335753 0.0019801980198019802
0 0.4591651542649728 0.2079207920792079 0.003629764065335753 0.0039603960396039604
0 0.4455535390199637 0.2079207920792079 0.0018148820326678765 0.0039603960396039604
0 0.3956442831215971 0.2089108910891089 0.003629764065335753 0.005940594059405941
0 0.5725952813067151 0.200990099009901 0.0018148820326678765 0.0019801980198019802
0 0.5671506352087115 0.1910891089108911 0.0018148820326678765 0.0019801980198019802
0 0.4283121597096189 0.19504950495049506 0.014519056261343012 0.009900990099009901
0 0.6932849364791288 0.18712871287128713 0.007259528130671506 0.005940594059405941
0 0.6932849364791288 0.1782178217821782 0.007259528130671506 0.007920792079207921
0 0.6669691470054446 0.15346534653465346 0.0018148820326678765 0.0019801980198019802
0 0.6052631578947368 0.15148514851485148 0.0018148820326678765 0.0019801980198019802
0 0.6660617059891107 0.1485148514851485 0.003629764065335753 0.0039603960396039604
0 0.6107078039927405 0.14356435643564355 0.0018148820326678765 0.0019801980198019802
0 0.6524500907441017 0.13564356435643565 0.0018148820326678765 0.0019801980198019802
0 0.647912885662432 0.13663366336633664 0.003629764065335753 0.0039603960396039604
0 0.39201451905626133 0.47029702970297027 0.6098003629764065 0.6752475247524753
0 0.6397459165154264 0.1316831683168317 0.0018148820326678765 0.0019801980198019802
0 0.647912885662432 0.1297029702970297 0.010889292196007259 0.005940594059405941
0 0.6397459165154264 0.12772277227722773 0.0018148820326678765 0.0019801980198019802
