0 0.9429280397022333 0.9983388704318937 0.0024813895781637717 0.0033222591362126247
0 0.8839950372208437 0.9983388704318937 0.0012406947890818859 0.0033222591362126247
0 0.9615384615384616 0.9966777408637874 0.0024813895781637717 0.006644518272425249
0 0.9361042183622829 0.9950166112956811 0.00620347394540943 0.009966777408637873
0 0.8901985111662531 0.9950166112956811 0.00620347394540943 0.009966777408637873
0 0.8703473945409429 0.9750830564784053 0.0012406947890818859 0.0033222591362126247
0 0.8660049627791563 0.9767441860465116 0.004962779156327543 0.013289036544850499
0 0.8827543424317618 0.8621262458471761 0.0037220843672456576 0.0033222591362126247
0 0.9454094292803971 0.8588039867109635 0.0024813895781637717 0.0033222591362126247
0 0.9354838709677419 0.8588039867109635 0.0024813895781637717 0.0033222591362126247
0 0.9919354838709677 0.8538205980066446 0.0012406947890818859 0.006644518272425249
0 0.989454094292804 0.8521594684385382 0.0012406947890818859 0.0033222591362126247
0 0.9820099255583127 0.8521594684385382 0.0012406947890818859 0.0033222591362126247
0 0.9789081885856079 0.8521594684385382 0.0024813895781637717 0.0033222591362126247
0 0.9429280397022333 0.8538205980066446 0.0024813895781637717 0.006644518272425249
0 0.9336228287841191 0.8521594684385382 0.0012406947890818859 0.0033222591362126247
0 0.8883374689826302 0.8538205980066446 0.0024813895781637717 0.006644518272425249
0 0.8740694789081885 0.8521594684385382 0.0012406947890818859 0.0033222591362126247
0 0.8660049627791563 0.8571428571428571 0.004962779156327543 0.013289036544850499
0 0.6060794044665012 0.8488372093023255 0.0012406947890818859 0.0033222591362126247
0 0.6141439205955335 0.8471760797342193 0.0024813895781637717 0.006644518272425249
0 0.6104218362282878 0.8471760797342193 0.0024813895781637717 0.006644518272425249
0 0.607940446650124 0.8421926910299004 0.0024813895781637717 0.0033222591362126247
0 0.6060794044665012 0.8355481727574751 0.0012406947890818859 0.0033222591362126247
0 0.9150124069478908 0.8272425249169435 0.0012406947890818859 0.006644518272425249
0 0.9125310173697271 0.8255813953488372 0.0012406947890818859 0.0033222591362126247
0 0.9280397022332506 0.9119601328903655 0.12903225806451613 0.1760797342192691
0 0.8976426799007444 0.8222591362126246 0.0012406947890818859 0.0033222591362126247
0 0.901985111662531 0.8189368770764119 0.0024813895781637717 0.009966777408637873
0 0.630272952853598 0.8172757475083057 0.0024813895781637717 0.013289036544850499
0 0.901985111662531 0.8073089700996677 0.0024813895781637717 0.006644518272425249
0 0.6941687344913151 0.7956810631229236 0.0012406947890818859 0.0033222591362126247
0 0.68424317617866 0.7956810631229236 0.0012406947890818859 0.0033222591362126247
0 0.6625310173697271 0.7956810631229236 0.0024813895781637717 0.0033222591362126247
0 0.6569478908188585 0.7956810631229236 0.0012406947890818859 0.0033222591362126247
0 0.6643920595533499 0.7890365448504983 0.0012406947890818859 0.0033222591362126247
0 0.5918114143920595 0.7873754152823921 0.0024813895781637717 0.006644518272425249
0 0.5136476426799007 0.7906976744186046 0.004962779156327543 0.013289036544850499
0 0.5862282878411911 0.7790697674418605 0.0012406947890818859 0.0033222591362126247
0 0.5093052109181141 0.7873754152823921 0.00620347394540943 0.019933554817275746
0 0.7133995037220844 0.7691029900332226 0.0024813895781637717 0.0033222591362126247
0 0.7102977667493796 0.7691029900332226 0.0012406947890818859 0.0033222591362126247
0 0.48945409429280395 0.7691029900332226 0.0012406947890818859 0.0033222591362126247
0 0.43734491315136476 0.7691029900332226 0.0012406947890818859 0.0033222591362126247
0 0.4609181141439206 0.7657807308970099 0.0012406947890818859 0.0033222591362126247
0 0.45843672456575685 0.7657807308970099 0.0012406947890818859 0.0033222591362126247
0 0.44168734491315137 0.7674418604651163 0.0024813895781637717 0.006644518272425249
0 0.9534739454094293 0.7624584717607974 0.0012406947890818859 0.0033222591362126247
0 0.7140198511166254 0.7624584717607974 0.0012406947890818859 0.0033222591362126247
0 0.4392059553349876 0.7624584717607974 0.0024813895781637717 0.0033222591362126247
0 0.967741935483871 0.7641196013289037 0.007444168734491315 0.013289036544850499
0 0.9578163771712159 0.7641196013289037 0.007444168734491315 0.013289036544850499
0 0.9212158808933002 0.7591362126245847 0.0012406947890818859 0.0033222591362126247
0 0.4857320099255583 0.7591362126245847 0.0012406947890818859 0.0033222591362126247
0 0.45285359801488834 0.7641196013289037 0.007444168734491315 0.013289036544850499
0 0.4292803970223325 0.7641196013289037 0.004962779156327543 0.013289036544850499
0 0.7121588089330024 0.7541528239202658 0.0024813895781637717 0.006644518272425249
0 0.4472704714640198 0.760797342192691 0.00620347394540943 0.019933554817275746
0 0.43424317617866004 0.760797342192691 0.007444168734491315 0.019933554817275746
0 0.7133995037220844 0.7475083056478405 0.0024813895781637717 0.006644518272425249
0 0.2630272952853598 0.7425249169435216 0.0024813895781637717 0.0033222591362126247
0 0.0663771712158809 0.7425249169435216 0.0012406947890818859 0.0033222591362126247
0 0.05955334987593052 0.7425249169435216 0.0024813895781637717 0.0033222591362126247
0 0.05024813895781638 0.739202657807309 0.0012406947890818859 0.0033222591362126247
0 0.26364764267990076 0.7358803986710963 0.0012406947890818859 0.0033222591362126247
0 0.2667493796526055 0.7375415282392026 0.0024813895781637717 0.013289036544850499
0 0.06823821339950373 0.7375415282392026 0.0024813895781637717 0.013289036544850499
0 0.4106699751861042 0.7358803986710963 0.007444168734491315 0.016611295681063124
0 0.9913151364764268 0.7308970099667774 0.0024813895781637717 0.013289036544850499
0 0.05272952853598015 0.7308970099667774 0.0037220843672456576 0.013289036544850499
0 0.4075682382133995 0.7225913621262459 0.0012406947890818859 0.0033222591362126247
0 0.3281637717121588 0.7159468438538206 0.0012406947890818859 0.0033222591362126247
0 0.1718362282878412 0.7159468438538206 0.0012406947890818859 0.0033222591362126247
0 0.14205955334987594 0.7159468438538206 0.0012406947890818859 0.0033222591362126247
0 0.40012406947890816 0.7142857142857143 0.0012406947890818859 0.006644518272425249
0 0.29094292803970223 0.7142857142857143 0.0037220843672456576 0.006644518272425249
0 0.2866004962779156 0.7142857142857143 0.0024813895781637717 0.006644518272425249
0 0.2698511166253102 0.7126245847176079 0.0012406947890818859 0.0033222591362126247
0 0.2673697270471464 0.7126245847176079 0.0012406947890818859 0.0033222591362126247
0 0.13957816377171217 0.7142857142857143 0.0012406947890818859 0.006644518272425249
0 0.05583126550868486 0.717607973421927 0.0024813895781637717 0.013289036544850499
0 0.37220843672456577 0.7093023255813954 0.009925558312655087 0.0033222591362126247
0 0.34739454094292804 0.7126245847176079 0.004962779156327543 0.009966777408637873
0 0.1693548387096774 0.7126245847176079 0.0012406947890818859 0.009966777408637873
0 0.05086848635235732 0.717607973421927 0.0024813895781637717 0.019933554817275746
0 0.3529776674937965 0.7093023255813954 0.00620347394540943 0.009966777408637873
0 0.34181141439205953 0.7093023255813954 0.00620347394540943 0.009966777408637873
0 0.08870967741935484 0.7059800664451827 0.0012406947890818859 0.0033222591362126247
0 0.7233250620347395 0.7026578073089701 0.0024813895781637717 0.0033222591362126247
0 0.16811414392059554 0.7026578073089701 0.0012406947890818859 0.0033222591362126247
0 0.7189826302729528 0.6993355481727574 0.0012406947890818859 0.0033222591362126247
0 0.05272952853598015 0.7043189368770764 0.0037220843672456576 0.013289036544850499
0 0.05024813895781638 0.6960132890365448 0.0012406947890818859 0.0033222591362126247
0 0.7227047146401985 0.6943521594684385 0.0037220843672456576 0.006644518272425249
0 0.7189826302729528 0.6926910299003323 0.0012406947890818859 0.0033222591362126247
0 0.05893300248138958 0.6926910299003323 0.0012406947890818859 0.0033222591362126247
0 0.7121588089330024 0.6710963455149501 0.004962779156327543 0.013289036544850499
0 0.14205955334987594 0.6627906976744186 0.0012406947890818859 0.0033222591362126247
0 0.13089330024813894 0.6627906976744186 0.0012406947890818859 0.0033222591362126247
0 0.8740694789081885 0.659468438538206 0.0012406947890818859 0.0033222591362126247
0 0.1054590570719603 0.6611295681063123 0.0024813895781637717 0.006644518272425249
0 0.08126550868486353 0.6611295681063123 0.0012406947890818859 0.006644518272425249
0 0.1228287841191067 0.659468438538206 0.007444168734491315 0.009966777408637873
0 0.37655086848635233 0.6528239202657807 0.0012406947890818859 0.0033222591362126247
0 0.21774193548387097 0.6528239202657807 0.0012406947890818859 0.0033222591362126247
0 0.3964019851116625 0.6511627906976745 0.0012406947890818859 0.006644518272425249
0 0.8765508684863523 0.6511627906976745 0.0037220843672456576 0.013289036544850499
0 0.6203473945409429 0.6461794019933554 0.0024813895781637717 0.0033222591362126247
0 0.5682382133995038 0.6461794019933554 0.0024813895781637717 0.0033222591362126247
0 0.5583126550868487 0.6461794019933554 0.0024813895781637717 0.0033222591362126247
0 0.5086848635235732 0.6461794019933554 0.0024813895781637717 0.0033222591362126247
0 0.37779156327543423 0.6461794019933554 0.0012406947890818859 0.0033222591362126247
0 0.3746898263027295 0.6461794019933554 0.0024813895781637717 0.0033222591362126247
0 0.5837468982630273 0.6428571428571429 0.0012406947890818859 0.0033222591362126247
0 0.5812655086848635 0.6428571428571429 0.0012406947890818859 0.0033222591362126247
0 0.575062034739454 0.6428571428571429 0.0012406947890818859 0.0033222591362126247
0 0.3964019851116625 0.6428571428571429 0.0012406947890818859 0.0033222591362126247
0 0.21774193548387097 0.6428571428571429 0.0012406947890818859 0.0033222591362126247
0 0.8796526054590571 0.6411960132890365 0.0024813895781637717 0.006644518272425249
0 0.7028535980148883 0.6395348837209303 0.0012406947890818859 0.0033222591362126247
0 0.6867245657568238 0.6395348837209303 0.0012406947890818859 0.0033222591362126247
0 0.6234491315136477 0.6395348837209303 0.0012406947890818859 0.0033222591362126247
0 0.6203473945409429 0.6395348837209303 0.0024813895781637717 0.0033222591362126247
0 0.6172456575682382 0.6395348837209303 0.0012406947890818859 0.0033222591362126247
0 0.5874689826302729 0.6395348837209303 0.0012406947890818859 0.0033222591362126247
0 0.5781637717121588 0.6428571428571429 0.0024813895781637717 0.009966777408637873
0 0.56575682382134 0.6411960132890365 0.0024813895781637717 0.006644518272425249
0 0.5564516129032258 0.6395348837209303 0.0012406947890818859 0.0033222591362126247
0 0.5496277915632755 0.6428571428571429 0.01240694789081886 0.009966777408637873
0 0.5341191066997518 0.6395348837209303 0.0012406947890818859 0.0033222591362126247
0 0.5310173697270472 0.6411960132890365 0.0024813895781637717 0.006644518272425249
0 0.5279156327543424 0.6428571428571429 0.0037220843672456576 0.009966777408637873
0 0.5068238213399504 0.6395348837209303 0.0012406947890818859 0.0033222591362126247
0 0.47084367245657566 0.6395348837209303 0.0012406947890818859 0.0033222591362126247
0 0.45471464019851116 0.6395348837209303 0.0012406947890818859 0.0033222591362126247
0 0.4472704714640198 0.6395348837209303 0.0012406947890818859 0.0033222591362126247
0 0.4447890818858561 0.6395348837209303 0.0012406947890818859 0.0033222591362126247
0 0.5676178660049628 0.7441860465116279 0.31389578163771714 0.21262458471760798
0 0.38213399503722084 0.6445182724252492 0.007444168734491315 0.013289036544850499
0 0.37655086848635233 0.6395348837209303 0.0012406947890818859 0.0033222591362126247
0 0.37220843672456577 0.6411960132890365 0.0024813895781637717 0.006644518272425249
0 0.36724565756823824 0.6411960132890365 0.004962779156327543 0.006644518272425249
0 0.21464019851116625 0.6445182724252492 0.0024813895781637717 0.013289036544850499
0 0.8777915632754343 0.632890365448505 0.0012406947890818859 0.0033222591362126247
0 0.8759305210918115 0.6362126245847176 0.004962779156327543 0.023255813953488372
0 0.34305210918114143 0.6245847176079734 0.0012406947890818859 0.006644518272425249
0 0.2617866004962779 0.6295681063122923 0.007444168734491315 0.016611295681063124
0 0.14826302729528537 0.6229235880398671 0.0012406947890818859 0.0033222591362126247
0 0.8753101736972705 0.6196013289036545 0.0037220843672456576 0.009966777408637873
0 0.2586848635235732 0.6162790697674418 0.0012406947890818859 0.0033222591362126247
0 0.14826302729528537 0.6162790697674418 0.0012406947890818859 0.0033222591362126247
0 0.8815136476426799 0.6129568106312292 0.0012406947890818859 0.0033222591362126247
0 0.8796526054590571 0.6162790697674418 0.0024813895781637717 0.009966777408637873
0 0.34615384615384615 0.627906976744186 0.0024813895781637717 0.03322259136212625
0 0.09863523573200993 0.6129568106312292 0.0012406947890818859 0.0033222591362126247
0 0.0924317617866005 0.6129568106312292 0.0012406947890818859 0.0033222591362126247
0 0.2686104218362283 0.6029900332225914 0.0012406947890818859 0.0033222591362126247
0 0.3269230769230769 0.5996677740863787 0.0012406947890818859 0.0033222591362126247
0 0.16811414392059554 0.5996677740863787 0.0012406947890818859 0.0033222591362126247
0 0.1184863523573201 0.5996677740863787 0.0012406947890818859 0.0033222591362126247
0 0.11538461538461539 0.6013289036544851 0.0024813895781637717 0.006644518272425249
0 0.8839950372208437 0.5980066445182725 0.0012406947890818859 0.006644518272425249
0 0.10049627791563276 0.6694352159468439 0.0967741935483871 0.14950166112956811
0 0.3250620347394541 0.5930232558139535 0.0024813895781637717 0.0033222591362126247
0 0.1098014888337469 0.5930232558139535 0.0012406947890818859 0.0033222591362126247
0 0.8839950372208437 0.5897009966777409 0.0012406947890818859 0.0033222591362126247
0 0.16811414392059554 0.5897009966777409 0.0012406947890818859 0.0033222591362126247
0 0.9044665012406948 0.5880398671096345 0.0024813895781637717 0.006644518272425249
0 0.9330024813895782 0.7043189368770764 0.1141439205955335 0.23920265780730898
0 0.3269230769230769 0.5863787375415282 0.0012406947890818859 0.0033222591362126247
0 0.3225806451612903 0.5880398671096345 0.0024813895781637717 0.006644518272425249
0 0.29962779156327546 0.5863787375415282 0.0012406947890818859 0.0033222591362126247
0 0.2729528535980149 0.6644518272425249 0.2679900744416873 0.15946843853820597
0 0.2686104218362283 0.5880398671096345 0.0012406947890818859 0.006644518272425249
0 0.16501240694789082 0.5913621262458472 0.0024813895781637717 0.013289036544850499
0 0.11538461538461539 0.5897009966777409 0.007444168734491315 0.009966777408637873
0 0.1098014888337469 0.5863787375415282 0.0012406947890818859 0.0033222591362126247
0 0.5924317617866005 0.5033222591362126 0.0012406947890818859 0.0033222591362126247
0 0.6029776674937966 0.4983388704318937 0.004962779156327543 0.013289036544850499
0 0.598014888337469 0.4950166112956811 0.007444168734491315 0.019933554817275746
0 0.7115384615384616 0.47674418604651164 0.0012406947890818859 0.0033222591362126247
0 0.6991315136476427 0.47674418604651164 0.0012406947890818859 0.0033222591362126247
0 0.68424317617866 0.47674418604651164 0.0012406947890818859 0.0033222591362126247
0 0.6346153846153846 0.47674418604651164 0.0012406947890818859 0.0033222591362126247
0 0.5514888337468983 0.47674418604651164 0.0012406947890818859 0.0033222591362126247
0 0.5366004962779156 0.47674418604651164 0.0012406947890818859 0.0033222591362126247
0 0.5266749379652605 0.47674418604651164 0.0012406947890818859 0.0033222591362126247
0 0.5192307692307693 0.47674418604651164 0.0012406947890818859 0.0033222591362126247
0 0.38089330024813894 0.47674418604651164 0.0024813895781637717 0.0033222591362126247
0 0.706575682382134 0.4750830564784053 0.00620347394540943 0.006644518272425249
0 0.6786600496277916 0.473421926910299 0.0024813895781637717 0.0033222591362126247
0 0.5725806451612904 0.473421926910299 0.0012406947890818859 0.0033222591362126247
0 0.5607940446650124 0.4750830564784053 0.0024813895781637717 0.006644518272425249
0 0.5167493796526055 0.4750830564784053 0.0012406947890818859 0.006644518272425249
0 0.4844913151364764 0.4750830564784053 0.0037220843672456576 0.006644518272425249
0 0.3951612903225806 0.4750830564784053 0.0037220843672456576 0.006644518272425249
0 0.3883374689826303 0.4750830564784053 0.0024813895781637717 0.006644518272425249
0 0.3560794044665012 0.4750830564784053 0.0024813895781637717 0.006644518272425249
0 0.7313895781637717 0.4717607973421927 0.00620347394540943 0.013289036544850499
0 0.7258064516129032 0.46677740863787376 0.0024813895781637717 0.0033222591362126247
0 0.45719602977667495 0.46677740863787376 0.0012406947890818859 0.0033222591362126247
0 0.7289081885856079 0.4634551495016611 0.0012406947890818859 0.0033222591362126247
0 0.5688585607940446 0.4634551495016611 0.0012406947890818859 0.0033222591362126247
0 0.16687344913151364 0.45016611295681064 0.0012406947890818859 0.0033222591362126247
0 0.1501240694789082 0.4485049833887043 0.0024813895781637717 0.006644518272425249
0 0.4844913151364764 0.4435215946843854 0.0012406947890818859 0.0033222591362126247
0 0.163151364764268 0.44518272425249167 0.00620347394540943 0.013289036544850499
0 0.141439205955335 0.44518272425249167 0.004962779156327543 0.013289036544850499
0 0.16377171215880892 0.4368770764119601 0.0024813895781637717 0.0033222591362126247
0 0.5167493796526055 0.4335548172757475 0.0012406947890818859 0.0033222591362126247
0 0.45843672456575685 0.4368770764119601 0.0037220843672456576 0.009966777408637873
0 0.15632754342431762 0.4418604651162791 0.007444168734491315 0.019933554817275746
0 0.7661290322580645 0.42358803986710963 0.0012406947890818859 0.0033222591362126247
0 0.5055831265508685 0.420265780730897 0.0012406947890818859 0.0033222591362126247
0 0.36786600496277916 0.4169435215946844 0.0012406947890818859 0.0033222591362126247
0 0.7816377171215881 0.4186046511627907 0.004962779156327543 0.013289036544850499
0 0.3964019851116625 0.41362126245847175 0.0012406947890818859 0.0033222591362126247
0 0.4993796526054591 0.41029900332225916 0.0012406947890818859 0.0033222591362126247
0 0.12965260545905707 0.4069767441860465 0.0012406947890818859 0.0033222591362126247
0 0.1705955334987593 0.4019933554817276 0.0012406947890818859 0.006644518272425249
0 0.16811414392059554 0.4003322259136213 0.0012406947890818859 0.0033222591362126247
0 0.4286600496277916 0.3903654485049834 0.0012406947890818859 0.0033222591362126247
0 0.3945409429280397 0.3787375415282392 0.004962779156327543 0.013289036544850499
0 0.14950372208436724 0.37375415282392027 0.0012406947890818859 0.0033222591362126247
0 0.14392059553349876 0.3770764119601329 0.007444168734491315 0.009966777408637873
0 0.15384615384615385 0.4119601328903654 0.04962779156327544 0.07973421926910298
0 0.1315136476426799 0.3787375415282392 0.004962779156327543 0.013289036544850499
0 0.7859801488833746 0.3704318936877076 0.0012406947890818859 0.0033222591362126247
0 0.38461538461538464 0.3504983388704319 0.004962779156327543 0.009966777408637873
0 0.380272952853598 0.34717607973421927 0.0012406947890818859 0.0033222591362126247
0 0.37220843672456577 0.4119601328903654 0.04962779156327544 0.132890365448505
0 0.793424317617866 0.3438538205980066 0.0012406947890818859 0.0033222591362126247
0 0.13709677419354838 0.3438538205980066 0.0012406947890818859 0.0033222591362126247
0 0.14081885856079404 0.34219269102990035 0.0012406947890818859 0.006644518272425249
0 0.42555831265508687 0.3289036544850498 0.0024813895781637717 0.013289036544850499
0 0.7847394540942928 0.3222591362126246 0.0037220843672456576 0.006644518272425249
0 0.4795285359801489 0.32059800664451826 0.0012406947890818859 0.0033222591362126247
0 0.43734491315136476 0.3588039867109635 0.04094292803970223 0.07973421926910298
0 0.3740694789081886 0.31727574750830567 0.0012406947890818859 0.0033222591362126247
0 0.3405707196029777 0.31727574750830567 0.0012406947890818859 0.0033222591362126247
0 0.2661290322580645 0.31727574750830567 0.0012406947890818859 0.0033222591362126247
0 0.26364764267990076 0.31727574750830567 0.0012406947890818859 0.0033222591362126247
0 0.2524813895781638 0.31727574750830567 0.0012406947890818859 0.0033222591362126247
0 0.25 0.31727574750830567 0.0012406947890818859 0.0033222591362126247
0 0.16687344913151364 0.31727574750830567 0.0012406947890818859 0.0033222591362126247
0 0.16439205955334987 0.31727574750830567 0.0012406947890818859 0.0033222591362126247
0 0.10607940446650124 0.31727574750830567 0.0012406947890818859 0.0033222591362126247
0 0.4441687344913151 0.313953488372093 0.0024813895781637717 0.0033222591362126247
0 0.2555831265508685 0.31561461794019935 0.0024813895781637717 0.006644518272425249
0 0.4274193548387097 0.3122923588039867 0.0037220843672456576 0.006644518272425249
0 0.2369727047146402 0.3122923588039867 0.0024813895781637717 0.006644518272425249
0 0.23200992555831265 0.313953488372093 0.007444168734491315 0.009966777408637873
0 0.38213399503722084 0.3106312292358804 0.004962779156327543 0.009966777408637873
0 0.32754342431761785 0.3122923588039867 0.009925558312655087 0.013289036544850499
0 0.2648883374689826 0.3089700996677741 0.0037220843672456576 0.006644518272425249
0 0.16563275434243177 0.3089700996677741 0.0037220843672456576 0.006644518272425249
0 0.2673697270471464 0.30398671096345514 0.0012406947890818859 0.0033222591362126247
0 0.16811414392059554 0.30398671096345514 0.0012406947890818859 0.0033222591362126247
0 0.3349875930521092 0.3089700996677741 0.007444168734491315 0.019933554817275746
0 0.3207196029776675 0.3089700996677741 0.00620347394540943 0.019933554817275746
0 0.22890818858560794 0.2807308970099668 0.0012406947890818859 0.0033222591362126247
0 0.7698511166253101 0.26744186046511625 0.0012406947890818859 0.0033222591362126247
0 0.2326302729528536 0.26744186046511625 0.0012406947890818859 0.0033222591362126247
0 0.23076923076923078 0.2724252491694352 0.004962779156327543 0.013289036544850499
0 0.1619106699751861 0.26744186046511625 0.0012406947890818859 0.0033222591362126247
0 0.13709677419354838 0.2691029900332226 0.0012406947890818859 0.006644518272425249
0 0.13337468982630274 0.2707641196013289 0.0037220843672456576 0.009966777408637873
0 0.13399503722084366 0.30564784053156147 0.06947890818858561 0.07973421926910298
0 0.10173697270471464 0.2724252491694352 0.004962779156327543 0.013289036544850499
0 0.057692307692307696 0.26245847176079734 0.0037220843672456576 0.006644518272425249
0 0.030397022332506202 0.26245847176079734 0.0012406947890818859 0.006644518272425249
0 0.7735732009925558 0.2574750830564784 0.0012406947890818859 0.0033222591362126247
0 0.2686104218362283 0.25083056478405313 0.0012406947890818859 0.0033222591362126247
0 0.7723325062034739 0.2425249169435216 0.0037220843672456576 0.006644518272425249
0 0.3058312655086849 0.24086378737541528 0.0012406947890818859 0.0033222591362126247
0 0.29714640198511166 0.24086378737541528 0.0012406947890818859 0.0033222591362126247
0 0.29218362282878413 0.24086378737541528 0.0012406947890818859 0.0033222591362126247
0 0.05893300248138958 0.23920265780730898 0.0012406947890818859 0.006644518272425249
0 0.2456575682382134 0.23255813953488372 0.004962779156327543 0.013289036544850499
0 0.7630272952853598 0.22757475083056478 0.0024813895781637717 0.009966777408637873
0 0.7568238213399504 0.22093023255813954 0.0024813895781637717 0.0033222591362126247
0 0.2413151364764268 0.2292358803986711 0.00620347394540943 0.019933554817275746
0 0.7630272952853598 0.2159468438538206 0.0024813895781637717 0.006644518272425249
0 0.7593052109181141 0.2159468438538206 0.0024813895781637717 0.006644518272425249
0 0.7531017369727047 0.2159468438538206 0.004962779156327543 0.006644518272425249
0 0.7456575682382134 0.2159468438538206 0.0024813895781637717 0.006644518272425249
0 0.7400744416873449 0.21428571428571427 0.0012406947890818859 0.0033222591362126247
0 0.7276674937965261 0.21428571428571427 0.0012406947890818859 0.0033222591362126247
0 0.27109181141439204 0.21428571428571427 0.0012406947890818859 0.0033222591362126247
0 0.2456575682382134 0.21760797342192692 0.004962779156327543 0.009966777408637873
0 0.29218362282878413 0.21096345514950166 0.0012406947890818859 0.0033222591362126247
0 0.28970223325062033 0.21096345514950166 0.0012406947890818859 0.0033222591362126247
0 0.2760545905707196 0.21096345514950166 0.0012406947890818859 0.0033222591362126247
0 0.25 0.21096345514950166 0.0012406947890818859 0.0033222591362126247
0 0.23014888337468983 0.21096345514950166 0.0012406947890818859 0.0033222591362126247
0 0.20409429280397023 0.21096345514950166 0.0012406947890818859 0.0033222591362126247
0 0.19540942928039703 0.21096345514950166 0.0012406947890818859 0.0033222591362126247
0 0.20409429280397023 0.20431893687707642 0.0012406947890818859 0.0033222591362126247
0 0.022332506203473945 0.20764119601328904 0.004962779156327543 0.009966777408637873
0 0.29094292803970223 0.2026578073089701 0.0037220843672456576 0.006644518272425249
0 0.05893300248138958 0.19767441860465115 0.0012406947890818859 0.0033222591362126247
0 0.380272952853598 0.19933554817275748 0.0037220843672456576 0.013289036544850499
0 0.5452853598014888 0.19102990033222592 0.0012406947890818859 0.0033222591362126247
0 0.03287841191066997 0.19102990033222592 0.0012406947890818859 0.0033222591362126247
0 0.7028535980148883 0.1877076411960133 0.0012406947890818859 0.0033222591362126247
0 0.6830024813895782 0.1877076411960133 0.0012406947890818859 0.0033222591362126247
0 0.6730769230769231 0.1877076411960133 0.0012406947890818859 0.0033222591362126247
0 0.6656327543424317 0.1877076411960133 0.0012406947890818859 0.0033222591362126247
0 0.5663771712158809 0.1877076411960133 0.0012406947890818859 0.0033222591362126247
0 0.04528535980148883 0.1877076411960133 0.0037220843672456576 0.0033222591362126247
0 0.04156327543424317 0.22591362126245848 0.03598014888337469 0.07973421926910298
0 0.022332506203473945 0.19269102990033224 0.004962779156327543 0.013289036544850499
0 0.21153846153846154 0.18438538205980065 0.0012406947890818859 0.0033222591362126247
0 0.6457816377171216 0.1777408637873754 0.0012406947890818859 0.0033222591362126247
0 0.640818858560794 0.1777408637873754 0.0012406947890818859 0.0033222591362126247
0 0.5998759305210918 0.1744186046511628 0.0012406947890818859 0.0033222591362126247
0 0.6538461538461539 0.17109634551495018 0.0024813895781637717 0.0033222591362126247
0 0.1892059553349876 0.16777408637873753 0.0012406947890818859 0.0033222591362126247
0 0.36662531017369726 0.1644518272425249 0.0012406947890818859 0.0033222591362126247
0 0.651985111662531 0.16279069767441862 0.0037220843672456576 0.006644518272425249
0 0.6464019851116626 0.1644518272425249 0.004962779156327543 0.009966777408637873
0 0.640818858560794 0.16943521594684385 0.00620347394540943 0.019933554817275746
0 0.6184863523573201 0.1611295681063123 0.0012406947890818859 0.0033222591362126247
0 0.607940446650124 0.16611295681063123 0.017369727047146403 0.013289036544850499
0 0.5955334987593052 0.16611295681063123 0.004962779156327543 0.013289036544850499
0 0.5862282878411911 0.1611295681063123 0.0012406947890818859 0.0033222591362126247
0 0.543424317617866 0.1644518272425249 0.004962779156327543 0.009966777408637873
0 0.5390818858560794 0.1611295681063123 0.0012406947890818859 0.0033222591362126247
0 0.40012406947890816 0.1611295681063123 0.0012406947890818859 0.0033222591362126247
0 0.3976426799007444 0.16279069767441862 0.0012406947890818859 0.006644518272425249
0 0.30707196029776673 0.1511627906976744 0.0012406947890818859 0.0033222591362126247
0 0.36662531017369726 0.1478405315614618 0.0012406947890818859 0.0033222591362126247
0 0.41811414392059554 0.1478405315614618 0.0024813895781637717 0.009966777408637873
0 0.3058312655086849 0.14451827242524917 0.0037220843672456576 0.0033222591362126247
0 0.3008684863523573 0.14451827242524917 0.0012406947890818859 0.0033222591362126247
0 0.2140198511166253 0.1378737541528239 0.0012406947890818859 0.0033222591362126247
0 0.47456575682382135 0.1345514950166113 0.0012406947890818859 0.0033222591362126247
0 0.4683622828784119 0.1345514950166113 0.0012406947890818859 0.0033222591362126247
0 0.41873449131513646 0.1362126245847176 0.0037220843672456576 0.006644518272425249
0 0.3052109181141439 0.1362126245847176 0.004962779156327543 0.006644518272425249
0 0.20347394540942929 0.17275747508305647 0.02977667493796526 0.07973421926910298
0 0.20409429280397023 0.1345514950166113 0.0012406947890818859 0.0033222591362126247
0 0.19975186104218362 0.13953488372093023 0.004962779156327543 0.013289036544850499
0 0.19540942928039703 0.1345514950166113 0.0012406947890818859 0.0033222591362126247
0 0.19106699751861042 0.1378737541528239 0.004962779156327543 0.009966777408637873
0 0.30707196029776673 0.12790697674418605 0.0012406947890818859 0.0033222591362126247
0 0.303970223325062 0.12790697674418605 0.0024813895781637717 0.0033222591362126247
0 0.23883374689826303 0.11129568106312292 0.0012406947890818859 0.0033222591362126247
0 0.26240694789081886 0.1079734219269103 0.0012406947890818859 0.0033222591362126247
0 0.3052109181141439 0.04152823920265781 0.004962779156327543 0.023255813953488372
0 0.3014888337468983 0.03322259136212625 0.0024813895781637717 0.006644518272425249
0 0.3033498759305211 0.02823920265780731 0.0012406947890818859 0.0033222591362126247
0 0.2977667493796526 0.02823920265780731 0.0024813895781637717 0.0033222591362126247
0 0.511166253101737 0.26578073089701 0.56575682382134 0.47840531561461797
0 0.2803970223325062 0.03322259136212625 0.004962779156327543 0.013289036544850499
