0 0.5990566037735849 0.9331450094161958 0.0018867924528301887 0.0018832391713747645
0 0.6179245283018868 0.9293785310734464 0.0018867924528301887 0.0018832391713747645
0 0.589622641509434 0.923728813559322 0.0018867924528301887 0.0018832391713747645
0 0.24150943396226415 0.9020715630885122 0.007547169811320755 0.003766478342749529
0 0.5773584905660377 0.9001883239171374 0.007547169811320755 0.007532956685499058
0 0.6933962264150944 0.8879472693032016 0.0018867924528301887 0.0018832391713747645
0 0.6537735849056604 0.8879472693032016 0.0018867924528301887 0.0018832391713747645
0 0.5575471698113208 0.8879472693032016 0.0018867924528301887 0.0018832391713747645
0 0.6867924528301886 0.8870056497175142 0.0037735849056603774 0.003766478342749529
0 0.5528301886792453 0.8870056497175142 0.0037735849056603774 0.003766478342749529
0 0.5103773584905661 0.8870056497175142 0.0018867924528301887 0.003766478342749529
0 0.690566037735849 0.884180790960452 0.0037735849056603774 0.0018832391713747645
0 0.6584905660377358 0.8860640301318268 0.007547169811320755 0.005649717514124294
0 0.5745283018867925 0.884180790960452 0.0018867924528301887 0.0018832391713747645
0 0.6669811320754717 0.8851224105461394 0.009433962264150943 0.007532956685499058
0 0.6933962264150944 0.8804143126177024 0.0018867924528301887 0.0018832391713747645
0 0.6584905660377358 0.8813559322033898 0.0037735849056603774 0.003766478342749529
0 0.19716981132075473 0.8804143126177024 0.0018867924528301887 0.0018832391713747645
0 0.3311320754716981 0.8709981167608286 0.0018867924528301887 0.0018832391713747645
0 0.41415094339622643 0.8709981167608286 0.005660377358490566 0.005649717514124294
0 0.3311320754716981 0.867231638418079 0.0018867924528301887 0.0018832391713747645
0 0.28773584905660377 0.8634651600753296 0.0018867924528301887 0.0018832391713747645
0 0.3273584905660377 0.8634651600753296 0.005660377358490566 0.005649717514124294
0 0.4990566037735849 0.8606403013182674 0.0018867924528301887 0.003766478342749529
0 0.5726415094339623 0.8578154425612052 0.0018867924528301887 0.0018832391713747645
0 0.5584905660377358 0.8559322033898306 0.0037735849056603774 0.0018832391713747645
0 0.480188679245283 0.8559322033898306 0.0018867924528301887 0.0018832391713747645
0 0.20849056603773586 0.8559322033898306 0.0018867924528301887 0.0018832391713747645
0 0.5575471698113208 0.852165725047081 0.0018867924528301887 0.0018832391713747645
0 0.480188679245283 0.852165725047081 0.0018867924528301887 0.0018832391713747645
0 0.47547169811320755 0.8531073446327684 0.0037735849056603774 0.003766478342749529
0 0.15471698113207547 0.8540489642184558 0.007547169811320755 0.009416195856873822
0 0.5632075471698114 0.8512241054613936 0.005660377358490566 0.007532956685499058
0 0.38207547169811323 0.844632768361582 0.0018867924528301887 0.0018832391713747645
0 0.21509433962264152 0.8465160075329566 0.0037735849056603774 0.005649717514124294
0 0.7235849056603774 0.827683615819209 0.0018867924528301887 0.0018832391713747645
0 0.7358490566037735 0.8248587570621468 0.007547169811320755 0.007532956685499058
0 0.8613207547169811 0.812617702448211 0.0018867924528301887 0.0018832391713747645
0 0.14056603773584905 0.8135593220338984 0.0018867924528301887 0.003766478342749529
0 0.7358490566037735 0.8135593220338984 0.007547169811320755 0.011299435028248588
0 0.13867924528301886 0.7975517890772128 0.0018867924528301887 0.0018832391713747645
0 0.13679245283018868 0.7919020715630886 0.0018867924528301887 0.0018832391713747645
0 0.8613207547169811 0.788135593220339 0.0018867924528301887 0.0018832391713747645
0 0.13867924528301886 0.7871939736346516 0.005660377358490566 0.003766478342749529
0 0.9877358490566037 0.783427495291902 0.0018867924528301887 0.003766478342749529
0 0.7537735849056604 0.7824858757062146 0.0018867924528301887 0.0018832391713747645
0 0.75 0.7824858757062146 0.0018867924528301887 0.0018832391713747645
0 0.14056603773584905 0.7824858757062146 0.0018867924528301887 0.0018832391713747645
0 0.13679245283018868 0.7824858757062146 0.0018867924528301887 0.0018832391713747645
0 0.13679245283018868 0.7787193973634652 0.0018867924528301887 0.0018832391713747645
0 0.7528301886792453 0.7777777777777778 0.0037735849056603774 0.003766478342749529
0 0.10943396226415095 0.7645951035781544 0.007547169811320755 0.007532956685499058
0 0.9839622641509433 0.7551789077212806 0.0018867924528301887 0.003766478342749529
0 0.8650943396226415 0.7532956685499058 0.0018867924528301887 0.003766478342749529
0 0.7679245283018868 0.751412429378531 0.0037735849056603774 0.003766478342749529
0 0.8726415094339622 0.7391713747645952 0.0018867924528301887 0.0018832391713747645
0 0.10660377358490566 0.7354048964218456 0.0018867924528301887 0.0018832391713747645
0 0.7688679245283019 0.7297551789077212 0.0018867924528301887 0.0018832391713747645
0 0.9754716981132076 0.7146892655367232 0.011320754716981131 0.013182674199623353
0 0.9688679245283018 0.7090395480225988 0.0018867924528301887 0.0018832391713747645
0 0.9537735849056603 0.7090395480225988 0.0018867924528301887 0.0018832391713747645
0 0.9028301886792452 0.7090395480225988 0.0018867924528301887 0.0018832391713747645
0 0.9283018867924528 0.768361581920904 0.13584905660377358 0.12052730696798493
0 0.8877358490566037 0.7090395480225988 0.0018867924528301887 0.0018832391713747645
0 0.8811320754716981 0.7146892655367232 0.011320754716981131 0.013182674199623353
0 0.7688679245283019 0.7052730696798494 0.0018867924528301887 0.0018832391713747645
0 0.1179245283018868 0.6949152542372882 0.0018867924528301887 0.003766478342749529
0 0.12169811320754717 0.6864406779661016 0.0018867924528301887 0.0018832391713747645
0 0.780188679245283 0.6619585687382298 0.0018867924528301887 0.0018832391713747645
0 0.7764150943396226 0.6619585687382298 0.0018867924528301887 0.0018832391713747645
0 0.7839622641509434 0.6581920903954802 0.0018867924528301887 0.0018832391713747645
0 0.7764150943396226 0.6581920903954802 0.0018867924528301887 0.0018832391713747645
0 0.14433962264150943 0.652542372881356 0.0018867924528301887 0.0018832391713747645
0 0.1509433962264151 0.6516007532956686 0.007547169811320755 0.007532956685499058
0 0.14339622641509434 0.6487758945386064 0.0037735849056603774 0.0018832391713747645
0 0.1311320754716981 0.6487758945386064 0.0018867924528301887 0.0018832391713747645
0 0.7811320754716982 0.6450094161958568 0.0037735849056603774 0.0018832391713747645
0 0.7990566037735849 0.628060263653484 0.0018867924528301887 0.0018832391713747645
0 0.1669811320754717 0.6224105461393596 0.0018867924528301887 0.0018832391713747645
0 0.17075471698113207 0.603578154425612 0.0018867924528301887 0.0018832391713747645
0 0.1669811320754717 0.6045197740112994 0.0018867924528301887 0.003766478342749529
0 0.8141509433962264 0.6016949152542372 0.0018867924528301887 0.0018832391713747645
0 0.810377358490566 0.6016949152542372 0.0018867924528301887 0.0018832391713747645
0 0.8132075471698114 0.5969868173258004 0.0037735849056603774 0.003766478342749529
0 0.1820754716981132 0.5772128060263654 0.0018867924528301887 0.0018832391713747645
0 0.819811320754717 0.556497175141243 0.0018867924528301887 0.0018832391713747645
0 0.8264150943396227 0.5546139359698682 0.007547169811320755 0.005649717514124294
0 0.8292452830188679 0.5414312617702448 0.0018867924528301887 0.0018832391713747645
0 0.2188679245283019 0.5141242937853108 0.007547169811320755 0.003766478342749529
0 0.19433962264150945 0.5178907721280602 0.01509433962264151 0.011299435028248588
0 0.18490566037735848 0.5160075329566854 0.007547169811320755 0.007532956685499058
0 0.22924528301886793 0.5094161958568738 0.0018867924528301887 0.0018832391713747645
0 0.22735849056603774 0.504708097928437 0.0018867924528301887 0.003766478342749529
0 0.22924528301886793 0.5 0.0018867924528301887 0.0018832391713747645
0 0.21320754716981133 0.4952919020715631 0.0037735849056603774 0.003766478342749529
0 0.21415094339622642 0.4868173258003766 0.0018867924528301887 0.0018832391713747645
0 0.8264150943396227 0.4821092278719397 0.0037735849056603774 0.003766478342749529
0 0.20471698113207548 0.4792843691148776 0.005660377358490566 0.005649717514124294
0 0.8292452830188679 0.4604519774011299 0.0018867924528301887 0.0018832391713747645
0 0.8292452830188679 0.4566854990583804 0.0018867924528301887 0.0018832391713747645
0 0.20754716981132076 0.4576271186440678 0.011320754716981131 0.011299435028248588
0 0.2 0.455743879472693 0.007547169811320755 0.007532956685499058
0 0.8349056603773585 0.4510357815442561 0.005660377358490566 0.0018832391713747645
0 0.24528301886792453 0.4416195856873823 0.0037735849056603774 0.0018832391713747645
0 0.2490566037735849 0.4387947269303202 0.0037735849056603774 0.003766478342749529
0 0.23018867924528302 0.4387947269303202 0.0037735849056603774 0.003766478342749529
0 0.1830188679245283 0.4199623352165725 0.0037735849056603774 0.003766478342749529
0 0.8424528301886792 0.4209039548022599 0.005660377358490566 0.009416195856873822
0 0.15471698113207547 0.4180790960451977 0.007547169811320755 0.007532956685499058
0 0.8443396226415094 0.4096045197740113 0.0018867924528301887 0.0018832391713747645
0 0.25754716981132075 0.4058380414312618 0.0018867924528301887 0.0018832391713747645
0 0.8566037735849057 0.4030131826741996 0.007547169811320755 0.007532956685499058
0 0.8716981132075472 0.3728813559322034 0.007547169811320755 0.007532956685499058
0 0.22452830188679246 0.3634651600753296 0.0037735849056603774 0.003766478342749529
0 0.2622641509433962 0.3540489642184557 0.0037735849056603774 0.003766478342749529
0 0.25754716981132075 0.3531073446327684 0.0018867924528301887 0.0018832391713747645
0 0.2669811320754717 0.3474576271186441 0.0018867924528301887 0.0018832391713747645
0 0.2622641509433962 0.3493408662900188 0.007547169811320755 0.005649717514124294
0 0.27358490566037735 0.3370998116760829 0.0037735849056603774 0.003766478342749529
0 0.8726415094339622 0.3333333333333333 0.005660377358490566 0.003766478342749529
0 0.8594339622641509 0.3352165725047081 0.009433962264150943 0.007532956685499058
0 0.27641509433962264 0.332391713747646 0.0018867924528301887 0.0018832391713747645
0 0.27264150943396226 0.332391713747646 0.0018867924528301887 0.0018832391713747645
0 0.10660377358490566 0.332391713747646 0.0018867924528301887 0.0018832391713747645
0 0.37830188679245286 0.3173258003766478 0.0018867924528301887 0.0018832391713747645
0 0.37358490566037733 0.3173258003766478 0.0037735849056603774 0.0018832391713747645
0 0.36792452830188677 0.3182674199623352 0.0037735849056603774 0.003766478342749529
0 0.8443396226415094 0.3154425612052731 0.0018867924528301887 0.0018832391713747645
0 0.28773584905660377 0.3163841807909605 0.0018867924528301887 0.003766478342749529
0 0.6179245283018868 0.3135593220338983 0.0018867924528301887 0.0018832391713747645
0 0.22547169811320755 0.307909604519774 0.0018867924528301887 0.0018832391713747645
0 0.6122641509433963 0.3069679849340866 0.0018867924528301887 0.003766478342749529
0 0.3462264150943396 0.3041431261770245 0.0018867924528301887 0.0018832391713747645
0 0.39433962264150946 0.3032015065913371 0.0037735849056603774 0.003766478342749529
0 0.3462264150943396 0.300376647834275 0.0018867924528301887 0.0018832391713747645
0 0.2518867924528302 0.300376647834275 0.0018867924528301887 0.0018832391713747645
0 0.2632075471698113 0.2966101694915254 0.0018867924528301887 0.0018832391713747645
0 0.25754716981132075 0.2966101694915254 0.005660377358490566 0.005649717514124294
0 0.6481132075471698 0.2928436911487759 0.0018867924528301887 0.0018832391713747645
0 0.6047169811320755 0.2928436911487759 0.0018867924528301887 0.0018832391713747645
0 0.6396226415094339 0.295668549905838 0.011320754716981131 0.011299435028248588
0 0.6132075471698113 0.300376647834275 0.011320754716981131 0.02071563088512241
0 0.34056603773584904 0.2909604519774011 0.0018867924528301887 0.0018832391713747645
0 0.6443396226415095 0.2871939736346516 0.0018867924528301887 0.0018832391713747645
0 0.6377358490566037 0.2890772128060264 0.007547169811320755 0.005649717514124294
0 0.6150943396226415 0.2890772128060264 0.007547169811320755 0.005649717514124294
0 0.6084905660377359 0.2871939736346516 0.0018867924528301887 0.0018832391713747645
0 0.529245283018868 0.2871939736346516 0.0018867924528301887 0.0018832391713747645
0 0.3443396226415094 0.2919020715630885 0.005660377358490566 0.011299435028248588
0 0.8283018867924529 0.2824858757062147 0.0037735849056603774 0.003766478342749529
0 0.65 0.2787193973634652 0.0018867924528301887 0.003766478342749529
0 0.8264150943396227 0.2768361581920904 0.0037735849056603774 0.003766478342749529
0 0.5650943396226416 0.275894538606403 0.0018867924528301887 0.0018832391713747645
0 0.8292452830188679 0.2740112994350282 0.0018867924528301887 0.0018832391713747645
0 0.5877358490566038 0.2740112994350282 0.0018867924528301887 0.0018832391713747645
0 0.5915094339622642 0.2730696798493409 0.0018867924528301887 0.003766478342749529
0 0.5801886792452831 0.2721280602636535 0.0018867924528301887 0.0018832391713747645
0 0.5660377358490566 0.2721280602636535 0.0037735849056603774 0.0018832391713747645
0 0.560377358490566 0.2749529190207156 0.0037735849056603774 0.007532956685499058
0 0.3650943396226415 0.2693032015065913 0.0018867924528301887 0.003766478342749529
0 0.8292452830188679 0.2570621468926554 0.0018867924528301887 0.0018832391713747645
0 0.8254716981132075 0.2570621468926554 0.0018867924528301887 0.0018832391713747645
0 0.17358490566037735 0.2598870056497175 0.0037735849056603774 0.007532956685499058
0 0.780188679245283 0.24858757062146894 0.005660377358490566 0.007532956685499058
0 0.7839622641509434 0.243879472693032 0.0018867924528301887 0.0018832391713747645
0 0.18490566037735848 0.2448210922787194 0.007547169811320755 0.007532956685499058
0 0.15566037735849056 0.24199623352165725 0.0018867924528301887 0.0018832391713747645
0 0.13679245283018868 0.24293785310734464 0.0018867924528301887 0.003766478342749529
0 0.2009433962264151 0.2401129943502825 0.0018867924528301887 0.0018832391713747645
0 0.19716981132075473 0.23634651600753295 0.0018867924528301887 0.0018832391713747645
0 0.3886792452830189 0.22693032015065914 0.0037735849056603774 0.005649717514124294
0 0.7660377358490567 0.2137476459510358 0.007547169811320755 0.005649717514124294
0 0.7594339622641509 0.211864406779661 0.0018867924528301887 0.0018832391713747645
0 0.21415094339622642 0.211864406779661 0.0018867924528301887 0.0018832391713747645
0 0.7367924528301887 0.1967984934086629 0.0018867924528301887 0.0018832391713747645
0 0.7066037735849057 0.1967984934086629 0.0018867924528301887 0.0018832391713747645
0 0.3886792452830189 0.19868173258003766 0.007547169811320755 0.005649717514124294
0 0.38207547169811323 0.1967984934086629 0.0018867924528301887 0.0018832391713747645
0 0.2339622641509434 0.19868173258003766 0.0037735849056603774 0.005649717514124294
0 0.22830188679245284 0.19868173258003766 0.0037735849056603774 0.005649717514124294
0 0.7688679245283019 0.19491525423728814 0.0018867924528301887 0.0018832391713747645
0 0.25566037735849056 0.1873822975517891 0.0018867924528301887 0.0018832391713747645
0 0.7650943396226415 0.1864406779661017 0.009433962264150943 0.011299435028248588
0 0.2528301886792453 0.17984934086629 0.0037735849056603774 0.005649717514124294
0 0.7537735849056604 0.1760828625235405 0.0018867924528301887 0.0018832391713747645
0 0.75 0.17419962335216574 0.0018867924528301887 0.0018832391713747645
0 0.7518867924528302 0.1694915254237288 0.005660377358490566 0.007532956685499058
0 0.34150943396226413 0.1534839924670433 0.011320754716981131 0.005649717514124294
0 0.3330188679245283 0.1534839924670433 0.005660377358490566 0.005649717514124294
0 0.2688679245283019 0.12146892655367232 0.0018867924528301887 0.0018832391713747645
0 0.49056603773584906 0.519774011299435 0.769811320754717 0.8286252354048964
0 0.2839622641509434 0.1064030131826742 0.0018867924528301887 0.0018832391713747645
0 0.27735849056603773 0.1120527306967985 0.011320754716981131 0.013182674199623353
