0 0.4806896551724138 0.9840182648401826 0.001379310344827586 0.0045662100456621
0 0.4724137931034483 0.9840182648401826 0.001379310344827586 0.0045662100456621
0 0.3413793103448276 0.9840182648401826 0.001379310344827586 0.0045662100456621
0 0.43586206896551727 0.9817351598173516 0.002758620689655172 0.0091324200913242
0 0.3986206896551724 0.9817351598173516 0.002758620689655172 0.0091324200913242
0 0.3027586206896552 0.9817351598173516 0.001379310344827586 0.0091324200913242
0 0.4386206896551724 0.9748858447488584 0.002758620689655172 0.0045662100456621
0 0.41379310344827586 0.9794520547945206 0.002758620689655172 0.0136986301369863
0 0.31448275862068964 0.9794520547945206 0.008275862068965517 0.0136986301369863
0 0.30551724137931036 0.9748858447488584 0.001379310344827586 0.0045662100456621
0 0.3993103448275862 0.9703196347031964 0.001379310344827586 0.0045662100456621
0 0.3027586206896552 0.9703196347031964 0.001379310344827586 0.0045662100456621
0 0.12758620689655173 0.9703196347031964 0.001379310344827586 0.0045662100456621
0 0.11310344827586206 0.9771689497716894 0.005517241379310344 0.0182648401826484
0 0.12482758620689655 0.9726027397260274 0.004137931034482759 0.0182648401826484
0 0.3979310344827586 0.9611872146118722 0.001379310344827586 0.0045662100456621
0 0.1193103448275862 0.9726027397260274 0.009655172413793104 0.0273972602739726
0 0.603448275862069 0.9474885844748858 0.001379310344827586 0.0045662100456621
0 0.07793103448275862 0.9452054794520548 0.004137931034482759 0.0091324200913242
0 0.05241379310344828 0.9452054794520548 0.002758620689655172 0.0091324200913242
0 0.6524137931034483 0.908675799086758 0.002758620689655172 0.0091324200913242
0 0.028275862068965516 0.908675799086758 0.004137931034482759 0.0091324200913242
0 0.023448275862068966 0.908675799086758 0.002758620689655172 0.0091324200913242
0 0.02689655172413793 0.9018264840182648 0.001379310344827586 0.0045662100456621
0 0.7386206896551725 0.8721461187214612 0.006896551724137931 0.0091324200913242
0 0.7310344827586207 0.8721461187214612 0.005517241379310344 0.0091324200913242
0 0.6979310344827586 0.867579908675799 0.005517241379310344 0.0182648401826484
0 0.7 0.8561643835616438 0.001379310344827586 0.0045662100456621
0 0.6972413793103448 0.8515981735159818 0.001379310344827586 0.0045662100456621
0 0.696551724137931 0.8378995433789954 0.002758620689655172 0.0136986301369863
0 0.02413793103448276 0.815068493150685 0.001379310344827586 0.0045662100456621
0 0.8793103448275862 0.8013698630136986 0.001379310344827586 0.0045662100456621
0 0.8641379310344828 0.8013698630136986 0.001379310344827586 0.0045662100456621
0 0.8158620689655173 0.8013698630136986 0.001379310344827586 0.0045662100456621
0 0.8103448275862069 0.7990867579908676 0.004137931034482759 0.0091324200913242
0 0.8144827586206896 0.7922374429223744 0.001379310344827586 0.0045662100456621
0 0.8910344827586207 0.7945205479452054 0.005517241379310344 0.0182648401826484
0 0.8855172413793103 0.7899543378995434 0.008275862068965517 0.0273972602739726
0 0.8579310344827586 0.7899543378995434 0.008275862068965517 0.0273972602739726
0 0.02413793103448276 0.769406392694064 0.001379310344827586 0.0045662100456621
0 0.9144827586206896 0.7625570776255708 0.002758620689655172 0.0091324200913242
0 0.9137931034482759 0.7420091324200914 0.001379310344827586 0.0045662100456621
0 0.923448275862069 0.728310502283105 0.001379310344827586 0.0045662100456621
0 0.9206896551724137 0.728310502283105 0.001379310344827586 0.0045662100456621
0 0.9372413793103448 0.7191780821917808 0.001379310344827586 0.0045662100456621
0 0.9675862068965517 0.6552511415525114 0.001379310344827586 0.0045662100456621
0 0.9703448275862069 0.6529680365296804 0.001379310344827586 0.0091324200913242
0 0.98 0.6164383561643836 0.004137931034482759 0.0091324200913242
0 0.9924137931034482 0.5776255707762558 0.001379310344827586 0.0045662100456621
0 0.9924137931034482 0.5684931506849316 0.001379310344827586 0.0045662100456621
0 0.9855172413793103 0.5753424657534246 0.009655172413793104 0.0182648401826484
0 0.9896551724137931 0.5593607305936074 0.004137931034482759 0.0136986301369863
0 0.03517241379310345 0.5228310502283106 0.001379310344827586 0.0045662100456621
0 0.03379310344827586 0.5091324200913242 0.001379310344827586 0.0045662100456621
0 0.9910344827586207 0.4908675799086758 0.004137931034482759 0.0228310502283105
0 0.9924137931034482 0.4726027397260274 0.001379310344827586 0.0045662100456621
0 0.036551724137931035 0.45662100456621 0.004137931034482759 0.0182648401826484
0 0.03379310344827586 0.4452054794520548 0.001379310344827586 0.0045662100456621
0 0.98 0.4269406392694064 0.001379310344827586 0.0045662100456621
0 0.9806896551724138 0.4063926940639269 0.002758620689655172 0.0091324200913242
0 0.04482758620689655 0.3904109589041096 0.001379310344827586 0.0045662100456621
0 0.9662068965517241 0.3767123287671233 0.001379310344827586 0.0045662100456621
0 0.9696551724137931 0.3698630136986301 0.002758620689655172 0.0091324200913242
0 0.9648275862068966 0.3698630136986301 0.004137931034482759 0.0091324200913242
0 0.04482758620689655 0.3447488584474886 0.001379310344827586 0.0045662100456621
0 0.9551724137931035 0.3401826484018265 0.001379310344827586 0.0045662100456621
0 0.05103448275862069 0.3356164383561644 0.002758620689655172 0.0045662100456621
0 0.9586206896551724 0.3333333333333333 0.002758620689655172 0.0091324200913242
0 0.9537931034482758 0.3333333333333333 0.004137931034482759 0.0091324200913242
0 0.9482758620689655 0.3310502283105023 0.001379310344827586 0.0045662100456621
0 0.9448275862068966 0.3082191780821918 0.008275862068965517 0.0319634703196347
0 0.94 0.2945205479452055 0.001379310344827586 0.0045662100456621
0 0.9372413793103448 0.2945205479452055 0.001379310344827586 0.0045662100456621
0 0.9337931034482758 0.271689497716895 0.008275862068965517 0.0319634703196347
0 0.9289655172413793 0.2579908675799087 0.001379310344827586 0.0045662100456621
0 0.05724137931034483 0.2602739726027397 0.004137931034482759 0.0091324200913242
0 0.06551724137931035 0.2602739726027397 0.004137931034482759 0.0182648401826484
0 0.0696551724137931 0.24885844748858446 0.001379310344827586 0.0045662100456621
0 0.8593103448275862 0.2009132420091324 0.002758620689655172 0.0091324200913242
0 0.8517241379310345 0.19406392694063926 0.001379310344827586 0.0045662100456621
0 0.8586206896551725 0.1872146118721461 0.004137931034482759 0.0091324200913242
0 0.853103448275862 0.18493150684931506 0.001379310344827586 0.0045662100456621
0 0.07793103448275862 0.18036529680365296 0.001379310344827586 0.0045662100456621
0 0.7737931034482759 0.1506849315068493 0.002758620689655172 0.0091324200913242
0 0.74 0.14840182648401826 0.001379310344827586 0.0045662100456621
0 0.7068965517241379 0.14840182648401826 0.001379310344827586 0.0045662100456621
0 0.663448275862069 0.1141552511415525 0.002758620689655172 0.0091324200913242
0 0.6282758620689655 0.11187214611872145 0.001379310344827586 0.0045662100456621
0 0.6089655172413793 0.11187214611872145 0.001379310344827586 0.0045662100456621
0 0.07931034482758621 0.1141552511415525 0.004137931034482759 0.0091324200913242
0 0.1 0.10273972602739725 0.001379310344827586 0.0045662100456621
0 0.1 0.09360730593607305 0.001379310344827586 0.0045662100456621
0 0.5503448275862068 0.0867579908675799 0.002758620689655172 0.0091324200913242
0 0.5055172413793103 0.07990867579908675 0.001379310344827586 0.0045662100456621
0 0.5489655172413793 0.07534246575342465 0.002758620689655172 0.0045662100456621
0 0.5406896551724137 0.0776255707762557 0.002758620689655172 0.0091324200913242
0 0.52 0.0776255707762557 0.002758620689655172 0.0091324200913242
0 0.48758620689655174 0.07534246575342465 0.001379310344827586 0.0045662100456621
0 0.1 0.07534246575342465 0.001379310344827586 0.0045662100456621
0 0.4406896551724138 0.05707762557077625 0.001379310344827586 0.0045662100456621
0 0.4386206896551724 0.04794520547945205 0.002758620689655172 0.0045662100456621
0 0.37448275862068964 0.04794520547945205 0.001379310344827586 0.0045662100456621
0 0.3413793103448276 0.04794520547945205 0.001379310344827586 0.0045662100456621
0 0.32827586206896553 0.04794520547945205 0.002758620689655172 0.0045662100456621
0 0.22827586206896552 0.04794520547945205 0.001379310344827586 0.0045662100456621
0 0.16482758620689655 0.04794520547945205 0.023448275862068966 0.0045662100456621
0 0.23793103448275862 0.04794520547945205 0.006896551724137931 0.0136986301369863
0 0.4406896551724138 0.03881278538812785 0.001379310344827586 0.0045662100456621
0 0.43586206896551727 0.0410958904109589 0.002758620689655172 0.0091324200913242
0 0.42551724137931035 0.03881278538812785 0.001379310344827586 0.0045662100456621
0 0.4220689655172414 0.04794520547945205 0.005517241379310344 0.0228310502283105
0 0.4186206896551724 0.03881278538812785 0.001379310344827586 0.0045662100456621
0 0.3689655172413793 0.04337899543378995 0.009655172413793104 0.0136986301369863
0 0.35793103448275865 0.04337899543378995 0.009655172413793104 0.0136986301369863
0 0.33448275862068966 0.04337899543378995 0.009655172413793104 0.0136986301369863
0 0.27655172413793105 0.03881278538812785 0.001379310344827586 0.0045662100456621
0 0.23241379310344829 0.04337899543378995 0.004137931034482759 0.0136986301369863
0 0.2296551724137931 0.03881278538812785 0.001379310344827586 0.0045662100456621
0 0.19793103448275862 0.03881278538812785 0.001379310344827586 0.0045662100456621
0 0.18689655172413794 0.0410958904109589 0.001379310344827586 0.0091324200913242
0 0.17862068965517242 0.03881278538812785 0.001379310344827586 0.0045662100456621
0 0.1482758620689655 0.04337899543378995 0.009655172413793104 0.0136986301369863
0 0.1317241379310345 0.03881278538812785 0.001379310344827586 0.0045662100456621
0 0.5075862068965518 0.5114155251141552 0.9710344827586207 0.9497716894977168
0 0.12275862068965518 0.03881278538812785 0.002758620689655172 0.0045662100456621
0 0.11379310344827587 0.03881278538812785 0.001379310344827586 0.0045662100456621
0 0.11103448275862068 0.0410958904109589 0.001379310344827586 0.0091324200913242
