0 0.13583333333333333 0.9705357142857143 0.0016666666666666668 0.0017857142857142857
0 0.1325 0.9705357142857143 0.0016666666666666668 0.0017857142857142857
0 0.12416666666666666 0.9705357142857143 0.0016666666666666668 0.0017857142857142857
0 0.12083333333333333 0.9705357142857143 0.0016666666666666668 0.0017857142857142857
0 0.14083333333333334 0.96875 0.011666666666666667 0.005357142857142857
0 0.14083333333333334 0.9651785714285714 0.0016666666666666668 0.0017857142857142857
0 0.13416666666666666 0.9633928571428572 0.0016666666666666668 0.0017857142857142857
0 0.12333333333333334 0.9633928571428572 0.006666666666666667 0.005357142857142857
0 0.9608333333333333 0.9580357142857143 0.0016666666666666668 0.0017857142857142857
0 0.15916666666666668 0.95625 0.0016666666666666668 0.0017857142857142857
0 0.07083333333333333 0.9553571428571429 0.005 0.0035714285714285713
0 0.21083333333333334 0.9419642857142857 0.0016666666666666668 0.0017857142857142857
0 0.2075 0.9419642857142857 0.0016666666666666668 0.0017857142857142857
0 0.19583333333333333 0.9419642857142857 0.0016666666666666668 0.0017857142857142857
0 0.19166666666666668 0.9401785714285714 0.006666666666666667 0.005357142857142857
0 0.20916666666666667 0.9375 0.005 0.0035714285714285713
0 0.2125 0.9348214285714286 0.0016666666666666668 0.0017857142857142857
0 0.19166666666666668 0.9357142857142857 0.0033333333333333335 0.0035714285714285713
0 0.21166666666666667 0.9294642857142857 0.0033333333333333335 0.005357142857142857
0 0.2125 0.9241071428571429 0.0016666666666666668 0.0017857142857142857
0 0.9625 0.91875 0.0016666666666666668 0.0017857142857142857
0 0.7525 0.9133928571428571 0.0016666666666666668 0.0017857142857142857
0 0.049166666666666664 0.9133928571428571 0.0016666666666666668 0.0017857142857142857
0 0.7883333333333333 0.9125 0.0033333333333333335 0.0035714285714285713
0 0.7316666666666667 0.9125 0.0033333333333333335 0.0035714285714285713
0 0.7225 0.9116071428571428 0.0016666666666666668 0.0017857142857142857
0 0.6675 0.9116071428571428 0.0016666666666666668 0.0017857142857142857
0 0.041666666666666664 0.9125 0.0033333333333333335 0.0035714285714285713
0 0.8558333333333333 0.9116071428571428 0.005 0.005357142857142857
0 0.7608333333333334 0.9116071428571428 0.005 0.005357142857142857
0 0.7675 0.9098214285714286 0.008333333333333333 0.005357142857142857
0 0.6675 0.9080357142857143 0.0016666666666666668 0.0017857142857142857
0 0.9608333333333333 0.9026785714285714 0.0016666666666666668 0.0017857142857142857
0 0.8808333333333334 0.8991071428571429 0.0016666666666666668 0.0017857142857142857
0 0.0325 0.8991071428571429 0.0016666666666666668 0.0017857142857142857
0 0.9625 0.8991071428571429 0.005 0.005357142857142857
0 0.2075 0.8973214285714286 0.0016666666666666668 0.0017857142857142857
0 0.9166666666666666 0.8964285714285715 0.006666666666666667 0.007142857142857143
0 0.21 0.9 0.006666666666666667 0.014285714285714285
0 0.9608333333333333 0.8919642857142858 0.0016666666666666668 0.0017857142857142857
0 0.21083333333333334 0.8901785714285714 0.005 0.005357142857142857
0 0.9608333333333333 0.8875 0.0016666666666666668 0.0035714285714285713
0 0.6958333333333333 0.8866071428571428 0.0016666666666666668 0.0017857142857142857
0 0.67 0.8892857142857142 0.006666666666666667 0.007142857142857143
0 0.205 0.8883928571428571 0.0033333333333333335 0.005357142857142857
0 0.2025 0.8866071428571428 0.0016666666666666668 0.0017857142857142857
0 0.9316666666666666 0.8839285714285714 0.0033333333333333335 0.0035714285714285713
0 0.9325 0.8794642857142857 0.0016666666666666668 0.0017857142857142857
0 0.0275 0.8758928571428571 0.0016666666666666668 0.0017857142857142857
0 0.7025 0.8705357142857143 0.0016666666666666668 0.0017857142857142857
0 0.6966666666666667 0.86875 0.006666666666666667 0.005357142857142857
0 0.9433333333333334 0.8678571428571429 0.006666666666666667 0.007142857142857143
0 0.7075 0.8669642857142857 0.005 0.005357142857142857
0 0.985 0.8589285714285714 0.0033333333333333335 0.0035714285714285713
0 0.98 0.9285714285714286 0.04 0.14285714285714285
0 0.6983333333333334 0.8616071428571429 0.01 0.0125
0 0.42 0.85625 0.0033333333333333335 0.0017857142857142857
0 0.41083333333333333 0.85625 0.0016666666666666668 0.0017857142857142857
0 0.4058333333333333 0.85625 0.0016666666666666668 0.0017857142857142857
0 0.43916666666666665 0.8553571428571428 0.0016666666666666668 0.0035714285714285713
0 0.6958333333333333 0.8526785714285714 0.0016666666666666668 0.0017857142857142857
0 0.42083333333333334 0.8526785714285714 0.0016666666666666668 0.0017857142857142857
0 0.39 0.8535714285714285 0.006666666666666667 0.007142857142857143
0 0.2975 0.8419642857142857 0.0016666666666666668 0.0017857142857142857
0 0.19083333333333333 0.8517857142857143 0.018333333333333333 0.02142857142857143
0 0.2025 0.8401785714285714 0.0016666666666666668 0.0017857142857142857
0 0.17333333333333334 0.8401785714285714 0.0033333333333333335 0.0017857142857142857
0 0.3016666666666667 0.8401785714285714 0.006666666666666667 0.005357142857142857
0 0.9566666666666667 0.8392857142857143 0.006666666666666667 0.007142857142857143
0 0.4633333333333333 0.8392857142857143 0.006666666666666667 0.007142857142857143
0 0.30583333333333335 0.8366071428571429 0.0016666666666666668 0.0017857142857142857
0 0.27 0.8392857142857143 0.006666666666666667 0.007142857142857143
0 0.1925 0.8383928571428572 0.008333333333333333 0.005357142857142857
0 0.3016666666666667 0.8357142857142857 0.0033333333333333335 0.0035714285714285713
0 0.6841666666666667 0.8366071428571429 0.008333333333333333 0.0125
0 0.31583333333333335 0.8276785714285714 0.0016666666666666668 0.0017857142857142857
0 0.27 0.8303571428571429 0.006666666666666667 0.007142857142857143
0 0.3875 0.8241071428571428 0.0016666666666666668 0.0017857142857142857
0 0.31916666666666665 0.8241071428571428 0.0016666666666666668 0.0017857142857142857
0 0.25666666666666665 0.825 0.006666666666666667 0.007142857142857143
0 0.9508333333333333 0.8151785714285714 0.005 0.0017857142857142857
0 0.25666666666666665 0.8151785714285714 0.006666666666666667 0.008928571428571428
0 0.6941666666666667 0.8080357142857143 0.0016666666666666668 0.0017857142857142857
0 0.25416666666666665 0.8080357142857143 0.0016666666666666668 0.0017857142857142857
0 0.9458333333333333 0.8044642857142857 0.0016666666666666668 0.0017857142857142857
0 0.33166666666666667 0.80625 0.0033333333333333335 0.005357142857142857
0 0.6941666666666667 0.8026785714285715 0.0016666666666666668 0.0017857142857142857
0 0.94 0.8026785714285715 0.013333333333333334 0.005357142857142857
0 0.6983333333333334 0.8035714285714286 0.0033333333333333335 0.007142857142857143
0 0.4633333333333333 0.8035714285714286 0.006666666666666667 0.007142857142857143
0 0.6308333333333334 0.7991071428571429 0.005 0.0017857142857142857
0 0.49916666666666665 0.7991071428571429 0.0016666666666666668 0.0017857142857142857
0 0.3908333333333333 0.7991071428571429 0.0016666666666666668 0.0017857142857142857
0 0.37083333333333335 0.7991071428571429 0.0016666666666666668 0.0017857142857142857
0 0.014166666666666666 0.7973214285714286 0.0016666666666666668 0.0017857142857142857
0 0.49916666666666665 0.7955357142857142 0.0016666666666666668 0.0017857142857142857
0 0.3875 0.7964285714285714 0.0016666666666666668 0.0035714285714285713
0 0.9325 0.79375 0.0016666666666666668 0.0017857142857142857
0 0.5666666666666667 0.7964285714285714 0.01 0.007142857142857143
0 0.93 0.7901785714285714 0.0033333333333333335 0.0017857142857142857
0 0.2125 0.7901785714285714 0.0016666666666666668 0.0017857142857142857
0 0.0175 0.7928571428571428 0.005 0.007142857142857143
0 0.39 0.7901785714285714 0.006666666666666667 0.005357142857142857
0 0.9325 0.7866071428571428 0.0016666666666666668 0.0017857142857142857
0 0.9266666666666666 0.7875 0.0033333333333333335 0.0035714285714285713
0 0.9208333333333333 0.7875 0.005 0.0035714285714285713
0 0.44916666666666666 0.7866071428571428 0.0016666666666666668 0.0017857142857142857
0 0.3883333333333333 0.7875 0.0033333333333333335 0.0035714285714285713
0 0.015 0.7875 0.0033333333333333335 0.007142857142857143
0 0.45166666666666666 0.7830357142857143 0.0033333333333333335 0.005357142857142857
0 0.020833333333333332 0.7848214285714286 0.005 0.008928571428571428
0 0.4708333333333333 0.7821428571428571 0.008333333333333333 0.007142857142857143
0 0.44916666666666666 0.7785714285714286 0.005 0.007142857142857143
0 0.4525 0.7741071428571429 0.0016666666666666668 0.0017857142857142857
0 0.42916666666666664 0.7741071428571429 0.0016666666666666668 0.0017857142857142857
0 0.42583333333333334 0.7723214285714286 0.0016666666666666668 0.0017857142857142857
0 0.9091666666666667 0.7705357142857143 0.0016666666666666668 0.0017857142857142857
0 0.6975 0.7705357142857143 0.0016666666666666668 0.0017857142857142857
0 0.6491666666666667 0.7705357142857143 0.0016666666666666668 0.0017857142857142857
0 0.6941666666666667 0.7696428571428572 0.0016666666666666668 0.0035714285714285713
0 0.67 0.7696428571428572 0.0033333333333333335 0.0035714285714285713
0 0.6541666666666667 0.7696428571428572 0.005 0.0035714285714285713
0 0.9116666666666666 0.76875 0.0033333333333333335 0.005357142857142857
0 0.9175 0.7669642857142858 0.005 0.005357142857142857
0 0.9141666666666667 0.7598214285714285 0.0016666666666666668 0.0017857142857142857
0 0.4225 0.7580357142857143 0.0016666666666666668 0.0017857142857142857
0 0.024166666666666666 0.7580357142857143 0.0016666666666666668 0.0017857142857142857
0 0.9141666666666667 0.7544642857142857 0.0016666666666666668 0.0017857142857142857
0 0.42583333333333334 0.7544642857142857 0.0016666666666666668 0.0017857142857142857
0 0.4225 0.7544642857142857 0.0016666666666666668 0.0017857142857142857
0 0.9166666666666666 0.7571428571428571 0.006666666666666667 0.014285714285714285
0 0.0275 0.7508928571428571 0.0016666666666666668 0.0017857142857142857
0 0.9175 0.7473214285714286 0.005 0.005357142857142857
0 0.9116666666666666 0.7455357142857143 0.0033333333333333335 0.005357142857142857
0 0.9091666666666667 0.74375 0.0016666666666666668 0.0017857142857142857
0 0.0275 0.74375 0.0016666666666666668 0.0017857142857142857
0 0.2475 0.7419642857142857 0.0016666666666666668 0.0017857142857142857
0 0.22583333333333333 0.7419642857142857 0.0016666666666666668 0.0017857142857142857
0 0.42583333333333334 0.73125 0.0016666666666666668 0.0017857142857142857
0 0.4225 0.73125 0.0016666666666666668 0.0017857142857142857
0 0.43416666666666665 0.7125 0.005 0.0035714285714285713
0 0.9058333333333334 0.7044642857142858 0.0016666666666666668 0.0017857142857142857
0 0.056666666666666664 0.7035714285714286 0.006666666666666667 0.007142857142857143
0 0.0675 0.69375 0.0016666666666666668 0.0017857142857142857
0 0.07083333333333333 0.6901785714285714 0.0016666666666666668 0.005357142857142857
0 0.0675 0.6883928571428571 0.0016666666666666668 0.0017857142857142857
0 0.08083333333333333 0.6794642857142857 0.0016666666666666668 0.0017857142857142857
0 0.9058333333333334 0.6758928571428572 0.0016666666666666668 0.0017857142857142857
0 0.9016666666666666 0.6714285714285714 0.0033333333333333335 0.0035714285714285713
0 0.18416666666666667 0.6598214285714286 0.008333333333333333 0.005357142857142857
0 0.1775 0.6580357142857143 0.0016666666666666668 0.0017857142857142857
0 0.20166666666666666 0.65 0.0033333333333333335 0.010714285714285714
0 0.095 0.6455357142857143 0.0033333333333333335 0.0017857142857142857
0 0.9308333333333333 0.6419642857142858 0.0016666666666666668 0.0017857142857142857
0 0.9325 0.6330357142857143 0.0016666666666666668 0.0017857142857142857
0 0.8958333333333334 0.6276785714285714 0.0016666666666666668 0.0017857142857142857
0 0.19916666666666666 0.6276785714285714 0.0016666666666666668 0.0017857142857142857
0 0.19583333333333333 0.6276785714285714 0.0016666666666666668 0.0017857142857142857
0 0.9316666666666666 0.6258928571428571 0.0033333333333333335 0.0017857142857142857
0 0.10916666666666666 0.6267857142857143 0.005 0.014285714285714285
0 0.19 0.5964285714285714 0.006666666666666667 0.007142857142857143
0 0.14583333333333334 0.5919642857142857 0.0016666666666666668 0.0017857142857142857
0 0.14166666666666666 0.5928571428571429 0.0033333333333333335 0.0035714285714285713
0 0.125 0.5928571428571429 0.0033333333333333335 0.0035714285714285713
0 0.12083333333333333 0.5919642857142857 0.0016666666666666668 0.0017857142857142857
0 0.14166666666666666 0.5883928571428572 0.006666666666666667 0.005357142857142857
0 0.1375 0.5866071428571429 0.0016666666666666668 0.0017857142857142857
0 0.12916666666666668 0.5866071428571429 0.0016666666666666668 0.0017857142857142857
0 0.125 0.5883928571428572 0.006666666666666667 0.005357142857142857
0 0.4583333333333333 0.5625 0.006666666666666667 0.010714285714285714
0 0.18916666666666668 0.5589285714285714 0.005 0.0035714285714285713
0 0.89 0.5553571428571429 0.006666666666666667 0.014285714285714285
0 0.2125 0.5446428571428571 0.005 0.0035714285714285713
0 0.2025 0.5446428571428571 0.005 0.0035714285714285713
0 0.32916666666666666 0.5366071428571428 0.0016666666666666668 0.0017857142857142857
0 0.21416666666666667 0.5366071428571428 0.0016666666666666668 0.0017857142857142857
0 0.39416666666666667 0.53125 0.0016666666666666668 0.0017857142857142857
0 0.3908333333333333 0.5294642857142857 0.0016666666666666668 0.0017857142857142857
0 0.4525 0.5276785714285714 0.0016666666666666668 0.0017857142857142857
0 0.2175 0.5258928571428572 0.0016666666666666668 0.0017857142857142857
0 0.21416666666666667 0.5258928571428572 0.0016666666666666668 0.0017857142857142857
0 0.8391666666666666 0.525 0.0016666666666666668 0.0035714285714285713
0 0.48083333333333333 0.5241071428571429 0.0016666666666666668 0.0017857142857142857
0 0.4891666666666667 0.5205357142857143 0.0016666666666666668 0.0017857142857142857
0 0.4825 0.5205357142857143 0.005 0.0017857142857142857
0 0.33416666666666667 0.51875 0.0016666666666666668 0.0017857142857142857
0 0.37 0.5169642857142858 0.013333333333333334 0.005357142857142857
0 0.3591666666666667 0.5169642857142858 0.005 0.005357142857142857
0 0.33666666666666667 0.5169642857142858 0.0033333333333333335 0.005357142857142857
0 0.7875 0.5116071428571428 0.0016666666666666668 0.0017857142857142857
0 0.48083333333333333 0.5098214285714285 0.0016666666666666668 0.0017857142857142857
0 0.7716666666666666 0.5080357142857143 0.0033333333333333335 0.005357142857142857
0 0.44916666666666666 0.5071428571428571 0.005 0.007142857142857143
0 0.7708333333333334 0.5026785714285714 0.0016666666666666668 0.0017857142857142857
0 0.4525 0.5026785714285714 0.0016666666666666668 0.0017857142857142857
0 0.4125 0.5026785714285714 0.0016666666666666668 0.0017857142857142857
0 0.8366666666666667 0.48928571428571427 0.006666666666666667 0.007142857142857143
0 0.8041666666666667 0.48660714285714285 0.0016666666666666668 0.0017857142857142857
0 0.8008333333333333 0.4875 0.0016666666666666668 0.0035714285714285713
0 0.2425 0.48660714285714285 0.0016666666666666668 0.0017857142857142857
0 0.31916666666666665 0.4830357142857143 0.0016666666666666668 0.0017857142857142857
0 0.31583333333333335 0.4785714285714286 0.005 0.007142857142857143
0 0.3225 0.4705357142857143 0.0016666666666666668 0.0017857142857142857
0 0.48 0.45714285714285713 0.0033333333333333335 0.0035714285714285713
0 0.3458333333333333 0.4544642857142857 0.0016666666666666668 0.0017857142857142857
0 0.3458333333333333 0.45089285714285715 0.0016666666666666668 0.0017857142857142857
0 0.7833333333333333 0.44642857142857145 0.006666666666666667 0.007142857142857143
0 0.24083333333333334 0.4330357142857143 0.0016666666666666668 0.0017857142857142857
0 0.7591666666666667 0.4303571428571429 0.0016666666666666668 0.0035714285714285713
0 0.7558333333333334 0.4294642857142857 0.0016666666666666668 0.0017857142857142857
0 0.3641666666666667 0.4276785714285714 0.0016666666666666668 0.0017857142857142857
0 0.45416666666666666 0.42589285714285713 0.0016666666666666668 0.0017857142857142857
0 0.3575 0.42589285714285713 0.0016666666666666668 0.0017857142857142857
0 0.37 0.42589285714285713 0.006666666666666667 0.005357142857142857
0 0.4575 0.42142857142857143 0.005 0.007142857142857143
0 0.7325 0.41696428571428573 0.0016666666666666668 0.0017857142857142857
0 0.7325 0.41160714285714284 0.0016666666666666668 0.0017857142857142857
0 0.36833333333333335 0.4160714285714286 0.01 0.017857142857142856
0 0.45416666666666666 0.3991071428571429 0.0016666666666666668 0.0017857142857142857
0 0.14583333333333334 0.3991071428571429 0.0016666666666666668 0.0017857142857142857
0 0.7983333333333333 0.3982142857142857 0.0033333333333333335 0.0035714285714285713
0 0.7883333333333333 0.3982142857142857 0.0033333333333333335 0.0035714285714285713
0 0.1375 0.3964285714285714 0.008333333333333333 0.007142857142857143
0 0.215 0.3919642857142857 0.0033333333333333335 0.005357142857142857
0 0.8375 0.3848214285714286 0.0016666666666666668 0.0017857142857142857
0 0.7341666666666666 0.3848214285714286 0.0016666666666666668 0.0017857142857142857
0 0.11583333333333333 0.3848214285714286 0.0016666666666666668 0.0017857142857142857
0 0.11083333333333334 0.3848214285714286 0.0016666666666666668 0.0017857142857142857
0 0.73 0.3830357142857143 0.0033333333333333335 0.0017857142857142857
0 0.7341666666666666 0.38125 0.0016666666666666668 0.0017857142857142857
0 0.12166666666666667 0.3821428571428571 0.006666666666666667 0.007142857142857143
0 0.09666666666666666 0.3821428571428571 0.006666666666666667 0.007142857142857143
0 0.3858333333333333 0.3776785714285714 0.0016666666666666668 0.0017857142857142857
0 0.7458333333333333 0.37589285714285714 0.0016666666666666668 0.0017857142857142857
0 0.8041666666666667 0.3723214285714286 0.005 0.0017857142857142857
0 0.7741666666666667 0.3723214285714286 0.0016666666666666668 0.0017857142857142857
0 0.19083333333333333 0.3705357142857143 0.0016666666666666668 0.0017857142857142857
0 0.3858333333333333 0.36875 0.0016666666666666668 0.0017857142857142857
0 0.3825 0.36875 0.0016666666666666668 0.0017857142857142857
0 0.21416666666666667 0.36875 0.0016666666666666668 0.0017857142857142857
0 0.17833333333333334 0.36964285714285716 0.0033333333333333335 0.0035714285714285713
0 0.8291666666666667 0.36964285714285716 0.005 0.007142857142857143
0 0.19666666666666666 0.36875 0.006666666666666667 0.005357142857142857
0 0.4675 0.3651785714285714 0.0016666666666666668 0.0017857142857142857
0 0.7458333333333333 0.35982142857142857 0.0016666666666666668 0.0017857142857142857
0 0.8275 0.35714285714285715 0.0016666666666666668 0.0035714285714285713
0 0.195 0.3607142857142857 0.01 0.014285714285714285
0 0.7425 0.35267857142857145 0.0016666666666666668 0.0017857142857142857
0 0.2025 0.3535714285714286 0.005 0.007142857142857143
0 0.09666666666666666 0.35267857142857145 0.006666666666666667 0.008928571428571428
0 0.7425 0.34732142857142856 0.0016666666666666668 0.0017857142857142857
0 0.09416666666666666 0.3455357142857143 0.0016666666666666668 0.0017857142857142857
0 0.5058333333333334 0.34375 0.0016666666666666668 0.0017857142857142857
0 0.20083333333333334 0.3464285714285714 0.005 0.007142857142857143
0 0.7741666666666667 0.3419642857142857 0.0016666666666666668 0.0017857142857142857
0 0.7408333333333333 0.33839285714285716 0.0016666666666666668 0.0017857142857142857
0 0.10583333333333333 0.33482142857142855 0.0016666666666666668 0.0017857142857142857
0 0.7441666666666666 0.3375 0.005 0.010714285714285714
0 0.5091666666666667 0.33303571428571427 0.0016666666666666668 0.0017857142857142857
0 0.09833333333333333 0.33839285714285716 0.01 0.0125
0 0.7991666666666667 0.3294642857142857 0.0016666666666666668 0.0017857142857142857
0 0.7758333333333334 0.33125 0.005 0.005357142857142857
0 0.3858333333333333 0.3294642857142857 0.0016666666666666668 0.0017857142857142857
0 0.7666666666666667 0.32767857142857143 0.0033333333333333335 0.0017857142857142857
0 0.8291666666666667 0.3294642857142857 0.005 0.008928571428571428
0 0.7558333333333334 0.3267857142857143 0.0016666666666666668 0.0035714285714285713
0 0.7675 0.32410714285714287 0.0016666666666666668 0.0017857142857142857
0 0.83 0.32410714285714287 0.006666666666666667 0.005357142857142857
0 0.7725 0.325 0.005 0.007142857142857143
0 0.39666666666666667 0.325 0.006666666666666667 0.007142857142857143
0 0.09833333333333333 0.32767857142857143 0.01 0.0125
0 0.09583333333333334 0.32321428571428573 0.0016666666666666668 0.007142857142857143
0 0.5291666666666667 0.31875 0.0016666666666666668 0.0017857142857142857
0 0.8275 0.31785714285714284 0.0016666666666666668 0.0035714285714285713
0 0.8058333333333333 0.3125 0.005 0.0035714285714285713
0 0.8108333333333333 0.3098214285714286 0.0016666666666666668 0.0017857142857142857
0 0.8225 0.30714285714285716 0.005 0.007142857142857143
0 0.8183333333333334 0.30178571428571427 0.0033333333333333335 0.0035714285714285713
0 0.7675 0.30089285714285713 0.0016666666666666668 0.0017857142857142857
0 0.5358333333333334 0.30178571428571427 0.005 0.0035714285714285713
0 0.3983333333333333 0.30357142857142855 0.0033333333333333335 0.010714285714285714
0 0.6941666666666667 0.2955357142857143 0.0016666666666666668 0.0017857142857142857
0 0.7458333333333333 0.29196428571428573 0.0016666666666666668 0.0017857142857142857
0 0.7425 0.29196428571428573 0.0016666666666666668 0.0017857142857142857
0 0.6791666666666667 0.29196428571428573 0.0016666666666666668 0.0017857142857142857
0 0.7441666666666666 0.2883928571428571 0.0016666666666666668 0.0017857142857142857
0 0.8633333333333333 0.29017857142857145 0.006666666666666667 0.008928571428571428
0 0.7308333333333333 0.28660714285714284 0.0016666666666666668 0.0017857142857142857
0 0.4083333333333333 0.2839285714285714 0.0033333333333333335 0.0035714285714285713
0 0.4058333333333333 0.28125 0.0016666666666666668 0.0017857142857142857
0 0.4191666666666667 0.28214285714285714 0.015 0.007142857142857143
0 0.8516666666666667 0.2767857142857143 0.0033333333333333335 0.0035714285714285713
0 0.42583333333333334 0.27589285714285716 0.0016666666666666668 0.0017857142857142857
0 0.8208333333333333 0.2741071428571429 0.0016666666666666668 0.0017857142857142857
0 0.8525 0.27232142857142855 0.0016666666666666668 0.0017857142857142857
0 0.8491666666666666 0.27232142857142855 0.0016666666666666668 0.0017857142857142857
0 0.8166666666666667 0.27232142857142855 0.0033333333333333335 0.0017857142857142857
0 0.6008333333333333 0.26875 0.0016666666666666668 0.0017857142857142857
0 0.42583333333333334 0.2669642857142857 0.0016666666666666668 0.0017857142857142857
0 0.7191666666666666 0.26339285714285715 0.0016666666666666668 0.0017857142857142857
0 0.1175 0.2625 0.011666666666666667 0.010714285714285714
0 0.11 0.26071428571428573 0.006666666666666667 0.007142857142857143
0 0.12083333333333333 0.24732142857142858 0.0016666666666666668 0.0017857142857142857
0 0.7091666666666666 0.24464285714285713 0.0016666666666666668 0.0035714285714285713
0 0.6558333333333334 0.24464285714285713 0.0016666666666666668 0.0035714285714285713
0 0.6375 0.24375 0.0016666666666666668 0.0017857142857142857
0 0.6341666666666667 0.24375 0.0016666666666666668 0.0017857142857142857
0 0.63 0.24464285714285713 0.0033333333333333335 0.0035714285714285713
0 0.6158333333333333 0.24553571428571427 0.005 0.005357142857142857
0 0.42583333333333334 0.24196428571428572 0.0016666666666666668 0.0017857142857142857
0 0.1375 0.24196428571428572 0.0016666666666666668 0.0017857142857142857
0 0.14416666666666667 0.2294642857142857 0.0016666666666666668 0.0017857142857142857
0 0.13833333333333334 0.23482142857142857 0.01 0.0125
0 0.15916666666666668 0.21517857142857144 0.0016666666666666668 0.0017857142857142857
0 0.15333333333333332 0.21785714285714286 0.006666666666666667 0.007142857142857143
0 0.1475 0.21785714285714286 0.0016666666666666668 0.007142857142857143
0 0.17333333333333334 0.20089285714285715 0.0033333333333333335 0.0017857142857142857
0 0.16666666666666666 0.20357142857142857 0.006666666666666667 0.007142857142857143
0 0.16083333333333333 0.20357142857142857 0.0016666666666666668 0.007142857142857143
0 0.4241666666666667 0.18660714285714286 0.0016666666666666668 0.0017857142857142857
0 0.17416666666666666 0.1875 0.0016666666666666668 0.0035714285714285713
0 0.1875 0.17589285714285716 0.0016666666666666668 0.0017857142857142857
0 0.20083333333333334 0.16160714285714287 0.0016666666666666668 0.0017857142857142857
0 0.4241666666666667 0.14732142857142858 0.0016666666666666668 0.0017857142857142857
0 0.25666666666666665 0.13214285714285715 0.006666666666666667 0.007142857142857143
0 0.4525 0.12589285714285714 0.0016666666666666668 0.0017857142857142857
0 0.44916666666666666 0.12142857142857143 0.005 0.007142857142857143
0 0.45166666666666666 0.11607142857142858 0.0033333333333333335 0.007142857142857143
0 0.2675 0.11160714285714286 0.0016666666666666668 0.0017857142857142857
0 0.2708333333333333 0.10714285714285714 0.005 0.007142857142857143
0 0.4483333333333333 0.10982142857142857 0.01 0.01607142857142857
0 0.275 0.10089285714285715 0.0033333333333333335 0.005357142857142857
0 0.4525 0.09732142857142857 0.0016666666666666668 0.0017857142857142857
0 0.45166666666666666 0.08392857142857142 0.0033333333333333335 0.007142857142857143
0 0.44916666666666666 0.07857142857142857 0.005 0.007142857142857143
0 0.4525 0.07410714285714286 0.0016666666666666668 0.0017857142857142857
0 0.2683333333333333 0.06339285714285714 0.0033333333333333335 0.0017857142857142857
0 0.27416666666666667 0.06160714285714286 0.0016666666666666668 0.0017857142857142857
0 0.43916666666666665 0.05892857142857143 0.0016666666666666668 0.0035714285714285713
0 0.43583333333333335 0.05803571428571429 0.0016666666666666668 0.0017857142857142857
0 0.4033333333333333 0.060714285714285714 0.006666666666666667 0.007142857142857143
0 0.2791666666666667 0.059821428571428574 0.005 0.005357142857142857
0 0.27416666666666667 0.05803571428571429 0.0016666666666666668 0.0017857142857142857
0 0.26916666666666667 0.05892857142857143 0.005 0.0035714285714285713
0 0.4866666666666667 0.5071428571428571 0.9466666666666667 0.9285714285714286
