0 0.25 0.9991181657848325 0.0011494252873563218 0.001763668430335097
0 0.24770114942528734 0.9991181657848325 0.0011494252873563218 0.001763668430335097
0 0.43160919540229886 0.9867724867724867 0.0011494252873563218 0.001763668430335097
0 0.35229885057471266 0.9867724867724867 0.0011494252873563218 0.001763668430335097
0 0.3 0.9867724867724867 0.0022988505747126436 0.001763668430335097
0 0.42758620689655175 0.9858906525573192 0.0022988505747126436 0.003527336860670194
0 0.3339080459770115 0.9858906525573192 0.0034482758620689655 0.003527336860670194
0 0.4298850574712644 0.9832451499118166 0.0022988505747126436 0.001763668430335097
0 0.35517241379310344 0.9850088183421517 0.004597701149425287 0.005291005291005291
0 0.2028735632183908 0.9832451499118166 0.0011494252873563218 0.001763668430335097
0 0.3764367816091954 0.9814814814814815 0.0011494252873563218 0.001763668430335097
0 0.3683908045977011 0.9814814814814815 0.0011494252873563218 0.001763668430335097
0 0.35804597701149427 0.9814814814814815 0.0011494252873563218 0.001763668430335097
0 0.32241379310344825 0.982363315696649 0.01954022988505747 0.003527336860670194
0 0.20689655172413793 0.9841269841269841 0.006896551724137931 0.007054673721340388
0 0.43160919540229886 0.9797178130511464 0.0011494252873563218 0.001763668430335097
0 0.35517241379310344 0.9805996472663139 0.0022988505747126436 0.003527336860670194
0 0.9281609195402298 0.972663139329806 0.0011494252873563218 0.001763668430335097
0 0.3954022988505747 0.972663139329806 0.0022988505747126436 0.001763668430335097
0 0.9833333333333333 0.9708994708994709 0.0011494252873563218 0.001763668430335097
0 0.9086206896551724 0.9708994708994709 0.0011494252873563218 0.001763668430335097
0 0.9063218390804598 0.9708994708994709 0.0011494252873563218 0.001763668430335097
0 0.44080459770114944 0.9708994708994709 0.0011494252873563218 0.001763668430335097
0 0.4028735632183908 0.9708994708994709 0.0011494252873563218 0.001763668430335097
0 0.18448275862068966 0.9717813051146384 0.0011494252873563218 0.003527336860670194
0 0.4385057471264368 0.9691358024691358 0.0011494252873563218 0.005291005291005291
0 0.3994252873563218 0.9700176366843033 0.0034482758620689655 0.007054673721340388
0 0.39252873563218393 0.9691358024691358 0.0034482758620689655 0.005291005291005291
0 0.44080459770114944 0.9656084656084656 0.0011494252873563218 0.001763668430335097
0 0.3971264367816092 0.9673721340388007 0.0034482758620689655 0.005291005291005291
0 0.9810344827586207 0.9664902998236331 0.0034482758620689655 0.007054673721340388
0 0.9781609195402299 0.9611992945326279 0.0022988505747126436 0.003527336860670194
0 0.9827586206896551 0.9611992945326279 0.0022988505747126436 0.007054673721340388
0 0.8666666666666667 0.9559082892416225 0.004597701149425287 0.007054673721340388
0 0.8683908045977011 0.9514991181657848 0.0011494252873563218 0.001763668430335097
0 0.8660919540229886 0.9497354497354498 0.0011494252873563218 0.001763668430335097
0 0.8649425287356322 0.9462081128747796 0.0011494252873563218 0.001763668430335097
0 0.49367816091954025 0.9444444444444444 0.0011494252873563218 0.001763668430335097
0 0.482183908045977 0.9444444444444444 0.0011494252873563218 0.001763668430335097
0 0.46839080459770116 0.9444444444444444 0.0011494252873563218 0.001763668430335097
0 0.4959770114942529 0.9435626102292769 0.0011494252873563218 0.003527336860670194
0 0.4850574712643678 0.9435626102292769 0.0022988505747126436 0.003527336860670194
0 0.4982758620689655 0.9303350970017636 0.0011494252873563218 0.001763668430335097
0 0.9913793103448276 0.9197530864197531 0.0034482758620689655 0.012345679012345678
0 0.5488505747126436 0.9021164021164021 0.0011494252873563218 0.001763668430335097
0 0.5511494252873563 0.9012345679012346 0.0011494252873563218 0.003527336860670194
0 0.5402298850574713 0.9012345679012346 0.0022988505747126436 0.003527336860670194
0 0.5385057471264367 0.8985890652557319 0.0011494252873563218 0.001763668430335097
0 0.12988505747126436 0.8985890652557319 0.0022988505747126436 0.005291005291005291
0 0.8666666666666667 0.9162257495590829 0.004597701149425287 0.06172839506172839
0 0.11091954022988505 0.8844797178130511 0.0011494252873563218 0.001763668430335097
0 0.8649425287356322 0.8791887125220459 0.0011494252873563218 0.001763668430335097
0 0.8672413793103448 0.8756613756613757 0.0011494252873563218 0.001763668430335097
0 0.8649425287356322 0.8756613756613757 0.0011494252873563218 0.001763668430335097
0 0.5591954022988506 0.8738977072310405 0.0011494252873563218 0.001763668430335097
0 0.5683908045977012 0.8721340388007055 0.0011494252873563218 0.001763668430335097
0 0.11091954022988505 0.8686067019400353 0.0011494252873563218 0.001763668430335097
0 0.5954022988505747 0.8571428571428571 0.004597701149425287 0.007054673721340388
0 0.8649425287356322 0.8421516754850088 0.0011494252873563218 0.001763668430335097
0 0.11551724137931034 0.8359788359788359 0.0011494252873563218 0.003527336860670194
0 0.8655172413793103 0.8306878306878307 0.0022988505747126436 0.007054673721340388
0 0.8672413793103448 0.8253968253968254 0.0034482758620689655 0.007054673721340388
0 0.8649425287356322 0.8209876543209876 0.0011494252873563218 0.001763668430335097
0 0.10459770114942529 0.8156966490299824 0.006896551724137931 0.005291005291005291
0 0.6045977011494252 0.8148148148148148 0.004597701149425287 0.007054673721340388
0 0.9925287356321839 0.8033509700176367 0.0011494252873563218 0.001763668430335097
0 0.8741379310344828 0.8033509700176367 0.0011494252873563218 0.001763668430335097
0 0.6166666666666667 0.8024691358024691 0.0034482758620689655 0.003527336860670194
0 0.9925287356321839 0.7892416225749559 0.0011494252873563218 0.001763668430335097
0 0.08908045977011494 0.7892416225749559 0.0011494252873563218 0.001763668430335097
0 0.6431034482758621 0.7874779541446209 0.0011494252873563218 0.001763668430335097
0 0.6304597701149425 0.7883597883597884 0.0011494252873563218 0.003527336860670194
0 0.6431034482758621 0.783068783068783 0.0011494252873563218 0.003527336860670194
0 0.8781609195402299 0.7786596119929453 0.0022988505747126436 0.005291005291005291
0 0.8752873563218391 0.7768959435626103 0.0011494252873563218 0.001763668430335097
0 0.9925287356321839 0.7751322751322751 0.0011494252873563218 0.001763668430335097
0 0.6591954022988505 0.7751322751322751 0.0011494252873563218 0.001763668430335097
0 0.6614942528735632 0.7716049382716049 0.0011494252873563218 0.001763668430335097
0 0.8833333333333333 0.7610229276895943 0.0011494252873563218 0.001763668430335097
0 0.06494252873563218 0.7592592592592593 0.0011494252873563218 0.001763668430335097
0 0.9833333333333333 0.7574955908289241 0.0011494252873563218 0.001763668430335097
0 0.06724137931034482 0.7574955908289241 0.0011494252873563218 0.005291005291005291
0 0.06494252873563218 0.753968253968254 0.0011494252873563218 0.001763668430335097
0 0.9603448275862069 0.7504409171075838 0.0011494252873563218 0.001763668430335097
0 0.9580459770114943 0.7504409171075838 0.0011494252873563218 0.001763668430335097
0 0.9482758620689655 0.7513227513227513 0.0022988505747126436 0.003527336860670194
0 0.9833333333333333 0.7495590828924162 0.0011494252873563218 0.003527336860670194
0 0.9270114942528735 0.7486772486772487 0.0011494252873563218 0.001763668430335097
0 0.9287356321839081 0.8606701940035273 0.12873563218390804 0.2257495590828924
0 0.8862068965517241 0.7486772486772487 0.0022988505747126436 0.001763668430335097
0 0.8833333333333333 0.7486772486772487 0.0011494252873563218 0.001763668430335097
0 0.06666666666666667 0.7451499118165785 0.0022988505747126436 0.001763668430335097
0 0.6873563218390805 0.7257495590828924 0.004597701149425287 0.015873015873015872
0 0.6890804597701149 0.716931216931217 0.0011494252873563218 0.001763668430335097
0 0.05574712643678161 0.7063492063492064 0.0011494252873563218 0.001763668430335097
0 0.6925287356321839 0.7045855379188712 0.0011494252873563218 0.001763668430335097
0 0.696551724137931 0.7028218694885362 0.004597701149425287 0.005291005291005291
0 0.6954022988505747 0.6966490299823633 0.006896551724137931 0.010582010582010581
0 0.6977011494252874 0.6851851851851852 0.0022988505747126436 0.012345679012345678
0 0.710919540229885 0.6763668430335097 0.0011494252873563218 0.001763668430335097
0 0.707471264367816 0.6746031746031746 0.0011494252873563218 0.001763668430335097
0 0.7149425287356321 0.6746031746031746 0.004597701149425287 0.005291005291005291
0 0.7080459770114943 0.6710758377425045 0.0022988505747126436 0.001763668430335097
0 0.7137931034482758 0.6675485008818343 0.006896551724137931 0.012345679012345678
0 0.03735632183908046 0.6463844797178131 0.0011494252873563218 0.001763668430335097
0 0.7086206896551724 0.6428571428571429 0.0011494252873563218 0.001763668430335097
0 0.039655172413793106 0.644620811287478 0.0011494252873563218 0.005291005291005291
0 0.03735632183908046 0.6410934744268078 0.0011494252873563218 0.001763668430335097
0 0.7258620689655172 0.6305114638447972 0.0011494252873563218 0.001763668430335097
0 0.7160919540229885 0.6375661375661376 0.011494252873563218 0.015873015873015872
0 0.03735632183908046 0.626984126984127 0.0011494252873563218 0.001763668430335097
0 0.03505747126436782 0.6199294532627866 0.0011494252873563218 0.001763668430335097
0 0.7327586206896551 0.6058201058201058 0.0011494252873563218 0.001763668430335097
0 0.029885057471264367 0.6067019400352733 0.0022988505747126436 0.003527336860670194
0 0.7350574712643678 0.6049382716049383 0.0011494252873563218 0.003527336860670194
0 0.028735632183908046 0.6022927689594356 0.0022988505747126436 0.001763668430335097
0 0.029310344827586206 0.5987654320987654 0.0011494252873563218 0.001763668430335097
0 0.743103448275862 0.5908289241622575 0.0034482758620689655 0.003527336860670194
0 0.020689655172413793 0.5890652557319224 0.004597701149425287 0.007054673721340388
0 0.020689655172413793 0.5793650793650794 0.004597701149425287 0.008818342151675485
0 0.7436781609195402 0.5767195767195767 0.0022988505747126436 0.007054673721340388
0 0.7419540229885058 0.5714285714285714 0.0034482758620689655 0.007054673721340388
0 0.7442528735632183 0.5670194003527337 0.0011494252873563218 0.001763668430335097
0 0.5488505747126436 0.5264550264550265 0.0011494252873563218 0.001763668430335097
0 0.6011494252873564 0.5238095238095238 0.0022988505747126436 0.003527336860670194
0 0.5925287356321839 0.5229276895943563 0.0011494252873563218 0.001763668430335097
0 0.5798850574712644 0.5255731922398589 0.0011494252873563218 0.007054673721340388
0 0.5678160919540229 0.5255731922398589 0.004597701149425287 0.007054673721340388
0 0.603448275862069 0.5202821869488536 0.0022988505747126436 0.003527336860670194
0 0.5988505747126437 0.5194003527336861 0.0022988505747126436 0.005291005291005291
0 0.6005747126436781 0.5149911816578483 0.0034482758620689655 0.007054673721340388
0 0.5982758620689655 0.5105820105820106 0.0011494252873563218 0.001763668430335097
0 0.6068965517241379 0.5097001763668431 0.0022988505747126436 0.003527336860670194
0 0.7442528735632183 0.5044091710758377 0.0011494252873563218 0.007054673721340388
0 0.7402298850574712 0.5044091710758377 0.004597701149425287 0.007054673721340388
0 0.5316091954022989 0.4964726631393298 0.0034482758620689655 0.001763668430335097
0 0.7442528735632183 0.4929453262786596 0.0011494252873563218 0.001763668430335097
0 0.6166666666666667 0.4929453262786596 0.0011494252873563218 0.001763668430335097
0 0.617816091954023 0.48148148148148145 0.0034482758620689655 0.003527336860670194
0 0.5304597701149425 0.47795414462081126 0.0034482758620689655 0.003527336860670194
0 0.7528735632183908 0.47530864197530864 0.0022988505747126436 0.001763668430335097
0 0.5591954022988506 0.47530864197530864 0.0034482758620689655 0.008818342151675485
0 0.7522988505747127 0.4691358024691358 0.0034482758620689655 0.007054673721340388
0 0.6729885057471264 0.46649029982363316 0.0011494252873563218 0.001763668430335097
0 0.6683908045977012 0.46649029982363316 0.0011494252873563218 0.001763668430335097
0 0.6660919540229885 0.46649029982363316 0.0011494252873563218 0.001763668430335097
0 0.6821839080459771 0.4576719576719577 0.0034482758620689655 0.005291005291005291
0 0.6850574712643678 0.4532627865961199 0.0022988505747126436 0.003527336860670194
0 0.6821839080459771 0.4523809523809524 0.0011494252873563218 0.001763668430335097
0 0.753448275862069 0.4506172839506173 0.0011494252873563218 0.001763668430335097
0 0.5695402298850575 0.4329805996472663 0.0011494252873563218 0.001763668430335097
0 0.020689655172413793 0.43386243386243384 0.004597701149425287 0.007054673721340388
0 0.753448275862069 0.42239858906525574 0.0011494252873563218 0.001763668430335097
0 0.021264367816091954 0.42416225749559083 0.005747126436781609 0.008818342151675485
0 0.6902298850574713 0.41975308641975306 0.0011494252873563218 0.003527336860670194
0 0.01896551724137931 0.41887125220458554 0.0011494252873563218 0.001763668430335097
0 0.578735632183908 0.41710758377425045 0.0011494252873563218 0.001763668430335097
0 0.753448275862069 0.41181657848324515 0.0011494252873563218 0.001763668430335097
0 0.6919540229885057 0.41358024691358025 0.004597701149425287 0.005291005291005291
0 0.6908045977011494 0.4109347442680776 0.0022988505747126436 0.003527336860670194
0 0.582183908045977 0.40476190476190477 0.0011494252873563218 0.001763668430335097
0 0.5862068965517241 0.4056437389770723 0.004597701149425287 0.007054673721340388
0 0.039655172413793106 0.3994708994708995 0.0011494252873563218 0.001763668430335097
0 0.6913793103448276 0.3932980599647266 0.0034482758620689655 0.003527336860670194
0 0.6913793103448276 0.3888888888888889 0.0011494252873563218 0.001763668430335097
0 0.35574712643678164 0.390652557319224 0.0034482758620689655 0.005291005291005291
0 0.5695402298850575 0.3818342151675485 0.0011494252873563218 0.001763668430335097
0 0.3431034482758621 0.38271604938271603 0.0034482758620689655 0.003527336860670194
0 0.3333333333333333 0.38271604938271603 0.0022988505747126436 0.003527336860670194
0 0.3132183908045977 0.3818342151675485 0.0011494252873563218 0.001763668430335097
0 0.026436781609195402 0.38271604938271603 0.0022988505747126436 0.003527336860670194
0 0.3120689655172414 0.3712522045855379 0.0011494252873563218 0.001763668430335097
0 0.6971264367816092 0.36860670194003525 0.0011494252873563218 0.003527336860670194
0 0.5454022988505747 0.36860670194003525 0.005747126436781609 0.003527336860670194
0 0.04770114942528736 0.36507936507936506 0.0034482758620689655 0.003527336860670194
0 0.7011494252873564 0.36507936507936506 0.004597701149425287 0.007054673721340388
0 0.5229885057471264 0.35802469135802467 0.0022988505747126436 0.003527336860670194
0 0.35229885057471266 0.35978835978835977 0.0034482758620689655 0.007054673721340388
0 0.35 0.35537918871252205 0.0011494252873563218 0.001763668430335097
0 0.7011494252873564 0.3562610229276896 0.004597701149425287 0.007054673721340388
0 0.5235632183908046 0.35361552028218696 0.0011494252873563218 0.001763668430335097
0 0.521264367816092 0.35361552028218696 0.0011494252873563218 0.001763668430335097
0 0.7413793103448276 0.3439153439153439 0.0022988505747126436 0.003527336860670194
0 0.7442528735632183 0.3412698412698413 0.0011494252873563218 0.001763668430335097
0 0.03735632183908046 0.3377425044091711 0.0011494252873563218 0.001763668430335097
0 0.04080459770114943 0.3289241622574956 0.0011494252873563218 0.001763668430335097
0 0.5057471264367817 0.3262786596119929 0.004597701149425287 0.003527336860670194
0 0.3281609195402299 0.3236331569664903 0.0011494252873563218 0.001763668430335097
0 0.3235632183908046 0.3236331569664903 0.0011494252873563218 0.001763668430335097
0 0.7436781609195402 0.3201058201058201 0.0022988505747126436 0.001763668430335097
0 0.3252873563218391 0.3201058201058201 0.004597701149425287 0.005291005291005291
0 0.39655172413793105 0.3148148148148148 0.0022988505747126436 0.001763668430335097
0 0.482183908045977 0.31040564373897706 0.0011494252873563218 0.003527336860670194
0 0.4051724137931034 0.30423280423280424 0.0011494252873563218 0.001763668430335097
0 0.40977011494252874 0.30246913580246915 0.0011494252873563218 0.001763668430335097
0 0.3488505747126437 0.30246913580246915 0.0011494252873563218 0.001763668430335097
0 0.34597701149425286 0.30335097001763667 0.0022988505747126436 0.003527336860670194
0 0.4051724137931034 0.30070546737213405 0.0011494252873563218 0.001763668430335097
0 0.47988505747126436 0.29717813051146386 0.0011494252873563218 0.001763668430335097
0 0.40632183908045977 0.29717813051146386 0.0011494252873563218 0.001763668430335097
0 0.34597701149425286 0.29894179894179895 0.004597701149425287 0.005291005291005291
0 0.3431034482758621 0.29717813051146386 0.0011494252873563218 0.001763668430335097
0 0.03735632183908046 0.29365079365079366 0.0011494252873563218 0.001763668430335097
0 0.46839080459770116 0.29012345679012347 0.0011494252873563218 0.001763668430335097
0 0.4281609195402299 0.28835978835978837 0.0011494252873563218 0.001763668430335097
0 0.7120689655172414 0.2830687830687831 0.0011494252873563218 0.001763668430335097
0 0.4218390804597701 0.2839506172839506 0.0022988505747126436 0.003527336860670194
0 0.0339080459770115 0.281305114638448 0.0011494252873563218 0.001763668430335097
0 0.029885057471264367 0.2795414462081129 0.004597701149425287 0.005291005291005291
0 0.038505747126436785 0.2830687830687831 0.005747126436781609 0.015873015873015872
0 0.7224137931034482 0.2689594356261023 0.0011494252873563218 0.001763668430335097
0 0.42126436781609194 0.2671957671957672 0.0011494252873563218 0.001763668430335097
0 0.47758620689655173 0.25308641975308643 0.0011494252873563218 0.001763668430335097
0 0.4752873563218391 0.25308641975308643 0.0011494252873563218 0.001763668430335097
0 0.028735632183908046 0.25220458553791886 0.0022988505747126436 0.003527336860670194
0 0.47701149425287354 0.24867724867724866 0.0022988505747126436 0.003527336860670194
0 0.028160919540229885 0.24779541446208111 0.0011494252873563218 0.001763668430335097
0 0.41724137931034483 0.2495590828924162 0.006896551724137931 0.012345679012345678
0 0.03045977011494253 0.24514991181657847 0.0034482758620689655 0.003527336860670194
0 0.42011494252873566 0.24074074074074073 0.0011494252873563218 0.001763668430335097
0 0.4160919540229885 0.24250440917107582 0.004597701149425287 0.005291005291005291
0 0.3132183908045977 0.24074074074074073 0.0011494252873563218 0.001763668430335097
0 0.031609195402298854 0.24074074074074073 0.0011494252873563218 0.001763668430335097
0 0.029310344827586206 0.24074074074074073 0.0011494252873563218 0.001763668430335097
0 0.28390804597701147 0.2275132275132275 0.0022988505747126436 0.003527336860670194
0 0.03735632183908046 0.22663139329805995 0.0011494252873563218 0.001763668430335097
0 0.43275862068965515 0.2239858906525573 0.0011494252873563218 0.003527336860670194
0 0.3103448275862069 0.2222222222222222 0.004597701149425287 0.007054673721340388
0 0.29540229885057473 0.2204585537918871 0.0022988505747126436 0.007054673721340388
0 0.2833333333333333 0.21869488536155202 0.0034482758620689655 0.007054673721340388
0 0.3120689655172414 0.2037037037037037 0.0011494252873563218 0.001763668430335097
0 0.3120689655172414 0.2001763668430335 0.0011494252873563218 0.001763668430335097
0 0.45689655172413796 0.1984126984126984 0.0011494252873563218 0.001763668430335097
0 0.08448275862068966 0.18783068783068782 0.0011494252873563218 0.001763668430335097
0 0.10172413793103448 0.18430335097001763 0.0011494252873563218 0.001763668430335097
0 0.09022988505747126 0.18518518518518517 0.0034482758620689655 0.003527336860670194
0 0.08333333333333333 0.18430335097001763 0.0011494252873563218 0.001763668430335097
0 0.04310344827586207 0.18430335097001763 0.0034482758620689655 0.001763668430335097
0 0.09482758620689655 0.18253968253968253 0.0011494252873563218 0.001763668430335097
0 0.36724137931034484 0.18077601410934743 0.0011494252873563218 0.001763668430335097
0 0.3511494252873563 0.18077601410934743 0.0011494252873563218 0.001763668430335097
0 0.33793103448275863 0.18165784832451498 0.0022988505747126436 0.003527336860670194
0 0.0925287356321839 0.18165784832451498 0.0011494252873563218 0.003527336860670194
0 0.33620689655172414 0.17724867724867724 0.0011494252873563218 0.001763668430335097
0 0.3649425287356322 0.1763668430335097 0.0034482758620689655 0.007054673721340388
0 0.36666666666666664 0.17195767195767195 0.0022988505747126436 0.005291005291005291
0 0.052298850574712646 0.17019400352733685 0.0011494252873563218 0.001763668430335097
0 0.09022988505747126 0.1675485008818342 0.0011494252873563218 0.003527336860670194
0 0.35919540229885055 0.15079365079365079 0.0011494252873563218 0.001763668430335097
0 0.21551724137931033 0.1455026455026455 0.0011494252873563218 0.001763668430335097
0 0.364367816091954 0.14991181657848324 0.006896551724137931 0.014109347442680775
0 0.21149425287356322 0.1455026455026455 0.004597701149425287 0.005291005291005291
0 0.08505747126436781 0.14462081128747795 0.004597701149425287 0.007054673721340388
0 0.3764367816091954 0.1384479717813051 0.0011494252873563218 0.001763668430335097
0 0.11149425287356322 0.13315696649029982 0.0022988505747126436 0.001763668430335097
0 0.2 0.13051146384479717 0.004597701149425287 0.007054673721340388
0 0.1925287356321839 0.12786596119929453 0.0011494252873563218 0.001763668430335097
0 0.16724137931034483 0.12786596119929453 0.0011494252873563218 0.001763668430335097
0 0.16379310344827586 0.12786596119929453 0.0011494252873563218 0.001763668430335097
0 0.1557471264367816 0.12786596119929453 0.0011494252873563218 0.001763668430335097
0 0.13045977011494253 0.12786596119929453 0.0011494252873563218 0.001763668430335097
0 0.11896551724137931 0.12786596119929453 0.0011494252873563218 0.001763668430335097
0 0.23045977011494254 0.12610229276895943 0.0011494252873563218 0.001763668430335097
0 0.3781609195402299 0.12522045855379188 0.0022988505747126436 0.003527336860670194
0 0.382183908045977 0.12081128747795414 0.0011494252873563218 0.001763668430335097
0 0.3798850574712644 0.12169312169312169 0.0034482758620689655 0.007054673721340388
0 0.23045977011494254 0.11904761904761904 0.0011494252873563218 0.001763668430335097
0 0.23045977011494254 0.10846560846560846 0.0011494252873563218 0.001763668430335097
0 0.24482758620689654 0.10582010582010581 0.0022988505747126436 0.003527336860670194
0 0.24885057471264369 0.09964726631393298 0.0011494252873563218 0.001763668430335097
0 0.24482758620689654 0.10141093474426807 0.004597701149425287 0.005291005291005291
0 0.24195402298850574 0.09964726631393298 0.0011494252873563218 0.001763668430335097
0 0.43160919540229886 0.09523809523809523 0.0011494252873563218 0.003527336860670194
0 0.27241379310344827 0.08641975308641975 0.004597701149425287 0.003527336860670194
0 0.26839080459770115 0.0855379188712522 0.0011494252873563218 0.001763668430335097
0 0.2597701149425287 0.08818342151675485 0.004597701149425287 0.007054673721340388
0 0.28563218390804596 0.06261022927689594 0.0011494252873563218 0.001763668430335097
0 0.4086206896551724 0.059964726631393295 0.0034482758620689655 0.007054673721340388
0 0.2867816091954023 0.0582010582010582 0.0034482758620689655 0.003527336860670194
0 0.4017241379310345 0.05555555555555555 0.0011494252873563218 0.001763668430335097
0 0.32126436781609197 0.04497354497354497 0.0011494252873563218 0.001763668430335097
0 0.4011494252873563 0.048500881834215165 0.006896551724137931 0.012345679012345678
0 0.3971264367816092 0.043209876543209874 0.0011494252873563218 0.001763668430335097
0 0.34195402298850575 0.043209876543209874 0.0011494252873563218 0.001763668430335097
0 0.32701149425287357 0.04497354497354497 0.0034482758620689655 0.005291005291005291
0 0.3235632183908046 0.04409171075837742 0.0011494252873563218 0.003527336860670194
0 0.31666666666666665 0.043209876543209874 0.0011494252873563218 0.001763668430335097
0 0.3775862068965517 0.03527336860670194 0.0011494252873563218 0.003527336860670194
0 0.36724137931034484 0.03262786596119929 0.0011494252873563218 0.001763668430335097
0 0.3775862068965517 0.030864197530864196 0.0011494252873563218 0.001763668430335097
0 0.3931034482758621 0.031746031746031744 0.004597701149425287 0.007054673721340388
0 0.39080459770114945 0.5141093474426808 0.7448275862068966 0.9717813051146384
0 0.3632183908045977 0.031746031746031744 0.006896551724137931 0.007054673721340388
0 0.35574712643678164 0.0291005291005291 0.0011494252873563218 0.001763668430335097
0 0.35 0.0291005291005291 0.0011494252873563218 0.001763668430335097
