0 0.7431865828092243 0.9795751633986928 0.0020964360587002098 0.0016339869281045752
0 0.7306079664570231 0.9795751633986928 0.0020964360587002098 0.0016339869281045752
0 0.750524109014675 0.9779411764705882 0.008385744234800839 0.004901960784313725
0 0.7484276729559748 0.9722222222222222 0.012578616352201259 0.00980392156862745
0 0.7536687631027253 0.951797385620915 0.0020964360587002098 0.0016339869281045752
0 0.5262054507337526 0.9395424836601307 0.0041928721174004195 0.0032679738562091504
0 0.9475890985324947 0.9272875816993464 0.0041928721174004195 0.0016339869281045752
0 0.4979035639412998 0.9272875816993464 0.0020964360587002098 0.0016339869281045752
0 0.4580712788259958 0.9272875816993464 0.0020964360587002098 0.0016339869281045752
0 0.9255765199161425 0.9264705882352942 0.0020964360587002098 0.0032679738562091504
0 0.4937106918238994 0.9256535947712419 0.0020964360587002098 0.0016339869281045752
0 0.4716981132075472 0.9264705882352942 0.0041928721174004195 0.0032679738562091504
0 0.9486373165618449 0.9240196078431373 0.0020964360587002098 0.0016339869281045752
0 0.9318658280922432 0.9256535947712419 0.006289308176100629 0.004901960784313725
0 0.4371069182389937 0.9240196078431373 0.0020964360587002098 0.0016339869281045752
0 0.9538784067085954 0.9248366013071896 0.0041928721174004195 0.006535947712418301
0 0.7672955974842768 0.9248366013071896 0.008385744234800839 0.006535947712418301
0 0.4444444444444444 0.9248366013071896 0.012578616352201259 0.006535947712418301
0 0.48951781970649894 0.9191176470588235 0.0020964360587002098 0.0016339869281045752
0 0.7672955974842768 0.9174836601307189 0.008385744234800839 0.004901960784313725
0 0.4224318658280922 0.9142156862745098 0.0020964360587002098 0.0016339869281045752
0 0.3951781970649895 0.9142156862745098 0.0020964360587002098 0.0016339869281045752
0 0.34067085953878407 0.9142156862745098 0.0020964360587002098 0.0016339869281045752
0 0.8752620545073375 0.9117647058823529 0.006289308176100629 0.0032679738562091504
0 0.42033542976939203 0.9109477124183006 0.0020964360587002098 0.0016339869281045752
0 0.3668763102725367 0.9125816993464052 0.0041928721174004195 0.004901960784313725
0 0.3228511530398323 0.9117647058823529 0.008385744234800839 0.006535947712418301
0 0.3312368972746331 0.9101307189542484 0.012578616352201259 0.00980392156862745
0 0.8742138364779874 0.9060457516339869 0.0041928721174004195 0.004901960784313725
0 0.9675052410901468 0.9011437908496732 0.0020964360587002098 0.0016339869281045752
0 0.27358490566037735 0.9011437908496732 0.0020964360587002098 0.0016339869281045752
0 0.9853249475890985 0.8986928104575164 0.008385744234800839 0.006535947712418301
0 0.9769392033542977 0.8970588235294118 0.012578616352201259 0.00980392156862745
0 0.8637316561844863 0.8856209150326797 0.0041928721174004195 0.006535947712418301
0 0.2389937106918239 0.8856209150326797 0.008385744234800839 0.006535947712418301
0 0.21278825995807127 0.875 0.0020964360587002098 0.0016339869281045752
0 0.20754716981132076 0.8733660130718954 0.008385744234800839 0.004901960784313725
0 0.20230607966457023 0.8700980392156863 0.0020964360587002098 0.0016339869281045752
0 0.20754716981132076 0.869281045751634 0.0041928721174004195 0.0032679738562091504
0 0.8742138364779874 0.8545751633986928 0.0041928721174004195 0.006535947712418301
0 0.9853249475890985 0.8529411764705882 0.008385744234800839 0.006535947712418301
0 0.8731656184486373 0.8488562091503268 0.0020964360587002098 0.0016339869281045752
0 0.1519916142557652 0.8464052287581699 0.0020964360587002098 0.006535947712418301
0 0.9716981132075472 0.8374183006535948 0.0020964360587002098 0.0016339869281045752
0 0.9664570230607966 0.8382352941176471 0.0041928721174004195 0.0032679738562091504
0 0.7683438155136268 0.8357843137254902 0.0020964360587002098 0.0016339869281045752
0 0.9381551362683438 0.8308823529411765 0.0020964360587002098 0.0016339869281045752
0 0.7693920335429769 0.8284313725490197 0.0041928721174004195 0.0032679738562091504
0 0.9381551362683438 0.8259803921568627 0.0020964360587002098 0.0016339869281045752
0 0.9329140461215933 0.826797385620915 0.0041928721174004195 0.006535947712418301
0 0.90041928721174 0.8243464052287581 0.0020964360587002098 0.0016339869281045752
0 0.9224318658280922 0.8758169934640523 0.13417190775681342 0.10457516339869281
0 0.11844863731656184 0.821078431372549 0.0020964360587002098 0.0016339869281045752
0 0.11844863731656184 0.8178104575163399 0.0020964360587002098 0.0016339869281045752
0 0.7704402515723271 0.8129084967320261 0.0020964360587002098 0.0016339869281045752
0 0.7662473794549266 0.8129084967320261 0.0020964360587002098 0.0016339869281045752
0 0.10482180293501048 0.8055555555555556 0.008385744234800839 0.00980392156862745
0 0.06813417190775681 0.7818627450980392 0.0020964360587002098 0.0016339869281045752
0 0.06813417190775681 0.7785947712418301 0.0020964360587002098 0.0016339869281045752
0 0.7704402515723271 0.7769607843137255 0.0020964360587002098 0.0016339869281045752
0 0.057651991614255764 0.7638888888888888 0.0020964360587002098 0.0016339869281045752
0 0.05450733752620545 0.7663398692810458 0.008385744234800839 0.00980392156862745
0 0.050314465408805034 0.7573529411764706 0.0041928721174004195 0.004901960784313725
0 0.03459119496855346 0.755718954248366 0.0020964360587002098 0.0016339869281045752
0 0.03878406708595388 0.7516339869281046 0.006289308176100629 0.006535947712418301
0 0.03563941299790356 0.7475490196078431 0.0041928721174004195 0.004901960784313725
0 0.7693920335429769 0.7459150326797386 0.0041928721174004195 0.004901960784313725
0 0.0429769392033543 0.7459150326797386 0.006289308176100629 0.004901960784313725
0 0.01781970649895178 0.7165032679738562 0.0020964360587002098 0.0016339869281045752
0 0.01781970649895178 0.7132352941176471 0.0020964360587002098 0.0016339869281045752
0 0.750524109014675 0.696078431372549 0.008385744234800839 0.006535947712418301
0 0.7264150943396226 0.670751633986928 0.0020964360587002098 0.0016339869281045752
0 0.7337526205450734 0.6699346405228758 0.008385744234800839 0.006535947712418301
0 0.720125786163522 0.6609477124183006 0.0020964360587002098 0.0016339869281045752
0 0.7180293501048218 0.6495098039215687 0.006289308176100629 0.004901960784313725
0 0.7033542976939203 0.6217320261437909 0.0020964360587002098 0.0016339869281045752
0 0.7033542976939203 0.6168300653594772 0.0020964360587002098 0.0016339869281045752
0 0.69916142557652 0.6184640522875817 0.0020964360587002098 0.004901960784313725
0 0.01781970649895178 0.613562091503268 0.0020964360587002098 0.0016339869281045752
0 0.6865828092243187 0.6053921568627451 0.0020964360587002098 0.0016339869281045752
0 0.6865828092243187 0.6021241830065359 0.0020964360587002098 0.0016339869281045752
0 0.6844863731656184 0.5972222222222222 0.006289308176100629 0.004901960784313725
0 0.6677148846960168 0.579248366013072 0.0020964360587002098 0.0016339869281045752
0 0.01781970649895178 0.5661764705882353 0.0020964360587002098 0.0016339869281045752
0 0.6677148846960168 0.5637254901960784 0.006289308176100629 0.0032679738562091504
0 0.01781970649895178 0.5629084967320261 0.0020964360587002098 0.0016339869281045752
0 0.649895178197065 0.5261437908496732 0.008385744234800839 0.006535947712418301
0 0.6362683438155137 0.5122549019607843 0.0020964360587002098 0.0016339869281045752
0 0.6069182389937107 0.4714052287581699 0.0020964360587002098 0.0016339869281045752
0 0.6027253668763103 0.4665032679738562 0.0020964360587002098 0.0016339869281045752
0 0.60062893081761 0.44607843137254904 0.0020964360587002098 0.0032679738562091504
0 0.5859538784067087 0.42892156862745096 0.0020964360587002098 0.0016339869281045752
0 0.03878406708595388 0.43137254901960786 0.010482180293501049 0.00980392156862745
0 0.5828092243186582 0.4076797385620915 0.008385744234800839 0.004901960784313725
0 0.5754716981132075 0.40604575163398693 0.0020964360587002098 0.0016339869281045752
0 0.5691823899371069 0.39950980392156865 0.0020964360587002098 0.0016339869281045752
0 0.03668763102725367 0.3937908496732026 0.006289308176100629 0.0032679738562091504
0 0.5691823899371069 0.39133986928104575 0.0020964360587002098 0.0016339869281045752
0 0.5691823899371069 0.3880718954248366 0.0020964360587002098 0.0016339869281045752
0 0.560796645702306 0.37826797385620914 0.006289308176100629 0.004901960784313725
0 0.5649895178197065 0.37254901960784315 0.006289308176100629 0.006535947712418301
0 0.5691823899371069 0.3684640522875817 0.0020964360587002098 0.0016339869281045752
0 0.5513626834381551 0.3562091503267974 0.0041928721174004195 0.0032679738562091504
0 0.5524109014675053 0.352124183006536 0.0020964360587002098 0.0016339869281045752
0 0.051362683438155136 0.3423202614379085 0.0020964360587002098 0.0016339869281045752
0 0.5356394129979035 0.33578431372549017 0.0020964360587002098 0.0016339869281045752
0 0.5356394129979035 0.33251633986928103 0.0020964360587002098 0.0016339869281045752
0 0.05870020964360587 0.3292483660130719 0.0041928721174004195 0.004901960784313725
0 0.05345911949685535 0.3276143790849673 0.0020964360587002098 0.0016339869281045752
0 0.5345911949685535 0.3227124183006536 0.0041928721174004195 0.0016339869281045752
0 0.5324947589098532 0.30392156862745096 0.008385744234800839 0.006535947712418301
0 0.5188679245283019 0.29820261437908496 0.0020964360587002098 0.0016339869281045752
0 0.5062893081761006 0.27532679738562094 0.0020964360587002098 0.0016339869281045752
0 0.5020964360587002 0.27205882352941174 0.0020964360587002098 0.0016339869281045752
0 0.4979035639412998 0.2549019607843137 0.006289308176100629 0.006535947712418301
0 0.5020964360587002 0.2508169934640523 0.0020964360587002098 0.0016339869281045752
0 0.07861635220125786 0.2361111111111111 0.006289308176100629 0.0016339869281045752
0 0.48532494758909855 0.22794117647058823 0.0020964360587002098 0.0016339869281045752
0 0.48532494758909855 0.2238562091503268 0.0020964360587002098 0.0032679738562091504
0 0.46855345911949686 0.2181372549019608 0.0020964360587002098 0.0016339869281045752
0 0.4580712788259958 0.20016339869281047 0.0020964360587002098 0.0016339869281045752
0 0.46540880503144655 0.19934640522875818 0.008385744234800839 0.006535947712418301
0 0.449685534591195 0.18218954248366012 0.006289308176100629 0.004901960784313725
0 0.45178197064989517 0.17565359477124182 0.0020964360587002098 0.0016339869281045752
0 0.45178197064989517 0.1715686274509804 0.0020964360587002098 0.0032679738562091504
0 0.4339622641509434 0.1454248366013072 0.0041928721174004195 0.0032679738562091504
0 0.0880503144654088 0.14705882352941177 0.008385744234800839 0.006535947712418301
0 0.41823899371069184 0.1380718954248366 0.0020964360587002098 0.0016339869281045752
0 0.10167714884696016 0.13480392156862744 0.0020964360587002098 0.0016339869281045752
0 0.4171907756813417 0.12908496732026145 0.0041928721174004195 0.006535947712418301
0 0.10377358490566038 0.12745098039215685 0.006289308176100629 0.0032679738562091504
0 0.10167714884696016 0.12336601307189543 0.0020964360587002098 0.0016339869281045752
0 0.4140461215932914 0.12418300653594772 0.006289308176100629 0.006535947712418301
0 0.41823899371069184 0.12009803921568628 0.0020964360587002098 0.0016339869281045752
0 0.10377358490566038 0.1184640522875817 0.0020964360587002098 0.0016339869281045752
0 0.39832285115303984 0.10784313725490197 0.008385744234800839 0.006535947712418301
0 0.38469601677148846 0.10375816993464053 0.0020964360587002098 0.0016339869281045752
0 0.38259958071278827 0.09313725490196079 0.006289308176100629 0.0032679738562091504
0 0.10482180293501048 0.09477124183006536 0.008385744234800839 0.006535947712418301
0 0.36792452830188677 0.06944444444444445 0.0020964360587002098 0.0016339869281045752
0 0.3637316561844864 0.06944444444444445 0.0020964360587002098 0.0016339869281045752
0 0.11844863731656184 0.0661764705882353 0.0020964360587002098 0.0016339869281045752
0 0.11425576519916142 0.06699346405228758 0.0020964360587002098 0.0032679738562091504
0 0.12264150943396226 0.05555555555555555 0.010482180293501049 0.016339869281045753
0 0.29559748427672955 0.04084967320261438 0.0041928721174004195 0.0032679738562091504
0 0.12159329140461216 0.042483660130718956 0.008385744234800839 0.006535947712418301
0 0.13522012578616352 0.03349673202614379 0.0020964360587002098 0.0016339869281045752
0 0.13941299790356393 0.03104575163398693 0.006289308176100629 0.0032679738562091504
0 0.25052410901467503 0.027777777777777776 0.010482180293501049 0.0032679738562091504
0 0.19392033542976939 0.02696078431372549 0.0020964360587002098 0.0016339869281045752
0 0.18134171907756813 0.02696078431372549 0.0020964360587002098 0.0016339869281045752
0 0.3941299790356394 0.5032679738562091 0.7547169811320755 0.954248366013072
0 0.14150943396226415 0.02696078431372549 0.0020964360587002098 0.0016339869281045752
0 0.13731656184486374 0.02696078431372549 0.0020964360587002098 0.0016339869281045752
