0 0.9261275272161742 0.9935233160621761 0.0015552099533437014 0.0025906735751295338
0 0.9447900466562986 0.9857512953367875 0.0015552099533437014 0.0025906735751295338
0 0.9059097978227061 0.9727979274611399 0.0015552099533437014 0.0025906735751295338
0 0.859253499222395 0.9727979274611399 0.0015552099533437014 0.0025906735751295338
0 0.7690513219284604 0.9702072538860104 0.0015552099533437014 0.0025906735751295338
0 0.7659409020217729 0.9702072538860104 0.0015552099533437014 0.0025906735751295338
0 0.7013996889580093 0.9702072538860104 0.015552099533437015 0.007772020725388601
0 0.9673405909797823 0.9689119170984456 0.006220839813374806 0.010362694300518135
0 0.504665629860031 0.9520725388601037 0.0015552099533437014 0.0025906735751295338
0 0.9665629860031104 0.9468911917098446 0.007776049766718507 0.02849740932642487
0 0.4704510108864697 0.9313471502590673 0.0015552099533437014 0.0025906735751295338
0 0.43468118195956457 0.9313471502590673 0.0015552099533437014 0.0025906735751295338
0 0.968895800933126 0.9300518134715026 0.003110419906687403 0.0051813471502590676
0 0.3965785381026439 0.9300518134715026 0.003110419906687403 0.0051813471502590676
0 0.9673405909797823 0.9261658031088082 0.006220839813374806 0.007772020725388601
0 0.9696734059097978 0.917098445595855 0.0015552099533437014 0.0051813471502590676
0 0.37091757387247276 0.9106217616580311 0.0015552099533437014 0.0025906735751295338
0 0.3678071539657854 0.9106217616580311 0.0015552099533437014 0.0025906735751295338
0 0.34914463452566097 0.9106217616580311 0.0015552099533437014 0.0025906735751295338
0 0.36391912908242613 0.9093264248704663 0.003110419906687403 0.0051813471502590676
0 0.34447900466562986 0.9093264248704663 0.004665629860031105 0.0051813471502590676
0 0.33670295489891133 0.905440414507772 0.0015552099533437014 0.0025906735751295338
0 0.32192846034214617 0.9080310880829016 0.003110419906687403 0.007772020725388601
0 0.3164852255054432 0.905440414507772 0.007776049766718507 0.007772020725388601
0 0.2900466562986003 0.8898963730569949 0.0015552099533437014 0.0025906735751295338
0 0.27682737169517885 0.8860103626943006 0.006220839813374806 0.010362694300518135
0 0.24961119751166408 0.8458549222797928 0.0015552099533437014 0.0025906735751295338
0 0.2527216174183515 0.8432642487046632 0.0015552099533437014 0.007772020725388601
0 0.9681181959564541 0.8432642487046632 0.004665629860031105 0.012953367875647668
0 0.24961119751166408 0.8380829015544041 0.0015552099533437014 0.0025906735751295338
0 0.9665629860031104 0.8303108808290155 0.0015552099533437014 0.0025906735751295338
0 0.24261275272161742 0.8238341968911918 0.006220839813374806 0.010362694300518135
0 0.23716951788491447 0.8238341968911918 0.0015552099533437014 0.010362694300518135
0 0.23405909797822705 0.8069948186528497 0.0015552099533437014 0.0025906735751295338
0 0.2286158631415241 0.7992227979274611 0.00933125972006221 0.018134715025906734
0 0.9821150855365475 0.7810880829015544 0.0015552099533437014 0.0025906735751295338
0 0.2006220839813375 0.7629533678756477 0.003110419906687403 0.007772020725388601
0 0.19984447900466562 0.7551813471502591 0.0015552099533437014 0.0025906735751295338
0 0.18895800933125972 0.7435233160621761 0.004665629860031105 0.0051813471502590676
0 0.9813374805598756 0.7318652849740933 0.003110419906687403 0.0025906735751295338
0 0.1749611197511664 0.7240932642487047 0.0015552099533437014 0.0025906735751295338
0 0.17573872472783825 0.7137305699481865 0.003110419906687403 0.007772020725388601
0 0.9821150855365475 0.7059585492227979 0.0015552099533437014 0.0025906735751295338
0 0.16485225505443235 0.7007772020725389 0.006220839813374806 0.007772020725388601
0 0.14541213063763608 0.6826424870466321 0.0015552099533437014 0.0025906735751295338
0 0.9696734059097978 0.677461139896373 0.0015552099533437014 0.0025906735751295338
0 0.13996889580093314 0.6800518134715026 0.006220839813374806 0.007772020725388601
0 0.13297045101088648 0.6619170984455959 0.0015552099533437014 0.0025906735751295338
0 0.12752721617418353 0.6593264248704663 0.006220839813374806 0.007772020725388601
0 0.9673405909797823 0.6476683937823834 0.006220839813374806 0.010362694300518135
0 0.9603421461897356 0.6502590673575129 0.01088646967340591 0.015544041450777202
0 0.9572317262830482 0.6437823834196891 0.0015552099533437014 0.0025906735751295338
0 0.1290824261275272 0.6502590673575129 0.00933125972006221 0.015544041450777202
0 0.11275272161741835 0.6398963730569949 0.0015552099533437014 0.0051813471502590676
0 0.9533437013996889 0.6347150259067358 0.00933125972006221 0.015544041450777202
0 0.9548989113530326 0.6256476683937824 0.006220839813374806 0.007772020725388601
0 0.9494556765163297 0.6230569948186528 0.0015552099533437014 0.0025906735751295338
0 0.11275272161741835 0.6204663212435233 0.0015552099533437014 0.0025906735751295338
0 0.10964230171073094 0.6204663212435233 0.0015552099533437014 0.0025906735751295338
0 0.937791601866252 0.6191709844559585 0.003110419906687403 0.0051813471502590676
0 0.9432348367029549 0.6204663212435233 0.004665629860031105 0.012953367875647668
0 0.9416796267496111 0.6113989637305699 0.004665629860031105 0.010362694300518135
0 0.9447900466562986 0.6049222797927462 0.0015552099533437014 0.0025906735751295338
0 0.104199066874028 0.6126943005181347 0.00933125972006221 0.018134715025906734
0 0.10031104199066875 0.5997409326424871 0.0015552099533437014 0.0025906735751295338
0 0.09720062208398134 0.5997409326424871 0.0015552099533437014 0.0025906735751295338
0 0.09175738724727839 0.5919689119170984 0.00933125972006221 0.018134715025906734
0 0.08786936236391912 0.5790155440414507 0.0015552099533437014 0.0025906735751295338
0 0.08475894245723173 0.5790155440414507 0.0015552099533437014 0.0025906735751295338
0 0.9199066874027994 0.5686528497409327 0.0015552099533437014 0.0025906735751295338
0 0.9160186625194401 0.5699481865284974 0.003110419906687403 0.0051813471502590676
0 0.07931570762052877 0.5712435233160622 0.00933125972006221 0.018134715025906734
0 0.9160186625194401 0.5634715025906736 0.006220839813374806 0.007772020725388601
0 0.9121306376360808 0.560880829015544 0.0015552099533437014 0.0025906735751295338
0 0.07542768273716952 0.5582901554404145 0.0015552099533437014 0.0025906735751295338
0 0.07231726283048212 0.5582901554404145 0.0015552099533437014 0.0025906735751295338
0 0.06687402799377916 0.5505181347150259 0.00933125972006221 0.018134715025906734
0 0.06298600311041991 0.5375647668393783 0.0015552099533437014 0.0025906735751295338
0 0.052099533437014 0.5375647668393783 0.0015552099533437014 0.0025906735751295338
0 0.8530326594090202 0.5246113989637305 0.0015552099533437014 0.0025906735751295338
0 0.8701399688958009 0.5207253886010362 0.0015552099533437014 0.0051813471502590676
0 0.8670295489891136 0.5194300518134715 0.0015552099533437014 0.0025906735751295338
0 0.8553654743390358 0.5207253886010362 0.003110419906687403 0.0051813471502590676
0 0.048989113530326596 0.5168393782383419 0.0015552099533437014 0.0025906735751295338
0 0.04354587869362364 0.5129533678756477 0.006220839813374806 0.010362694300518135
0 0.038102643856920686 0.5129533678756477 0.0015552099533437014 0.010362694300518135
0 0.026438569206842923 0.4948186528497409 0.003110419906687403 0.0051813471502590676
0 0.025660964230171075 0.4883419689119171 0.0015552099533437014 0.0025906735751295338
0 0.8328149300155521 0.48575129533678757 0.0015552099533437014 0.0025906735751295338
0 0.02255054432348367 0.47538860103626945 0.0015552099533437014 0.0025906735751295338
0 0.8203732503888025 0.47020725388601037 0.0015552099533437014 0.0025906735751295338
0 0.8079315707620529 0.4417098445595855 0.0015552099533437014 0.0025906735751295338
0 0.7993779160186625 0.43911917098445596 0.006220839813374806 0.007772020725388601
0 0.017107309486780714 0.44430051813471505 0.003110419906687403 0.02849740932642487
0 0.7807153965785381 0.39896373056994816 0.006220839813374806 0.010362694300518135
0 0.7737169517884914 0.4015544041450777 0.01088646967340591 0.015544041450777202
0 0.7651632970451011 0.3963730569948187 0.003110419906687403 0.0051813471502590676
0 0.015552099533437015 0.39896373056994816 0.006220839813374806 0.010362694300518135
0 0.038102643856920686 0.38471502590673573 0.0015552099533437014 0.0025906735751295338
0 0.7573872472783826 0.38212435233160624 0.003110419906687403 0.0025906735751295338
0 0.04121306376360809 0.38082901554404147 0.004665629860031105 0.0051813471502590676
0 0.7573872472783826 0.3756476683937824 0.003110419906687403 0.0051813471502590676
0 0.7527216174183515 0.3756476683937824 0.003110419906687403 0.0051813471502590676
0 0.042768273716951785 0.3743523316062176 0.0015552099533437014 0.0025906735751295338
0 0.03965785381026438 0.3743523316062176 0.0015552099533437014 0.0025906735751295338
0 0.744945567651633 0.36139896373056996 0.003110419906687403 0.0025906735751295338
0 0.744945567651633 0.3549222797927461 0.003110419906687403 0.0051813471502590676
0 0.7402799377916018 0.3549222797927461 0.003110419906687403 0.0051813471502590676
0 0.7332814930015552 0.34067357512953367 0.0015552099533437014 0.0025906735751295338
0 0.08631415241057543 0.33419689119170987 0.004665629860031105 0.0051813471502590676
0 0.7332814930015552 0.3173575129533679 0.0015552099533437014 0.0025906735751295338
0 0.10031104199066875 0.3173575129533679 0.0015552099533437014 0.0025906735751295338
0 0.1026438569206843 0.3121761658031088 0.003110419906687403 0.0025906735751295338
0 0.6959564541213064 0.2914507772020725 0.0015552099533437014 0.0025906735751295338
0 0.13452566096423016 0.2914507772020725 0.0015552099533437014 0.0025906735751295338
0 0.1290824261275272 0.29922279792746115 0.00933125972006221 0.018134715025906734
0 0.6920684292379471 0.27849740932642486 0.00933125972006221 0.018134715025906734
0 0.6866251944012441 0.2707253886010363 0.0015552099533437014 0.0025906735751295338
0 0.15318818040435458 0.2707253886010363 0.0015552099533437014 0.0025906735751295338
0 0.14852255054432348 0.27202072538860106 0.004665629860031105 0.0051813471502590676
0 0.6819595645412131 0.2538860103626943 0.004665629860031105 0.010362694300518135
0 0.16485225505443235 0.2538860103626943 0.006220839813374806 0.010362694300518135
0 0.6632970451010887 0.23186528497409326 0.0015552099533437014 0.0025906735751295338
0 0.666407465007776 0.22927461139896374 0.0015552099533437014 0.0025906735751295338
0 0.1905132192846034 0.22927461139896374 0.0015552099533437014 0.0025906735751295338
0 0.187402799377916 0.23056994818652848 0.0015552099533437014 0.0051813471502590676
0 0.6586314152410575 0.21373056994818654 0.0015552099533437014 0.0025906735751295338
0 0.21228615863141523 0.21373056994818654 0.0015552099533437014 0.0025906735751295338
0 0.2177293934681182 0.20984455958549222 0.003110419906687403 0.0051813471502590676
0 0.21384136858475894 0.20854922279792745 0.0015552099533437014 0.0025906735751295338
0 0.6446345256609642 0.20207253886010362 0.004665629860031105 0.0051813471502590676
0 0.23716951788491447 0.19948186528497408 0.0015552099533437014 0.0051813471502590676
0 0.6461897356143079 0.1955958549222798 0.0015552099533437014 0.0025906735751295338
0 0.23950233281493002 0.1955958549222798 0.003110419906687403 0.007772020725388601
0 0.2620528771384137 0.1800518134715026 0.0015552099533437014 0.0025906735751295338
0 0.2698289269051322 0.17487046632124353 0.0015552099533437014 0.0025906735751295338
0 0.26360808709175737 0.17487046632124353 0.004665629860031105 0.0025906735751295338
0 0.2643856920684292 0.16839378238341968 0.006220839813374806 0.0051813471502590676
0 0.30404354587869364 0.15155440414507773 0.0015552099533437014 0.0025906735751295338
0 0.35069984447900465 0.12564766839378239 0.0015552099533437014 0.0025906735751295338
0 0.3141524105754277 0.12953367875647667 0.006220839813374806 0.010362694300518135
0 0.3654743390357698 0.11398963730569948 0.003110419906687403 0.0051813471502590676
0 0.36158631415241055 0.11269430051813471 0.0015552099533437014 0.0025906735751295338
0 0.5816485225505443 0.10880829015544041 0.006220839813374806 0.010362694300518135
0 0.3810264385692068 0.10621761658031088 0.003110419906687403 0.0051813471502590676
0 0.37636080870917576 0.10492227979274611 0.003110419906687403 0.0025906735751295338
0 0.3693623639191291 0.10492227979274611 0.0015552099533437014 0.0025906735751295338
0 0.3654743390357698 0.10751295336787564 0.006220839813374806 0.007772020725388601
0 0.5466562986003111 0.08937823834196891 0.0015552099533437014 0.0025906735751295338
0 0.3864696734059098 0.08937823834196891 0.0015552099533437014 0.0025906735751295338
0 0.5451010886469674 0.08419689119170984 0.0015552099533437014 0.0025906735751295338
0 0.5412130637636081 0.08549222797927461 0.003110419906687403 0.0051813471502590676
0 0.38880248833592534 0.08419689119170984 0.003110419906687403 0.0025906735751295338
0 0.5318818040435459 0.06735751295336788 0.006220839813374806 0.010362694300518135
0 0.42223950233281493 0.06994818652849741 0.013996889580093312 0.015544041450777202
0 0.41368584758942456 0.06735751295336788 0.006220839813374806 0.010362694300518135
0 0.5093312597200622 0.04792746113989637 0.0015552099533437014 0.0025906735751295338
0 0.44867807153965783 0.04792746113989637 0.0015552099533437014 0.0025906735751295338
0 0.5069984447900466 0.04533678756476684 0.003110419906687403 0.007772020725388601
0 0.484447900466563 0.042746113989637305 0.0015552099533437014 0.0025906735751295338
0 0.4704510108864697 0.042746113989637305 0.0015552099533437014 0.0025906735751295338
0 0.4976671850699845 0.5181347150259067 0.9704510108864697 0.9533678756476683
0 0.45412130637636083 0.04404145077720207 0.003110419906687403 0.0051813471502590676
0 0.45023328149300157 0.042746113989637305 0.0015552099533437014 0.0025906735751295338
