0 0.9227777777777778 0.9320557491289199 0.0011111111111111111 0.003484320557491289
0 0.9138888888888889 0.931184668989547 0.0011111111111111111 0.0017421602787456446
0 0.9194444444444444 0.931184668989547 0.0033333333333333335 0.005226480836236934
0 0.8983333333333333 0.9181184668989547 0.0011111111111111111 0.003484320557491289
0 0.9822222222222222 0.9172473867595818 0.0022222222222222222 0.005226480836236934
0 0.9505555555555556 0.9155052264808362 0.0011111111111111111 0.0017421602787456446
0 0.9477777777777778 0.9128919860627178 0.0022222222222222222 0.003484320557491289
0 0.985 0.9128919860627178 0.0033333333333333335 0.006968641114982578
0 0.9505555555555556 0.9102787456445993 0.0011111111111111111 0.0017421602787456446
0 0.9661111111111111 0.9050522648083623 0.0011111111111111111 0.0017421602787456446
0 0.4361111111111111 0.9050522648083623 0.0011111111111111111 0.0017421602787456446
0 0.30833333333333335 0.9050522648083623 0.0011111111111111111 0.0017421602787456446
0 0.2772222222222222 0.9050522648083623 0.0011111111111111111 0.0017421602787456446
0 0.25722222222222224 0.9050522648083623 0.0011111111111111111 0.0017421602787456446
0 0.9688888888888889 0.9041811846689896 0.0022222222222222222 0.003484320557491289
0 0.44333333333333336 0.9041811846689896 0.0022222222222222222 0.003484320557491289
0 0.44 0.9041811846689896 0.0022222222222222222 0.003484320557491289
0 0.31055555555555553 0.9041811846689896 0.0011111111111111111 0.003484320557491289
0 0.23277777777777778 0.9041811846689896 0.0033333333333333335 0.003484320557491289
0 0.43777777777777777 0.9015679442508711 0.0022222222222222222 0.0017421602787456446
0 0.8983333333333333 0.8980836236933798 0.0011111111111111111 0.0017421602787456446
0 0.4361111111111111 0.8980836236933798 0.0011111111111111111 0.0017421602787456446
0 0.9861111111111112 0.8963414634146342 0.0011111111111111111 0.0017421602787456446
0 0.44333333333333336 0.8980836236933798 0.0022222222222222222 0.005226480836236934
0 0.22944444444444445 0.8911149825783972 0.0011111111111111111 0.0017421602787456446
0 0.4677777777777778 0.8893728222996515 0.006666666666666667 0.005226480836236934
0 0.4622222222222222 0.8885017421602788 0.0044444444444444444 0.003484320557491289
0 0.42833333333333334 0.8876306620209059 0.0011111111111111111 0.0017421602787456446
0 0.8983333333333333 0.8858885017421603 0.0011111111111111111 0.0017421602787456446
0 0.4111111111111111 0.8885017421602788 0.0044444444444444444 0.006968641114982578
0 0.31777777777777777 0.8885017421602788 0.0044444444444444444 0.006968641114982578
0 0.6066666666666667 0.877177700348432 0.0022222222222222222 0.0017421602787456446
0 0.4738888888888889 0.877177700348432 0.0011111111111111111 0.0017421602787456446
0 0.605 0.8736933797909407 0.0011111111111111111 0.0017421602787456446
0 0.4777777777777778 0.8754355400696864 0.0044444444444444444 0.005226480836236934
0 0.6277777777777778 0.8745644599303136 0.0044444444444444444 0.006968641114982578
0 0.4766666666666667 0.8693379790940766 0.006666666666666667 0.010452961672473868
0 0.5916666666666667 0.8632404181184669 0.0011111111111111111 0.0017421602787456446
0 0.48444444444444446 0.8632404181184669 0.0022222222222222222 0.0017421602787456446
0 0.47944444444444445 0.8632404181184669 0.0011111111111111111 0.0017421602787456446
0 0.8983333333333333 0.8614982578397212 0.0011111111111111111 0.0017421602787456446
0 0.32666666666666666 0.8606271777003485 0.0044444444444444444 0.006968641114982578
0 0.4955555555555556 0.8597560975609756 0.0044444444444444444 0.008710801393728223
0 0.325 0.8562717770034843 0.0011111111111111111 0.0017421602787456446
0 0.32722222222222225 0.8545296167247387 0.0011111111111111111 0.0017421602787456446
0 0.9011111111111111 0.8562717770034843 0.006666666666666667 0.008710801393728223
0 0.9061111111111111 0.8510452961672473 0.0011111111111111111 0.0017421602787456446
0 0.9016666666666666 0.8510452961672473 0.0011111111111111111 0.0017421602787456446
0 0.3283333333333333 0.8510452961672473 0.0011111111111111111 0.0017421602787456446
0 0.575 0.8493031358885017 0.0011111111111111111 0.0017421602787456446
0 0.49944444444444447 0.8493031358885017 0.0011111111111111111 0.0017421602787456446
0 0.32555555555555554 0.8501742160278746 0.0022222222222222222 0.003484320557491289
0 0.3283333333333333 0.8475609756097561 0.0011111111111111111 0.0017421602787456446
0 0.5711111111111111 0.8475609756097561 0.0044444444444444444 0.005226480836236934
0 0.20666666666666667 0.8466898954703833 0.0044444444444444444 0.006968641114982578
0 0.9694444444444444 0.8388501742160279 0.0011111111111111111 0.0017421602787456446
0 0.9672222222222222 0.8388501742160279 0.0011111111111111111 0.0017421602787456446
0 0.985 0.837979094076655 0.0033333333333333335 0.003484320557491289
0 0.9788888888888889 0.837979094076655 0.0022222222222222222 0.003484320557491289
0 0.9683333333333334 0.8353658536585366 0.0011111111111111111 0.0017421602787456446
0 0.5016666666666667 0.8362369337979094 0.0011111111111111111 0.003484320557491289
0 0.32666666666666666 0.8388501742160279 0.0044444444444444444 0.012195121951219513
0 0.6555555555555556 0.8327526132404182 0.0044444444444444444 0.006968641114982578
0 0.505 0.8310104529616724 0.0033333333333333335 0.003484320557491289
0 0.9416666666666667 0.828397212543554 0.0011111111111111111 0.0017421602787456446
0 0.205 0.828397212543554 0.0011111111111111111 0.0017421602787456446
0 0.6516666666666666 0.8310104529616724 0.005555555555555556 0.010452961672473868
0 0.9516666666666667 0.8249128919860628 0.0033333333333333335 0.005226480836236934
0 0.9422222222222222 0.8780487804878049 0.08888888888888889 0.11149825783972125
0 0.9394444444444444 0.823170731707317 0.0011111111111111111 0.0017421602787456446
0 0.9355555555555556 0.8249128919860628 0.0044444444444444444 0.005226480836236934
0 0.6555555555555556 0.8249128919860628 0.0044444444444444444 0.005226480836236934
0 0.5083333333333333 0.8205574912891986 0.0011111111111111111 0.003484320557491289
0 0.19777777777777777 0.818815331010453 0.0044444444444444444 0.006968641114982578
0 0.6561111111111111 0.8162020905923345 0.0033333333333333335 0.008710801393728223
0 0.3283333333333333 0.8092334494773519 0.0011111111111111111 0.0017421602787456446
0 0.51 0.8066202090592335 0.0022222222222222222 0.003484320557491289
0 0.5127777777777778 0.8013937282229965 0.0033333333333333335 0.006968641114982578
0 0.515 0.7970383275261324 0.0011111111111111111 0.0017421602787456446
0 0.20166666666666666 0.7952961672473867 0.0033333333333333335 0.0017421602787456446
0 0.3838888888888889 0.794425087108014 0.0033333333333333335 0.006968641114982578
0 0.5605555555555556 0.7831010452961672 0.0011111111111111111 0.0017421602787456446
0 0.33166666666666667 0.7796167247386759 0.0011111111111111111 0.0017421602787456446
0 0.33555555555555555 0.7778745644599303 0.0044444444444444444 0.005226480836236934
0 0.6661111111111111 0.7709059233449478 0.0011111111111111111 0.0017421602787456446
0 0.6661111111111111 0.7674216027874564 0.0011111111111111111 0.0017421602787456446
0 0.6633333333333333 0.7682926829268293 0.0022222222222222222 0.003484320557491289
0 0.33611111111111114 0.7621951219512195 0.0011111111111111111 0.0017421602787456446
0 0.205 0.7621951219512195 0.0011111111111111111 0.0017421602787456446
0 0.6572222222222223 0.7552264808362369 0.0011111111111111111 0.0017421602787456446
0 0.33666666666666667 0.7569686411149826 0.0022222222222222222 0.005226480836236934
0 0.2088888888888889 0.75 0.0022222222222222222 0.005226480836236934
0 0.5061111111111111 0.7465156794425087 0.0011111111111111111 0.0017421602787456446
0 0.205 0.7430313588850174 0.0011111111111111111 0.0017421602787456446
0 0.5894444444444444 0.7395470383275261 0.0011111111111111111 0.0017421602787456446
0 0.5622222222222222 0.7421602787456446 0.0044444444444444444 0.006968641114982578
0 0.505 0.7395470383275261 0.0011111111111111111 0.0017421602787456446
0 0.3883333333333333 0.7395470383275261 0.0011111111111111111 0.0017421602787456446
0 0.3844444444444444 0.7412891986062717 0.0044444444444444444 0.005226480836236934
0 0.3372222222222222 0.730836236933798 0.0011111111111111111 0.0017421602787456446
0 0.6483333333333333 0.7290940766550522 0.0011111111111111111 0.0017421602787456446
0 0.6211111111111111 0.7282229965156795 0.0022222222222222222 0.003484320557491289
0 0.6472222222222223 0.725609756097561 0.0011111111111111111 0.0017421602787456446
0 0.6444444444444445 0.7264808362369338 0.0022222222222222222 0.003484320557491289
0 0.6133333333333333 0.8013937282229965 0.10666666666666667 0.15331010452961671
0 0.20666666666666667 0.7282229965156795 0.0044444444444444444 0.006968641114982578
0 0.3322222222222222 0.7229965156794426 0.0022222222222222222 0.003484320557491289
0 0.33666666666666667 0.7238675958188153 0.0022222222222222222 0.008710801393728223
0 0.21388888888888888 0.7168989547038328 0.0011111111111111111 0.0017421602787456446
0 0.5038888888888889 0.7177700348432056 0.0033333333333333335 0.006968641114982578
0 0.335 0.7177700348432056 0.0033333333333333335 0.006968641114982578
0 0.5061111111111111 0.7134146341463414 0.0011111111111111111 0.0017421602787456446
0 0.3372222222222222 0.7134146341463414 0.0011111111111111111 0.0017421602787456446
0 0.4172222222222222 0.7116724738675958 0.0011111111111111111 0.0017421602787456446
0 0.40166666666666667 0.7134146341463414 0.0033333333333333335 0.005226480836236934
0 0.21444444444444444 0.7125435540069687 0.0022222222222222222 0.003484320557491289
0 0.22277777777777777 0.7064459930313589 0.0011111111111111111 0.0017421602787456446
0 0.49722222222222223 0.6986062717770035 0.0011111111111111111 0.003484320557491289
0 0.495 0.6977351916376306 0.0011111111111111111 0.0017421602787456446
0 0.48833333333333334 0.6977351916376306 0.0011111111111111111 0.0017421602787456446
0 0.43444444444444447 0.6986062717770035 0.0022222222222222222 0.003484320557491289
0 0.4488888888888889 0.7987804878048781 0.13333333333333333 0.2038327526132404
0 0.4216666666666667 0.7003484320557491 0.0077777777777777776 0.006968641114982578
0 0.22722222222222221 0.6977351916376306 0.0011111111111111111 0.0017421602787456446
0 0.2238888888888889 0.7003484320557491 0.0033333333333333335 0.006968641114982578
0 0.31222222222222223 0.6846689895470384 0.0022222222222222222 0.003484320557491289
0 0.29833333333333334 0.6837979094076655 0.0011111111111111111 0.0017421602787456446
0 0.26666666666666666 0.794425087108014 0.14222222222222222 0.2229965156794425
0 0.24222222222222223 0.6846689895470384 0.0022222222222222222 0.003484320557491289
0 0.2338888888888889 0.6837979094076655 0.0011111111111111111 0.0017421602787456446
0 0.23166666666666666 0.6846689895470384 0.0011111111111111111 0.003484320557491289
0 0.08055555555555556 0.6541811846689896 0.0011111111111111111 0.0017421602787456446
0 0.08444444444444445 0.6533101045296167 0.0022222222222222222 0.003484320557491289
0 0.08222222222222222 0.6506968641114983 0.0022222222222222222 0.0017421602787456446
0 0.14944444444444444 0.6472125435540069 0.0011111111111111111 0.0017421602787456446
0 0.08055555555555556 0.6472125435540069 0.0011111111111111111 0.0017421602787456446
0 0.17166666666666666 0.6393728222996515 0.0011111111111111111 0.003484320557491289
0 0.07166666666666667 0.6367595818815331 0.0011111111111111111 0.0017421602787456446
0 0.525 0.6263066202090593 0.0011111111111111111 0.0017421602787456446
0 0.34055555555555556 0.6263066202090593 0.0011111111111111111 0.0017421602787456446
0 0.3377777777777778 0.6263066202090593 0.0022222222222222222 0.0017421602787456446
0 0.5411111111111111 0.6254355400696864 0.0022222222222222222 0.003484320557491289
0 0.33444444444444443 0.6254355400696864 0.0022222222222222222 0.003484320557491289
0 0.5416666666666666 0.6210801393728222 0.0011111111111111111 0.0017421602787456446
0 0.32055555555555554 0.6210801393728222 0.0011111111111111111 0.0017421602787456446
0 0.20222222222222222 0.6236933797909407 0.0044444444444444444 0.006968641114982578
0 0.5538888888888889 0.6123693379790941 0.0011111111111111111 0.0017421602787456446
0 0.5516666666666666 0.6123693379790941 0.0011111111111111111 0.0017421602787456446
0 0.30277777777777776 0.6123693379790941 0.0011111111111111111 0.0017421602787456446
0 0.845 0.6106271777003485 0.0011111111111111111 0.0017421602787456446
0 0.3061111111111111 0.6114982578397212 0.0033333333333333335 0.003484320557491289
0 0.30277777777777776 0.6088850174216028 0.0011111111111111111 0.0017421602787456446
0 0.3061111111111111 0.6071428571428571 0.0011111111111111111 0.0017421602787456446
0 0.2111111111111111 0.6097560975609756 0.0044444444444444444 0.006968641114982578
0 0.845 0.6062717770034843 0.0011111111111111111 0.003484320557491289
0 0.8694444444444445 0.5984320557491289 0.0011111111111111111 0.0017421602787456446
0 0.8338888888888889 0.5984320557491289 0.0011111111111111111 0.0017421602787456446
0 0.6933333333333334 0.5984320557491289 0.0022222222222222222 0.0017421602787456446
0 0.5627777777777778 0.5984320557491289 0.0033333333333333335 0.0017421602787456446
0 0.8783333333333333 0.5966898954703833 0.0011111111111111111 0.0017421602787456446
0 0.8727777777777778 0.5966898954703833 0.0011111111111111111 0.0017421602787456446
0 0.6755555555555556 0.5975609756097561 0.0022222222222222222 0.003484320557491289
0 0.21055555555555555 0.6001742160278746 0.005555555555555556 0.008710801393728223
0 0.8755555555555555 0.5958188153310104 0.0022222222222222222 0.003484320557491289
0 0.9144444444444444 0.5932055749128919 0.0022222222222222222 0.0017421602787456446
0 0.66 0.5958188153310104 0.0044444444444444444 0.006968641114982578
0 0.4172222222222222 0.5932055749128919 0.0011111111111111111 0.0017421602787456446
0 0.21166666666666667 0.5932055749128919 0.0033333333333333335 0.005226480836236934
0 0.7016666666666667 0.5897212543554007 0.0011111111111111111 0.0017421602787456446
0 0.8238888888888889 0.5844947735191638 0.0011111111111111111 0.0017421602787456446
0 0.6561111111111111 0.5844947735191638 0.0011111111111111111 0.0017421602787456446
0 0.8094444444444444 0.5827526132404182 0.0011111111111111111 0.0017421602787456446
0 0.7161111111111111 0.5836236933797909 0.0033333333333333335 0.003484320557491289
0 0.9327777777777778 0.5810104529616724 0.0011111111111111111 0.0017421602787456446
0 0.8094444444444444 0.578397212543554 0.0011111111111111111 0.003484320557491289
0 0.055 0.5757839721254355 0.0033333333333333335 0.008710801393728223
0 0.9405555555555556 0.5705574912891986 0.0011111111111111111 0.0017421602787456446
0 0.9383333333333334 0.5705574912891986 0.0011111111111111111 0.0017421602787456446
0 0.5705555555555556 0.5705574912891986 0.0011111111111111111 0.0017421602787456446
0 0.4627777777777778 0.5705574912891986 0.0011111111111111111 0.0017421602787456446
0 0.22055555555555556 0.5696864111498258 0.0033333333333333335 0.003484320557491289
0 0.4627777777777778 0.5670731707317073 0.0011111111111111111 0.0017421602787456446
0 0.9394444444444444 0.5662020905923345 0.0033333333333333335 0.003484320557491289
0 0.9416666666666667 0.563588850174216 0.0011111111111111111 0.0017421602787456446
0 0.6322222222222222 0.5609756097560976 0.0022222222222222222 0.003484320557491289
0 0.9411111111111111 0.5592334494773519 0.0022222222222222222 0.003484320557491289
0 0.22166666666666668 0.5583623693379791 0.0011111111111111111 0.0017421602787456446
0 0.06388888888888888 0.5592334494773519 0.0033333333333333335 0.003484320557491289
0 0.7983333333333333 0.5566202090592335 0.0011111111111111111 0.0017421602787456446
0 0.285 0.5566202090592335 0.0011111111111111111 0.0017421602787456446
0 0.5727777777777778 0.5461672473867596 0.0033333333333333335 0.005226480836236934
0 0.465 0.544425087108014 0.0033333333333333335 0.005226480836236934
0 0.6261111111111111 0.5400696864111498 0.0077777777777777776 0.006968641114982578
0 0.4638888888888889 0.5339721254355401 0.0011111111111111111 0.0017421602787456446
0 0.285 0.5339721254355401 0.0011111111111111111 0.0017421602787456446
0 0.22111111111111112 0.5374564459930313 0.0022222222222222222 0.008710801393728223
0 0.285 0.5304878048780488 0.0011111111111111111 0.0017421602787456446
0 0.4172222222222222 0.5296167247386759 0.0011111111111111111 0.003484320557491289
0 0.22944444444444445 0.5287456445993032 0.0011111111111111111 0.0017421602787456446
0 0.7933333333333333 0.5235191637630662 0.0022222222222222222 0.0156794425087108
0 0.4627777777777778 0.5165505226480837 0.0011111111111111111 0.0017421602787456446
0 0.285 0.5165505226480837 0.0011111111111111111 0.0017421602787456446
0 0.5683333333333334 0.514808362369338 0.0011111111111111111 0.0017421602787456446
0 0.4172222222222222 0.514808362369338 0.0011111111111111111 0.0017421602787456446
0 0.23777777777777778 0.5121951219512195 0.0044444444444444444 0.006968641114982578
0 0.075 0.5060975609756098 0.0011111111111111111 0.0017421602787456446
0 0.23777777777777778 0.5043554006968641 0.0044444444444444444 0.005226480836236934
0 0.07555555555555556 0.5026132404181185 0.0022222222222222222 0.0017421602787456446
0 0.07222222222222222 0.5052264808362369 0.0022222222222222222 0.006968641114982578
0 0.5677777777777778 0.49825783972125437 0.0022222222222222222 0.003484320557491289
0 0.4638888888888889 0.49390243902439024 0.0011111111111111111 0.0017421602787456446
0 0.08388888888888889 0.4921602787456446 0.0011111111111111111 0.0017421602787456446
0 0.08166666666666667 0.4921602787456446 0.0011111111111111111 0.0017421602787456446
0 0.9505555555555556 0.4886759581881533 0.0011111111111111111 0.0017421602787456446
0 0.7438888888888889 0.4886759581881533 0.0011111111111111111 0.0017421602787456446
0 0.6238888888888889 0.48693379790940766 0.0011111111111111111 0.0017421602787456446
0 0.08333333333333333 0.4878048780487805 0.0022222222222222222 0.003484320557491289
0 0.08055555555555556 0.4878048780487805 0.0011111111111111111 0.003484320557491289
0 0.4172222222222222 0.48519163763066203 0.0011111111111111111 0.0017421602787456446
0 0.7455555555555555 0.48606271777003485 0.0022222222222222222 0.006968641114982578
0 0.08166666666666667 0.4834494773519164 0.0011111111111111111 0.0017421602787456446
0 0.465 0.48606271777003485 0.005555555555555556 0.010452961672473868
0 0.08388888888888889 0.4817073170731707 0.0011111111111111111 0.0017421602787456446
0 0.7438888888888889 0.4808362369337979 0.0033333333333333335 0.006968641114982578
0 0.7461111111111111 0.4764808362369338 0.0011111111111111111 0.0017421602787456446
0 0.28888888888888886 0.48257839721254353 0.008888888888888889 0.013937282229965157
0 0.5672222222222222 0.47822299651567945 0.0033333333333333335 0.008710801393728223
0 0.2872222222222222 0.47473867595818814 0.0011111111111111111 0.0017421602787456446
0 0.285 0.47560975609756095 0.0011111111111111111 0.003484320557491289
0 0.08222222222222222 0.47735191637630664 0.0044444444444444444 0.006968641114982578
0 0.23055555555555557 0.4729965156794425 0.0011111111111111111 0.0017421602787456446
0 0.7455555555555555 0.4721254355400697 0.0022222222222222222 0.003484320557491289
0 0.9216666666666666 0.46777003484320556 0.0011111111111111111 0.0017421602787456446
0 0.465 0.46689895470383275 0.0033333333333333335 0.006968641114982578
0 0.9183333333333333 0.4625435540069686 0.0011111111111111111 0.0017421602787456446
0 0.745 0.4625435540069686 0.0033333333333333335 0.0017421602787456446
0 0.4627777777777778 0.4625435540069686 0.0011111111111111111 0.0017421602787456446
0 0.5594444444444444 0.4616724738675958 0.0011111111111111111 0.003484320557491289
0 0.5572222222222222 0.460801393728223 0.0011111111111111111 0.0017421602787456446
0 0.5472222222222223 0.460801393728223 0.0011111111111111111 0.0017421602787456446
0 0.795 0.45557491289198604 0.0011111111111111111 0.0017421602787456446
0 0.22055555555555556 0.4538327526132404 0.0011111111111111111 0.0017421602787456446
0 0.6227777777777778 0.4520905923344948 0.0011111111111111111 0.0017421602787456446
0 0.37833333333333335 0.45034843205574915 0.0011111111111111111 0.0017421602787456446
0 0.22166666666666668 0.45034843205574915 0.0011111111111111111 0.0017421602787456446
0 0.5044444444444445 0.44947735191637633 0.0022222222222222222 0.003484320557491289
0 0.32055555555555554 0.44860627177700346 0.0011111111111111111 0.0017421602787456446
0 0.9222222222222223 0.44947735191637633 0.0044444444444444444 0.006968641114982578
0 0.7916666666666666 0.44686411149825783 0.0011111111111111111 0.0017421602787456446
0 0.48388888888888887 0.44686411149825783 0.0011111111111111111 0.0017421602787456446
0 0.3888888888888889 0.44947735191637633 0.0044444444444444444 0.006968641114982578
0 0.3511111111111111 0.5365853658536586 0.13333333333333333 0.18118466898954705
0 0.3233333333333333 0.45121951219512196 0.006666666666666667 0.010452961672473868
0 0.12833333333333333 0.44686411149825783 0.0011111111111111111 0.0017421602787456446
0 0.10055555555555555 0.44686411149825783 0.0011111111111111111 0.0017421602787456446
0 0.09833333333333333 0.44773519163763065 0.0011111111111111111 0.003484320557491289
0 0.8016666666666666 0.4416376306620209 0.0011111111111111111 0.0017421602787456446
0 0.9127777777777778 0.4416376306620209 0.0033333333333333335 0.005226480836236934
0 0.5122222222222222 0.44076655052264807 0.0022222222222222222 0.003484320557491289
0 0.20944444444444443 0.43989547038327526 0.0033333333333333335 0.0017421602787456446
0 0.915 0.4381533101045296 0.0011111111111111111 0.0017421602787456446
0 0.52 0.5322299651567944 0.11555555555555555 0.18989547038327526
0 0.7338888888888889 0.436411149825784 0.0011111111111111111 0.0017421602787456446
0 0.5072222222222222 0.436411149825784 0.0011111111111111111 0.0017421602787456446
0 0.2127777777777778 0.436411149825784 0.0011111111111111111 0.0017421602787456446
0 0.915 0.4346689895470383 0.0011111111111111111 0.0017421602787456446
0 0.9083333333333333 0.4355400696864111 0.01 0.006968641114982578
0 0.8683333333333333 0.4329268292682927 0.0011111111111111111 0.0017421602787456446
0 0.8011111111111111 0.4337979094076655 0.0022222222222222222 0.003484320557491289
0 0.7338888888888889 0.4329268292682927 0.0011111111111111111 0.0017421602787456446
0 0.6316666666666667 0.4329268292682927 0.0011111111111111111 0.0017421602787456446
0 0.6244444444444445 0.4355400696864111 0.0044444444444444444 0.006968641114982578
0 0.5233333333333333 0.4346689895470383 0.0022222222222222222 0.005226480836236934
0 0.5194444444444445 0.4337979094076655 0.0033333333333333335 0.003484320557491289
0 0.5138888888888888 0.4355400696864111 0.01 0.006968641114982578
0 0.5072222222222222 0.4329268292682927 0.0011111111111111111 0.0017421602787456446
0 0.20722222222222222 0.4355400696864111 0.0077777777777777776 0.006968641114982578
0 0.13722222222222222 0.4329268292682927 0.0011111111111111111 0.0017421602787456446
0 0.65 0.4250871080139373 0.0022222222222222222 0.003484320557491289
0 0.14722222222222223 0.42421602787456447 0.0011111111111111111 0.0017421602787456446
0 0.6561111111111111 0.42247386759581884 0.0011111111111111111 0.0017421602787456446
0 0.8305555555555556 0.4189895470383275 0.0011111111111111111 0.0017421602787456446
0 0.8277777777777777 0.4189895470383275 0.0022222222222222222 0.0017421602787456446
0 0.825 0.4189895470383275 0.0011111111111111111 0.0017421602787456446
0 0.8711111111111111 0.5156794425087108 0.16 0.1951219512195122
0 0.705 0.41986062717770034 0.0011111111111111111 0.003484320557491289
0 0.7027777777777777 0.4189895470383275 0.0011111111111111111 0.0017421602787456446
0 0.7005555555555556 0.4189895470383275 0.0011111111111111111 0.0017421602787456446
0 0.6861111111111111 0.4189895470383275 0.0011111111111111111 0.0017421602787456446
0 0.6783333333333333 0.4189895470383275 0.0011111111111111111 0.0017421602787456446
0 0.6844444444444444 0.5087108013937283 0.12444444444444444 0.18118466898954705
0 0.6605555555555556 0.4189895470383275 0.0011111111111111111 0.0017421602787456446
0 0.6583333333333333 0.4189895470383275 0.0011111111111111111 0.0017421602787456446
0 0.655 0.4189895470383275 0.0011111111111111111 0.0017421602787456446
0 0.6505555555555556 0.41986062717770034 0.0033333333333333335 0.003484320557491289
0 0.20222222222222222 0.42160278745644597 0.0044444444444444444 0.006968641114982578
0 0.195 0.4189895470383275 0.0011111111111111111 0.0017421602787456446
0 0.19277777777777777 0.4189895470383275 0.0011111111111111111 0.0017421602787456446
0 0.14888888888888888 0.41986062717770034 0.0022222222222222222 0.003484320557491289
0 0.15166666666666667 0.41202090592334495 0.0011111111111111111 0.0017421602787456446
0 0.15888888888888889 0.41202090592334495 0.0022222222222222222 0.005226480836236934
0 0.145 0.5322299651567944 0.18333333333333332 0.2456445993031359
0 0.15333333333333332 0.40853658536585363 0.0022222222222222222 0.0017421602787456446
0 0.15888888888888889 0.4059233449477352 0.0022222222222222222 0.003484320557491289
0 0.15555555555555556 0.4059233449477352 0.0022222222222222222 0.003484320557491289
0 0.15166666666666667 0.40505226480836237 0.0011111111111111111 0.0017421602787456446
0 0.45055555555555554 0.37543554006968644 0.0011111111111111111 0.0017421602787456446
0 0.4527777777777778 0.3719512195121951 0.0011111111111111111 0.0017421602787456446
0 0.4288888888888889 0.37282229965156793 0.0044444444444444444 0.006968641114982578
0 0.4338888888888889 0.3710801393728223 0.0077777777777777776 0.010452961672473868
0 0.47055555555555556 0.3614982578397213 0.0011111111111111111 0.0017421602787456446
0 0.4583333333333333 0.3614982578397213 0.0011111111111111111 0.0017421602787456446
0 0.41388888888888886 0.3614982578397213 0.0011111111111111111 0.0017421602787456446
0 0.4666666666666667 0.3606271777003484 0.0022222222222222222 0.003484320557491289
0 0.23555555555555555 0.3597560975609756 0.0022222222222222222 0.005226480836236934
0 0.47055555555555556 0.35627177700348434 0.0011111111111111111 0.0017421602787456446
0 0.22444444444444445 0.3588850174216028 0.0044444444444444444 0.006968641114982578
0 0.25555555555555554 0.35801393728222997 0.0044444444444444444 0.008710801393728223
0 0.24055555555555555 0.35714285714285715 0.0077777777777777776 0.010452961672473868
0 0.865 0.3475609756097561 0.0011111111111111111 0.0017421602787456446
0 0.8372222222222222 0.3475609756097561 0.0011111111111111111 0.0017421602787456446
0 0.8116666666666666 0.3475609756097561 0.0011111111111111111 0.0017421602787456446
0 0.6272222222222222 0.3475609756097561 0.0011111111111111111 0.0017421602787456446
0 0.625 0.34581881533101044 0.0011111111111111111 0.0017421602787456446
0 0.6222222222222222 0.34668989547038326 0.0022222222222222222 0.003484320557491289
0 0.5872222222222222 0.34581881533101044 0.0011111111111111111 0.0017421602787456446
0 0.2127777777777778 0.34668989547038326 0.0033333333333333335 0.003484320557491289
0 0.09722222222222222 0.34581881533101044 0.0011111111111111111 0.0017421602787456446
0 0.8688888888888889 0.34581881533101044 0.0044444444444444444 0.005226480836236934
0 0.6272222222222222 0.3440766550522648 0.0011111111111111111 0.0017421602787456446
0 0.6183333333333333 0.34581881533101044 0.0033333333333333335 0.005226480836236934
0 0.36666666666666664 0.34494773519163763 0.0044444444444444444 0.006968641114982578
0 0.2733333333333333 0.34494773519163763 0.0044444444444444444 0.006968641114982578
0 0.09722222222222222 0.3423344947735192 0.0011111111111111111 0.0017421602787456446
0 0.5872222222222222 0.34146341463414637 0.0011111111111111111 0.003484320557491289
0 0.5705555555555556 0.3336236933797909 0.0011111111111111111 0.0017421602787456446
0 0.3616666666666667 0.3336236933797909 0.0011111111111111111 0.0017421602787456446
0 0.2783333333333333 0.3336236933797909 0.0011111111111111111 0.0017421602787456446
0 0.05611111111111111 0.3336236933797909 0.0011111111111111111 0.0017421602787456446
0 0.05388888888888889 0.3336236933797909 0.0011111111111111111 0.0017421602787456446
0 0.65 0.3327526132404181 0.0022222222222222222 0.003484320557491289
0 0.6466666666666666 0.3327526132404181 0.0022222222222222222 0.003484320557491289
0 0.7916666666666666 0.33013937282229966 0.0011111111111111111 0.0017421602787456446
0 0.645 0.33013937282229966 0.0011111111111111111 0.0017421602787456446
0 0.5694444444444444 0.33013937282229966 0.0011111111111111111 0.0017421602787456446
0 0.2822222222222222 0.3318815331010453 0.0044444444444444444 0.005226480836236934
0 0.8866666666666667 0.3310104529616725 0.0044444444444444444 0.006968641114982578
0 0.5738888888888889 0.32839721254355403 0.0011111111111111111 0.0017421602787456446
0 0.05444444444444444 0.32926829268292684 0.0022222222222222222 0.003484320557491289
0 0.5694444444444444 0.32665505226480834 0.0011111111111111111 0.0017421602787456446
0 0.09555555555555556 0.3240418118466899 0.0044444444444444444 0.006968641114982578
0 0.6605555555555556 0.31968641114982577 0.0011111111111111111 0.0017421602787456446
0 0.049444444444444444 0.31968641114982577 0.0011111111111111111 0.0017421602787456446
0 0.04722222222222222 0.31968641114982577 0.0011111111111111111 0.0017421602787456446
0 0.16722222222222222 0.31881533101045295 0.0011111111111111111 0.003484320557491289
0 0.6644444444444444 0.31794425087108014 0.0044444444444444444 0.005226480836236934
0 0.08611111111111111 0.3153310104529617 0.0033333333333333335 0.003484320557491289
0 0.04611111111111111 0.3162020905923345 0.0033333333333333335 0.005226480836236934
0 0.08833333333333333 0.3127177700348432 0.0011111111111111111 0.0017421602787456446
0 0.04888888888888889 0.3127177700348432 0.0022222222222222222 0.0017421602787456446
0 0.8861111111111111 0.31097560975609756 0.0011111111111111111 0.0017421602787456446
0 0.8883333333333333 0.3074912891986063 0.0011111111111111111 0.0017421602787456446
0 0.8861111111111111 0.3074912891986063 0.0011111111111111111 0.0017421602787456446
0 0.7838888888888889 0.3057491289198606 0.0011111111111111111 0.0017421602787456446
0 0.49722222222222223 0.3057491289198606 0.0011111111111111111 0.0017421602787456446
0 0.135 0.3057491289198606 0.0011111111111111111 0.0017421602787456446
0 0.1438888888888889 0.3048780487804878 0.0011111111111111111 0.003484320557491289
0 0.785 0.30226480836236935 0.0011111111111111111 0.0017421602787456446
0 0.7827777777777778 0.30226480836236935 0.0011111111111111111 0.0017421602787456446
0 0.14 0.304006968641115 0.0044444444444444444 0.005226480836236934
0 0.03611111111111111 0.30226480836236935 0.0011111111111111111 0.0017421602787456446
0 0.2838888888888889 0.29878048780487804 0.0011111111111111111 0.0017421602787456446
0 0.13444444444444445 0.2952961672473868 0.0022222222222222222 0.0017421602787456446
0 0.3383333333333333 0.2935540069686411 0.0011111111111111111 0.0017421602787456446
0 0.8927777777777778 0.29181184668989546 0.0011111111111111111 0.0017421602787456446
0 0.7772222222222223 0.29181184668989546 0.0011111111111111111 0.0017421602787456446
0 0.2922222222222222 0.29181184668989546 0.0022222222222222222 0.0017421602787456446
0 0.28944444444444445 0.29181184668989546 0.0011111111111111111 0.0017421602787456446
0 0.1338888888888889 0.29006968641114983 0.0011111111111111111 0.0017421602787456446
0 0.2927777777777778 0.2883275261324042 0.0011111111111111111 0.0017421602787456446
0 0.028888888888888888 0.289198606271777 0.0044444444444444444 0.006968641114982578
0 0.2911111111111111 0.28397212543554007 0.0022222222222222222 0.003484320557491289
0 0.5583333333333333 0.2778745644599303 0.0011111111111111111 0.0017421602787456446
0 0.2916666666666667 0.27961672473867594 0.0033333333333333335 0.005226480836236934
0 0.3383333333333333 0.2761324041811847 0.0011111111111111111 0.0017421602787456446
0 0.5522222222222222 0.27090592334494773 0.0022222222222222222 0.005226480836236934
0 0.6905555555555556 0.27264808362369336 0.005555555555555556 0.012195121951219513
0 0.9061111111111111 0.26393728222996515 0.0011111111111111111 0.0017421602787456446
0 0.025 0.26393728222996515 0.0011111111111111111 0.0017421602787456446
0 0.6927777777777778 0.2621951219512195 0.0011111111111111111 0.0017421602787456446
0 0.9133333333333333 0.2613240418118467 0.0044444444444444444 0.006968641114982578
0 0.9033333333333333 0.2613240418118467 0.0022222222222222222 0.006968641114982578
0 0.6927777777777778 0.2587108013937282 0.0011111111111111111 0.0017421602787456446
0 0.2927777777777778 0.25174216027874563 0.0011111111111111111 0.0017421602787456446
0 0.7083333333333334 0.25 0.0011111111111111111 0.0017421602787456446
0 0.7038888888888889 0.25 0.0011111111111111111 0.0017421602787456446
0 0.5494444444444444 0.24912891986062718 0.0011111111111111111 0.003484320557491289
0 0.915 0.2465156794425087 0.0011111111111111111 0.0017421602787456446
0 0.7177777777777777 0.24738675958188153 0.0044444444444444444 0.006968641114982578
0 0.2927777777777778 0.23780487804878048 0.0011111111111111111 0.0017421602787456446
0 0.019444444444444445 0.23344947735191637 0.0033333333333333335 0.003484320557491289
0 0.7661111111111111 0.22909407665505227 0.0033333333333333335 0.008710801393728223
0 0.01888888888888889 0.2273519163763066 0.0022222222222222222 0.005226480836236934
0 0.765 0.2221254355400697 0.0011111111111111111 0.0017421602787456446
0 0.7627777777777778 0.2221254355400697 0.0011111111111111111 0.0017421602787456446
0 0.5238888888888888 0.22038327526132404 0.0011111111111111111 0.0017421602787456446
0 0.7194444444444444 0.21515679442508712 0.0011111111111111111 0.0017421602787456446
0 0.5216666666666666 0.21602787456445993 0.0033333333333333335 0.006968641114982578
0 0.7588888888888888 0.21689895470383275 0.006666666666666667 0.012195121951219513
0 0.9183333333333333 0.20993031358885017 0.0033333333333333335 0.0017421602787456446
0 0.7555555555555555 0.2073170731707317 0.0022222222222222222 0.003484320557491289
0 0.7472222222222222 0.20644599303135888 0.0011111111111111111 0.0017421602787456446
0 0.009444444444444445 0.20470383275261325 0.0011111111111111111 0.0017421602787456446
0 0.9111111111111111 0.2029616724738676 0.0022222222222222222 0.005226480836236934
0 0.5527777777777778 0.20121951219512196 0.0011111111111111111 0.0017421602787456446
0 0.2927777777777778 0.20121951219512196 0.0011111111111111111 0.0017421602787456446
0 0.7494444444444445 0.20209059233449478 0.0033333333333333335 0.006968641114982578
0 0.5238888888888888 0.19599303135888502 0.0011111111111111111 0.0017421602787456446
0 0.7477777777777778 0.19686411149825783 0.0022222222222222222 0.006968641114982578
0 0.7483333333333333 0.18292682926829268 0.0033333333333333335 0.003484320557491289
0 0.34 0.1916376306620209 0.0044444444444444444 0.020905923344947737
0 0.009444444444444445 0.17334494773519163 0.0011111111111111111 0.0017421602787456446
0 0.9061111111111111 0.171602787456446 0.0011111111111111111 0.0017421602787456446
0 0.9022222222222223 0.16898954703832753 0.0022222222222222222 0.003484320557491289
0 0.5227777777777778 0.16550522648083624 0.0033333333333333335 0.003484320557491289
0 0.007222222222222222 0.16550522648083624 0.0011111111111111111 0.003484320557491289
0 0.5605555555555556 0.15940766550522648 0.0011111111111111111 0.0017421602787456446
0 0.5227777777777778 0.15853658536585366 0.0011111111111111111 0.006968641114982578
0 0.8994444444444445 0.15505226480836237 0.0011111111111111111 0.003484320557491289
0 0.52 0.156794425087108 0.0022222222222222222 0.006968641114982578
0 0.7027777777777777 0.14547038327526132 0.0011111111111111111 0.0017421602787456446
0 0.7077777777777777 0.1480836236933798 0.006666666666666667 0.010452961672473868
0 0.515 0.1437282229965157 0.0011111111111111111 0.0017421602787456446
0 0.7016666666666667 0.14198606271777003 0.0011111111111111111 0.0017421602787456446
0 0.7577777777777778 0.14285714285714285 0.0044444444444444444 0.006968641114982578
0 0.7088888888888889 0.14198606271777003 0.0044444444444444444 0.005226480836236934
0 0.705 0.1402439024390244 0.0011111111111111111 0.0017421602787456446
0 0.5616666666666666 0.14111498257839722 0.0033333333333333335 0.003484320557491289
0 0.28888888888888886 0.1402439024390244 0.0022222222222222222 0.0017421602787456446
0 0.8972222222222223 0.1297909407665505 0.0011111111111111111 0.0017421602787456446
0 0.895 0.1297909407665505 0.0011111111111111111 0.0017421602787456446
0 0.35 0.13414634146341464 0.006666666666666667 0.010452961672473868
0 0.2838888888888889 0.12804878048780488 0.0011111111111111111 0.0017421602787456446
0 0.7661111111111111 0.12630662020905922 0.0011111111111111111 0.0017421602787456446
0 0.5711111111111111 0.1297909407665505 0.0044444444444444444 0.008710801393728223
0 0.515 0.12717770034843207 0.0011111111111111111 0.003484320557491289
0 0.5127777777777778 0.12630662020905922 0.0011111111111111111 0.0017421602787456446
0 0.3527777777777778 0.12630662020905922 0.0011111111111111111 0.0017421602787456446
0 0.3488888888888889 0.12804878048780488 0.0044444444444444444 0.005226480836236934
0 0.7794444444444445 0.11411149825783973 0.0011111111111111111 0.0017421602787456446
0 0.7772222222222223 0.11236933797909408 0.0011111111111111111 0.0017421602787456446
0 0.7 0.11498257839721254 0.0044444444444444444 0.006968641114982578
0 0.6927777777777778 0.11236933797909408 0.0011111111111111111 0.0017421602787456446
0 0.5822222222222222 0.11498257839721254 0.0044444444444444444 0.006968641114982578
0 0.5783333333333334 0.11498257839721254 0.0011111111111111111 0.006968641114982578
0 0.505 0.1132404181184669 0.0033333333333333335 0.003484320557491289
0 0.4988888888888889 0.1132404181184669 0.0022222222222222222 0.003484320557491289
0 0.4816666666666667 0.11236933797909408 0.0011111111111111111 0.0017421602787456446
0 0.3572222222222222 0.1132404181184669 0.0033333333333333335 0.003484320557491289
0 0.2733333333333333 0.11411149825783973 0.0044444444444444444 0.005226480836236934
0 0.26944444444444443 0.11236933797909408 0.0011111111111111111 0.0017421602787456446
0 0.007222222222222222 0.1132404181184669 0.0011111111111111111 0.003484320557491289
0 0.5883333333333334 0.10714285714285714 0.0011111111111111111 0.0017421602787456446
0 0.8083333333333333 0.09843205574912892 0.0011111111111111111 0.0017421602787456446
0 0.5877777777777777 0.09930313588850175 0.0022222222222222222 0.003484320557491289
0 0.4716666666666667 0.09930313588850175 0.0033333333333333335 0.003484320557491289
0 0.3794444444444444 0.09843205574912892 0.0011111111111111111 0.0017421602787456446
0 0.6483333333333333 0.09320557491289198 0.0011111111111111111 0.0017421602787456446
0 0.2638888888888889 0.09668989547038327 0.005555555555555556 0.008710801393728223
0 0.6483333333333333 0.0897212543554007 0.0011111111111111111 0.0017421602787456446
0 0.6088888888888889 0.09059233449477352 0.0022222222222222222 0.003484320557491289
0 0.6061111111111112 0.09233449477351917 0.0033333333333333335 0.006968641114982578
0 0.009444444444444445 0.08797909407665505 0.0011111111111111111 0.0017421602787456446
0 0.8183333333333334 0.08623693379790941 0.0011111111111111111 0.0017421602787456446
0 0.6238888888888889 0.08623693379790941 0.0011111111111111111 0.0017421602787456446
0 0.605 0.08623693379790941 0.0011111111111111111 0.0017421602787456446
0 0.46166666666666667 0.08623693379790941 0.0011111111111111111 0.0017421602787456446
0 0.6483333333333333 0.08449477351916376 0.0011111111111111111 0.0017421602787456446
0 0.6461111111111111 0.08449477351916376 0.0011111111111111111 0.0017421602787456446
0 0.64 0.08536585365853659 0.0022222222222222222 0.003484320557491289
0 0.6372222222222222 0.08449477351916376 0.0011111111111111111 0.0017421602787456446
0 0.6311111111111111 0.21602787456445993 0.17777777777777778 0.26480836236933797
0 0.6094444444444445 0.08536585365853659 0.005555555555555556 0.003484320557491289
0 0.2644444444444444 0.08710801393728224 0.0044444444444444444 0.006968641114982578
0 0.2594444444444444 0.08885017421602788 0.0077777777777777776 0.010452961672473868
0 0.255 0.08449477351916376 0.0011111111111111111 0.0017421602787456446
0 0.435 0.07665505226480836 0.0011111111111111111 0.003484320557491289
0 0.8716666666666667 0.07229965156794425 0.0011111111111111111 0.0017421602787456446
0 0.435 0.07229965156794425 0.0011111111111111111 0.0017421602787456446
0 0.8355555555555556 0.20905923344947736 0.17777777777777778 0.2787456445993031
0 0.8738888888888889 0.07055749128919861 0.0011111111111111111 0.0017421602787456446
0 0.8627777777777778 0.07055749128919861 0.0011111111111111111 0.0017421602787456446
0 0.8516666666666667 0.07055749128919861 0.0011111111111111111 0.0017421602787456446
0 0.8483333333333334 0.07229965156794425 0.0033333333333333335 0.005226480836236934
0 0.845 0.07055749128919861 0.0011111111111111111 0.0017421602787456446
0 0.4311111111111111 0.2229965156794425 0.18666666666666668 0.30662020905923343
0 0.415 0.07491289198606271 0.005555555555555556 0.010452961672473868
0 0.4111111111111111 0.07317073170731707 0.0044444444444444444 0.006968641114982578
0 0.16055555555555556 0.06010452961672474 0.0011111111111111111 0.0017421602787456446
0 0.25055555555555553 0.05749128919860627 0.0011111111111111111 0.003484320557491289
0 0.1738888888888889 0.05662020905923345 0.0011111111111111111 0.0017421602787456446
0 0.165 0.05662020905923345 0.0011111111111111111 0.0017421602787456446
0 0.16277777777777777 0.05662020905923345 0.0011111111111111111 0.0017421602787456446
0 0.1411111111111111 0.05749128919860627 0.0022222222222222222 0.003484320557491289
0 0.13333333333333333 0.05749128919860627 0.0044444444444444444 0.003484320557491289
0 0.12944444444444445 0.05662020905923345 0.0011111111111111111 0.0017421602787456446
0 0.1272222222222222 0.05662020905923345 0.0011111111111111111 0.0017421602787456446
0 0.02 0.059233449477351915 0.0044444444444444444 0.006968641114982578
0 0.24833333333333332 0.05313588850174216 0.0011111111111111111 0.0017421602787456446
0 0.08333333333333333 0.046167247386759584 0.0044444444444444444 0.005226480836236934
0 0.18055555555555555 0.04355400696864112 0.0011111111111111111 0.003484320557491289
0 0.17833333333333334 0.042682926829268296 0.0011111111111111111 0.0017421602787456446
0 0.12277777777777778 0.04355400696864112 0.0033333333333333335 0.003484320557491289
0 0.08611111111111111 0.042682926829268296 0.0011111111111111111 0.0017421602787456446
0 0.08166666666666667 0.042682926829268296 0.0011111111111111111 0.0017421602787456446
0 0.05444444444444444 0.029616724738675958 0.0022222222222222222 0.003484320557491289
0 0.14666666666666667 0.18815331010452963 0.29333333333333333 0.34843205574912894
