0 0.6545064377682404 0.9878048780487805 0.004291845493562232 0.003484320557491289
0 0.6530758226037195 0.9764808362369338 0.001430615164520744 0.0017421602787456446
0 0.7732474964234621 0.9747386759581882 0.001430615164520744 0.0017421602787456446
0 0.7703862660944206 0.9747386759581882 0.001430615164520744 0.0017421602787456446
0 0.6416309012875536 0.9738675958188153 0.001430615164520744 0.003484320557491289
0 0.7732474964234621 0.9712543554006968 0.001430615164520744 0.0017421602787456446
0 0.7675250357653791 0.9712543554006968 0.001430615164520744 0.0017421602787456446
0 0.67310443490701 0.9712543554006968 0.004291845493562232 0.005226480836236934
0 0.6738197424892703 0.9660278745644599 0.002861230329041488 0.005226480836236934
0 0.7989985693848355 0.9599303135888502 0.004291845493562232 0.003484320557491289
0 0.7911301859799714 0.9599303135888502 0.002861230329041488 0.003484320557491289
0 0.6745350500715308 0.9590592334494773 0.001430615164520744 0.0017421602787456446
0 0.6716738197424893 0.960801393728223 0.001430615164520744 0.005226480836236934
0 0.6745350500715308 0.955574912891986 0.001430615164520744 0.0017421602787456446
0 0.7675250357653791 0.9503484320557491 0.001430615164520744 0.0017421602787456446
0 0.6745350500715308 0.936411149825784 0.001430615164520744 0.0017421602787456446
0 0.8175965665236051 0.9329268292682927 0.001430615164520744 0.0017421602787456446
0 0.8218884120171673 0.9320557491289199 0.004291845493562232 0.003484320557491289
0 0.617310443490701 0.9320557491289199 0.004291845493562232 0.003484320557491289
0 0.6244635193133047 0.9285714285714286 0.00715307582260372 0.010452961672473868
0 0.6244635193133047 0.9242160278745645 0.001430615164520744 0.0017421602787456446
0 0.600143061516452 0.9189895470383276 0.001430615164520744 0.0017421602787456446
0 0.5972818311874106 0.9189895470383276 0.001430615164520744 0.0017421602787456446
0 0.5944206008583691 0.9189895470383276 0.001430615164520744 0.0017421602787456446
0 0.8233190271816881 0.9172473867595818 0.001430615164520744 0.0017421602787456446
0 0.7439198855507868 0.9172473867595818 0.002861230329041488 0.0017421602787456446
0 0.6859799713876967 0.9172473867595818 0.001430615164520744 0.0017421602787456446
0 0.6037195994277539 0.9181184668989547 0.002861230329041488 0.003484320557491289
0 0.5901287553648069 0.9181184668989547 0.004291845493562232 0.003484320557491289
0 0.5829756795422032 0.9181184668989547 0.004291845493562232 0.003484320557491289
0 0.5743919885550787 0.9181184668989547 0.004291845493562232 0.003484320557491289
0 0.5858369098712446 0.9155052264808362 0.001430615164520744 0.0017421602787456446
0 0.8233190271816881 0.9137630662020906 0.001430615164520744 0.0017421602787456446
0 0.8204577968526466 0.9146341463414634 0.001430615164520744 0.003484320557491289
0 0.7360515021459227 0.912020905923345 0.001430615164520744 0.0017421602787456446
0 0.6831187410586552 0.9128919860627178 0.004291845493562232 0.006968641114982578
0 0.547925608011445 0.9041811846689896 0.002861230329041488 0.003484320557491289
0 0.6824034334763949 0.9059233449477352 0.008583690987124463 0.010452961672473868
0 0.6838340486409156 0.8954703832752613 0.005722460658082976 0.006968641114982578
0 0.5586552217453505 0.8911149825783972 0.001430615164520744 0.0017421602787456446
0 0.5343347639484979 0.8911149825783972 0.001430615164520744 0.0017421602787456446
0 0.7560801144492132 0.8885017421602788 0.001430615164520744 0.003484320557491289
0 0.5293276108726752 0.8893728222996515 0.005722460658082976 0.005226480836236934
0 0.5600858369098712 0.882404181184669 0.001430615164520744 0.0017421602787456446
0 0.8447782546494993 0.882404181184669 0.004291845493562232 0.01916376306620209
0 0.7589413447782547 0.8719512195121951 0.001430615164520744 0.0017421602787456446
0 0.6845493562231759 0.8745644599303136 0.004291845493562232 0.006968641114982578
0 0.8254649499284692 0.8702090592334495 0.002861230329041488 0.0017421602787456446
0 0.8004291845493562 0.8702090592334495 0.001430615164520744 0.0017421602787456446
0 0.7968526466380543 0.8710801393728222 0.002861230329041488 0.003484320557491289
0 0.7825464949928469 0.8710801393728222 0.002861230329041488 0.003484320557491289
0 0.6831187410586552 0.8702090592334495 0.001430615164520744 0.0017421602787456446
0 0.8433476394849786 0.8710801393728222 0.004291845493562232 0.006968641114982578
0 0.6859799713876967 0.8684668989547039 0.001430615164520744 0.0017421602787456446
0 0.84620886981402 0.8667247386759582 0.001430615164520744 0.0017421602787456446
0 0.7703862660944206 0.8667247386759582 0.001430615164520744 0.0017421602787456446
0 0.7968526466380543 0.8667247386759582 0.005722460658082976 0.005226480836236934
0 0.7932761087267525 0.8649825783972126 0.001430615164520744 0.0017421602787456446
0 0.7861230329041488 0.8649825783972126 0.001430615164520744 0.0017421602787456446
0 0.7825464949928469 0.8667247386759582 0.005722460658082976 0.005226480836236934
0 0.7668097281831188 0.8658536585365854 0.002861230329041488 0.003484320557491289
0 0.7882689556509299 0.9198606271777003 0.11158798283261803 0.11149825783972125
0 0.7360515021459227 0.8632404181184669 0.001430615164520744 0.0017421602787456446
0 0.7160228898426323 0.8632404181184669 0.001430615164520744 0.0017421602787456446
0 0.5257510729613734 0.8632404181184669 0.001430615164520744 0.0017421602787456446
0 0.7453505007153076 0.8623693379790941 0.002861230329041488 0.003484320557491289
0 0.7331902718168812 0.8623693379790941 0.001430615164520744 0.003484320557491289
0 0.5185979971387696 0.8606271777003485 0.00715307582260372 0.006968641114982578
0 0.7160228898426323 0.8510452961672473 0.001430615164520744 0.0017421602787456446
0 0.4928469241773963 0.8493031358885017 0.001430615164520744 0.0017421602787456446
0 0.488555078683834 0.8493031358885017 0.001430615164520744 0.0017421602787456446
0 0.7575107296137339 0.8484320557491289 0.001430615164520744 0.003484320557491289
0 0.48354792560801146 0.8475609756097561 0.005722460658082976 0.005226480836236934
0 0.7339055793991416 0.8388501742160279 0.002861230329041488 0.0017421602787456446
0 0.6416309012875536 0.8371080139372822 0.001430615164520744 0.0017421602787456446
0 0.759656652360515 0.8344947735191638 0.002861230329041488 0.003484320557491289
0 0.48497854077253216 0.8397212543554007 0.008583690987124463 0.013937282229965157
0 0.48283261802575106 0.8301393728222997 0.001430615164520744 0.0017421602787456446
0 0.6516452074391988 0.828397212543554 0.001430615164520744 0.0017421602787456446
0 0.7632331902718169 0.8292682926829268 0.004291845493562232 0.006968641114982578
0 0.7088698140200286 0.8266550522648084 0.001430615164520744 0.0017421602787456446
0 0.7660944206008584 0.8249128919860628 0.001430615164520744 0.0017421602787456446
0 0.617310443490701 0.823170731707317 0.001430615164520744 0.0017421602787456446
0 0.6137339055793991 0.823170731707317 0.002861230329041488 0.0017421602787456446
0 0.7246065808297568 0.8214285714285714 0.001430615164520744 0.0017421602787456446
0 0.7217453505007153 0.8205574912891986 0.001430615164520744 0.003484320557491289
0 0.6416309012875536 0.8196864111498258 0.001430615164520744 0.0017421602787456446
0 0.7660944206008584 0.8092334494773519 0.001430615164520744 0.0017421602787456446
0 0.6452074391988555 0.8127177700348432 0.008583690987124463 0.008710801393728223
0 0.4871244635193133 0.8109756097560976 0.004291845493562232 0.005226480836236934
0 0.48354792560801146 0.8179442508710801 0.005722460658082976 0.01916376306620209
0 0.7246065808297568 0.8057491289198606 0.001430615164520744 0.0017421602787456446
0 0.6037195994277539 0.8083623693379791 0.005722460658082976 0.010452961672473868
0 0.6745350500715308 0.7987804878048781 0.001430615164520744 0.0017421602787456446
0 0.7217453505007153 0.7952961672473867 0.001430615164520744 0.0017421602787456446
0 0.6037195994277539 0.7979094076655052 0.005722460658082976 0.006968641114982578
0 0.4842632331902718 0.7935540069686411 0.001430615164520744 0.0017421602787456446
0 0.4728183118741059 0.7926829268292683 0.004291845493562232 0.003484320557491289
0 0.48068669527896996 0.7909407665505227 0.002861230329041488 0.003484320557491289
0 0.7546494992846924 0.7883275261324042 0.001430615164520744 0.0017421602787456446
0 0.5929899856938483 0.7865853658536586 0.004291845493562232 0.008710801393728223
0 0.7217453505007153 0.7813588850174216 0.001430615164520744 0.0017421602787456446
0 0.42560801144492133 0.7787456445993032 0.004291845493562232 0.003484320557491289
0 0.9606580829756796 0.7761324041811847 0.001430615164520744 0.0017421602787456446
0 0.9277539341917024 0.7761324041811847 0.001430615164520744 0.0017421602787456446
0 0.9291845493562232 0.7726480836236934 0.001430615164520744 0.0017421602787456446
0 0.5944206008583691 0.7726480836236934 0.001430615164520744 0.0017421602787456446
0 0.9277539341917024 0.769163763066202 0.001430615164520744 0.0017421602787456446
0 0.5944206008583691 0.769163763066202 0.001430615164520744 0.0017421602787456446
0 0.9599427753934192 0.7682926829268293 0.002861230329041488 0.003484320557491289
0 0.746065808297568 0.7674216027874564 0.001430615164520744 0.0017421602787456446
0 0.7439198855507868 0.8153310104529616 0.045779685264663805 0.0975609756097561
0 0.7303290414878397 0.7674216027874564 0.001430615164520744 0.0017421602787456446
0 0.7253218884120172 0.7726480836236934 0.008583690987124463 0.012195121951219513
0 0.4241773962804006 0.7674216027874564 0.001430615164520744 0.0017421602787456446
0 0.9277539341917024 0.7656794425087108 0.001430615164520744 0.0017421602787456446
0 0.9277539341917024 0.7621951219512195 0.001430615164520744 0.0017421602787456446
0 0.4356223175965665 0.7613240418118467 0.001430615164520744 0.003484320557491289
0 0.9306151645207439 0.759581881533101 0.001430615164520744 0.003484320557491289
0 0.9277539341917024 0.7569686411149826 0.001430615164520744 0.0017421602787456446
0 0.43776824034334766 0.7587108013937283 0.002861230329041488 0.005226480836236934
0 0.592274678111588 0.7569686411149826 0.005722460658082976 0.008710801393728223
0 0.5300429184549357 0.7534843205574913 0.001430615164520744 0.0017421602787456446
0 0.9184549356223176 0.7491289198606271 0.005722460658082976 0.006968641114982578
0 0.5143061516452074 0.7447735191637631 0.001430615164520744 0.0017421602787456446
0 0.5736766809728183 0.740418118466899 0.002861230329041488 0.003484320557491289
0 0.5693848354792561 0.7395470383275261 0.002861230329041488 0.0017421602787456446
0 0.9184549356223176 0.7386759581881533 0.005722460658082976 0.010452961672473868
0 0.9163090128755365 0.7317073170731707 0.001430615164520744 0.003484320557491289
0 0.45994277539341916 0.7264808362369338 0.004291845493562232 0.003484320557491289
0 0.5429184549356223 0.7238675958188153 0.001430615164520744 0.0017421602787456446
0 0.9048640915593705 0.7212543554006968 0.001430615164520744 0.003484320557491289
0 0.9606580829756796 0.7186411149825784 0.001430615164520744 0.0017421602787456446
0 0.4699570815450644 0.7168989547038328 0.001430615164520744 0.0017421602787456446
0 0.9535050071530758 0.7125435540069687 0.001430615164520744 0.003484320557491289
0 0.4728183118741059 0.7116724738675958 0.001430615164520744 0.0017421602787456446
0 0.4699570815450644 0.7116724738675958 0.001430615164520744 0.0017421602787456446
0 0.6945636623748211 0.7099303135888502 0.001430615164520744 0.0017421602787456446
0 0.49856938483547925 0.6994773519163763 0.001430615164520744 0.0017421602787456446
0 0.7088698140200286 0.6977351916376306 0.001430615164520744 0.0017421602787456446
0 0.5464949928469242 0.7003484320557491 0.005722460658082976 0.006968641114982578
0 0.5722460658082976 0.8432055749128919 0.29756795422031473 0.2926829268292683
0 0.4907010014306152 0.7003484320557491 0.008583690987124463 0.006968641114982578
0 0.4842632331902718 0.6977351916376306 0.001430615164520744 0.0017421602787456446
0 0.6845493562231759 0.695993031358885 0.001430615164520744 0.0017421602787456446
0 0.6802575107296137 0.6933797909407665 0.00715307582260372 0.006968641114982578
0 0.6666666666666666 0.6933797909407665 0.005722460658082976 0.006968641114982578
0 0.6809728183118741 0.6890243902439024 0.002861230329041488 0.0017421602787456446
0 0.8934191702432046 0.6872822299651568 0.001430615164520744 0.0017421602787456446
0 0.6723891273247496 0.6916376306620209 0.008583690987124463 0.010452961672473868
0 0.728898426323319 0.6820557491289199 0.001430615164520744 0.0017421602787456446
0 0.6602288984263234 0.6820557491289199 0.001430615164520744 0.0017421602787456446
0 0.29971387696709584 0.6820557491289199 0.001430615164520744 0.0017421602787456446
0 0.265379113018598 0.6820557491289199 0.001430615164520744 0.0017421602787456446
0 0.8934191702432046 0.6803135888501742 0.001430615164520744 0.0017421602787456446
0 0.7317596566523605 0.681184668989547 0.001430615164520744 0.003484320557491289
0 0.28683834048640916 0.6803135888501742 0.001430615164520744 0.0017421602787456446
0 0.26895565092989987 0.681184668989547 0.002861230329041488 0.003484320557491289
0 0.2625178826895565 0.6803135888501742 0.004291845493562232 0.005226480836236934
0 0.25679542203147354 0.676829268292683 0.001430615164520744 0.0017421602787456446
0 0.259656652360515 0.6777003484320557 0.004291845493562232 0.006968641114982578
0 0.30758226037195996 0.6750871080139372 0.002861230329041488 0.005226480836236934
0 0.21101573676680974 0.6681184668989547 0.001430615164520744 0.0017421602787456446
0 0.20815450643776823 0.6681184668989547 0.001430615164520744 0.0017421602787456446
0 0.20958512160228898 0.6637630662020906 0.004291845493562232 0.003484320557491289
0 0.2067238912732475 0.6611498257839721 0.001430615164520744 0.0017421602787456446
0 0.952074391988555 0.6567944250871081 0.001430615164520744 0.003484320557491289
0 0.9070100143061517 0.6585365853658537 0.005722460658082976 0.006968641114982578
0 0.18669527896995708 0.6541811846689896 0.001430615164520744 0.0017421602787456446
0 0.8719599427753935 0.6533101045296167 0.004291845493562232 0.003484320557491289
0 0.7610872675250357 0.6533101045296167 0.002861230329041488 0.003484320557491289
0 0.1838340486409156 0.6533101045296167 0.001430615164520744 0.003484320557491289
0 0.8819742489270386 0.6515679442508711 0.00715307582260372 0.006968641114982578
0 0.7753934191702432 0.6515679442508711 0.005722460658082976 0.006968641114982578
0 0.6194563662374821 0.6428571428571429 0.002861230329041488 0.003484320557491289
0 0.4027181688125894 0.6402439024390244 0.001430615164520744 0.0017421602787456446
0 0.3898426323319027 0.6385017421602788 0.001430615164520744 0.0017421602787456446
0 0.3082975679542203 0.6385017421602788 0.001430615164520744 0.0017421602787456446
0 0.6187410586552218 0.6367595818815331 0.001430615164520744 0.0017421602787456446
0 0.4113018597997139 0.6350174216027874 0.001430615164520744 0.0017421602787456446
0 0.8705293276108726 0.6315331010452961 0.001430615164520744 0.0017421602787456446
0 0.6187410586552218 0.6315331010452961 0.001430615164520744 0.0017421602787456446
0 0.4113018597997139 0.6315331010452961 0.001430615164520744 0.0017421602787456446
0 0.17238912732474965 0.6280487804878049 0.001430615164520744 0.0017421602787456446
0 0.9492131616595136 0.6263066202090593 0.001430615164520744 0.0017421602787456446
0 0.869098712446352 0.6263066202090593 0.001430615164520744 0.0017421602787456446
0 0.8390557939914163 0.6263066202090593 0.001430615164520744 0.0017421602787456446
0 0.6080114449213162 0.6263066202090593 0.002861230329041488 0.0017421602787456446
0 0.43276108726752505 0.6263066202090593 0.001430615164520744 0.0017421602787456446
0 0.8633762517882689 0.6254355400696864 0.004291845493562232 0.003484320557491289
0 0.3898426323319027 0.6245644599303136 0.001430615164520744 0.0017421602787456446
0 0.8676680972818311 0.622822299651568 0.001430615164520744 0.0017421602787456446
0 0.8175965665236051 0.6245644599303136 0.004291845493562232 0.005226480836236934
0 0.31759656652360513 0.622822299651568 0.005722460658082976 0.008710801393728223
0 0.17310443490701002 0.6210801393728222 0.002861230329041488 0.008710801393728223
0 0.4005722460658083 0.6141114982578397 0.002861230329041488 0.0017421602787456446
0 0.18240343347639484 0.6141114982578397 0.001430615164520744 0.0017421602787456446
0 0.17668097281831188 0.6158536585365854 0.00715307582260372 0.005226480836236934
0 0.5958512160228898 0.6123693379790941 0.001430615164520744 0.0017421602787456446
0 0.49141630901287553 0.6123693379790941 0.001430615164520744 0.0017421602787456446
0 0.4814020028612303 0.6123693379790941 0.001430615164520744 0.0017421602787456446
0 0.7954220314735336 0.6106271777003485 0.002861230329041488 0.0017421602787456446
0 0.4864091559370529 0.6106271777003485 0.002861230329041488 0.0017421602787456446
0 0.4899856938483548 0.6088850174216028 0.001430615164520744 0.0017421602787456446
0 0.48283261802575106 0.6088850174216028 0.001430615164520744 0.0017421602787456446
0 0.586552217453505 0.6097560975609756 0.005722460658082976 0.006968641114982578
0 0.3197424892703863 0.6071428571428571 0.001430615164520744 0.0017421602787456446
0 0.7145922746781116 0.6054006968641115 0.001430615164520744 0.0017421602787456446
0 0.4907010014306152 0.6054006968641115 0.002861230329041488 0.0017421602787456446
0 0.4864091559370529 0.6054006968641115 0.002861230329041488 0.0017421602787456446
0 0.4821173104434907 0.6054006968641115 0.002861230329041488 0.0017421602787456446
0 0.9492131616595136 0.6036585365853658 0.001430615164520744 0.0017421602787456446
0 0.4127324749642346 0.6036585365853658 0.001430615164520744 0.0017421602787456446
0 0.3197424892703863 0.6019163763066202 0.001430615164520744 0.0017421602787456446
0 0.3168812589413448 0.6036585365853658 0.001430615164520744 0.005226480836236934
0 0.18454935622317598 0.6027874564459931 0.002861230329041488 0.003484320557491289
0 0.7188841201716738 0.6001742160278746 0.001430615164520744 0.0017421602787456446
0 0.4449213161659514 0.5984320557491289 0.002861230329041488 0.0017421602787456446
0 0.4413447782546495 0.5984320557491289 0.001430615164520744 0.0017421602787456446
0 0.5014306151645207 0.5975609756097561 0.004291845493562232 0.003484320557491289
0 0.4585121602288984 0.5966898954703833 0.001430615164520744 0.0017421602787456446
0 0.4449213161659514 0.5949477351916377 0.002861230329041488 0.0017421602787456446
0 0.7439198855507868 0.5932055749128919 0.005722460658082976 0.005226480836236934
0 0.7353361945636624 0.5897212543554007 0.002861230329041488 0.0017421602787456446
0 0.5858369098712446 0.5914634146341463 0.004291845493562232 0.005226480836236934
0 0.4613733905579399 0.5923344947735192 0.004291845493562232 0.006968641114982578
0 0.8912732474964234 0.5888501742160279 0.002861230329041488 0.003484320557491289
0 0.7474964234620887 0.5871080139372822 0.004291845493562232 0.003484320557491289
0 0.7424892703862661 0.5871080139372822 0.002861230329041488 0.003484320557491289
0 0.7381974248927039 0.5871080139372822 0.002861230329041488 0.003484320557491289
0 0.7317596566523605 0.5871080139372822 0.004291845493562232 0.003484320557491289
0 0.5028612303290415 0.5862369337979094 0.001430615164520744 0.0017421602787456446
0 0.4592274678111588 0.587979094076655 0.002861230329041488 0.005226480836236934
0 0.5572246065808297 0.5844947735191638 0.001430615164520744 0.0017421602787456446
0 0.5836909871244635 0.5836236933797909 0.002861230329041488 0.003484320557491289
0 0.5629470672389127 0.5836236933797909 0.004291845493562232 0.003484320557491289
0 0.5522174535050072 0.5827526132404182 0.005722460658082976 0.005226480836236934
0 0.315450643776824 0.5810104529616724 0.001430615164520744 0.0017421602787456446
0 0.1781115879828326 0.5827526132404182 0.004291845493562232 0.005226480836236934
0 0.5801144492131617 0.5810104529616724 0.004291845493562232 0.005226480836236934
0 0.5844062947067239 0.5775261324041812 0.001430615164520744 0.0017421602787456446
0 0.8919885550786838 0.5757839721254355 0.001430615164520744 0.0017421602787456446
0 0.8111587982832618 0.5757839721254355 0.002861230329041488 0.0017421602787456446
0 0.8562231759656652 0.5757839721254355 0.00715307582260372 0.008710801393728223
0 0.8104434907010014 0.5722996515679443 0.001430615164520744 0.0017421602787456446
0 0.751788268955651 0.5705574912891986 0.001430615164520744 0.0017421602787456446
0 0.5171673819742489 0.5705574912891986 0.001430615164520744 0.0017421602787456446
0 0.5128755364806867 0.5705574912891986 0.001430615164520744 0.0017421602787456446
0 0.17453505007153075 0.5757839721254355 0.005722460658082976 0.01916376306620209
0 0.17238912732474965 0.5670731707317073 0.001430615164520744 0.0017421602787456446
0 0.17238912732474965 0.5618466898954704 0.001430615164520744 0.0017421602787456446
0 0.821173104434907 0.5592334494773519 0.002861230329041488 0.003484320557491289
0 0.3283261802575107 0.5566202090592335 0.001430615164520744 0.0017421602787456446
0 0.4241773962804006 0.5557491289198606 0.001430615164520744 0.003484320557491289
0 0.3311874105865522 0.5557491289198606 0.001430615164520744 0.003484320557491289
0 0.7546494992846924 0.5531358885017421 0.001430615164520744 0.0017421602787456446
0 0.7546494992846924 0.5496515679442509 0.001430615164520744 0.0017421602787456446
0 0.39842632331902716 0.5426829268292683 0.001430615164520744 0.0017421602787456446
0 0.3540772532188841 0.5426829268292683 0.001430615164520744 0.0017421602787456446
0 0.3648068669527897 0.5418118466898955 0.002861230329041488 0.003484320557491289
0 0.7532188841201717 0.539198606271777 0.001430615164520744 0.0017421602787456446
0 0.7753934191702432 0.5400696864111498 0.005722460658082976 0.006968641114982578
0 0.7503576537911302 0.5374564459930313 0.001430615164520744 0.0017421602787456446
0 0.7875536480686696 0.5270034843205574 0.001430615164520744 0.0017421602787456446
0 0.7560801144492132 0.5235191637630662 0.001430615164520744 0.0017421602787456446
0 0.1609442060085837 0.5165505226480837 0.001430615164520744 0.0017421602787456446
0 0.7989985693848355 0.514808362369338 0.001430615164520744 0.0017421602787456446
0 0.723175965665236 0.5139372822299652 0.001430615164520744 0.003484320557491289
0 0.844062947067239 0.5121951219512195 0.005722460658082976 0.006968641114982578
0 0.8204577968526466 0.5008710801393729 0.001430615164520744 0.0017421602787456446
0 0.8118741058655222 0.5008710801393729 0.001430615164520744 0.0017421602787456446
0 0.746065808297568 0.5 0.004291845493562232 0.003484320557491289
0 0.8390557939914163 0.4886759581881533 0.004291845493562232 0.0017421602787456446
0 0.14949928469241774 0.4878048780487805 0.001430615164520744 0.003484320557491289
0 0.11731044349070101 0.48606271777003485 0.002861230329041488 0.003484320557491289
0 0.11087267525035766 0.48606271777003485 0.00715307582260372 0.003484320557491289
0 0.8347639484978541 0.4834494773519164 0.001430615164520744 0.0017421602787456446
0 0.7453505007153076 0.48606271777003485 0.002861230329041488 0.006968641114982578
0 0.11945636623748211 0.4834494773519164 0.001430615164520744 0.0017421602787456446
0 0.7474964234620887 0.4808362369337979 0.004291845493562232 0.006968641114982578
0 0.7446351931330472 0.4764808362369338 0.001430615164520744 0.0017421602787456446
0 0.8104434907010014 0.47473867595818814 0.001430615164520744 0.0017421602787456446
0 0.7796852646638054 0.46602787456445993 0.002861230329041488 0.0017421602787456446
0 0.8326180257510729 0.4634146341463415 0.005722460658082976 0.006968641114982578
0 0.8276108726752504 0.4651567944250871 0.00715307582260372 0.010452961672473868
0 0.7982832618025751 0.4634146341463415 0.005722460658082976 0.006968641114982578
0 0.7889842632331903 0.460801393728223 0.001430615164520744 0.0017421602787456446
0 0.751788268955651 0.4538327526132404 0.001430615164520744 0.0017421602787456446
0 0.10371959942775394 0.4520905923344948 0.001430615164520744 0.0017421602787456446
0 0.10371959942775394 0.44860627177700346 0.001430615164520744 0.0017421602787456446
0 0.7761087267525035 0.4442508710801394 0.004291845493562232 0.003484320557491289
0 0.7646638054363376 0.44686411149825783 0.010014306151645207 0.008710801393728223
0 0.08798283261802575 0.43118466898954705 0.001430615164520744 0.0017421602787456446
0 0.08297567954220315 0.4294425087108014 0.005722460658082976 0.005226480836236934
0 0.08082975679542204 0.4172473867595819 0.001430615164520744 0.0017421602787456446
0 0.8218884120171673 0.3998257839721254 0.001430615164520744 0.0017421602787456446
0 0.8233190271816881 0.38414634146341464 0.001430615164520744 0.0017421602787456446
0 0.8204577968526466 0.38153310104529614 0.004291845493562232 0.003484320557491289
0 0.8218884120171673 0.37717770034843207 0.001430615164520744 0.0017421602787456446
0 0.8190271816881259 0.37717770034843207 0.001430615164520744 0.0017421602787456446
0 0.5164520743919886 0.37369337979094075 0.002861230329041488 0.005226480836236934
0 0.8004291845493562 0.36846689895470386 0.001430615164520744 0.0017421602787456446
0 0.7918454935622318 0.3693379790940767 0.001430615164520744 0.003484320557491289
0 0.5185979971387696 0.3693379790940767 0.004291845493562232 0.006968641114982578
0 0.7989985693848355 0.36498257839721254 0.001430615164520744 0.0017421602787456446
0 0.5157367668097281 0.36498257839721254 0.001430615164520744 0.0017421602787456446
0 0.4685264663805436 0.35627177700348434 0.001430615164520744 0.0017421602787456446
0 0.5278969957081545 0.35365853658536583 0.002861230329041488 0.003484320557491289
0 0.7918454935622318 0.3501742160278746 0.001430615164520744 0.003484320557491289
0 0.5300429184549357 0.34930313588850176 0.001430615164520744 0.0017421602787456446
0 0.5271816881258942 0.34930313588850176 0.001430615164520744 0.0017421602787456446
0 0.32546494992846925 0.34930313588850176 0.001430615164520744 0.0017421602787456446
0 0.09084406294706723 0.3475609756097561 0.001430615164520744 0.0017421602787456446
0 0.08798283261802575 0.3475609756097561 0.001430615164520744 0.0017421602787456446
0 0.5386266094420601 0.34581881533101044 0.001430615164520744 0.0017421602787456446
0 0.11301859799713877 0.3423344947735192 0.002861230329041488 0.0017421602787456446
0 0.33261802575107297 0.3405923344947735 0.001430615164520744 0.0017421602787456446
0 0.7489270386266095 0.33885017421602787 0.001430615164520744 0.0017421602787456446
0 0.5393419170243204 0.3405923344947735 0.002861230329041488 0.005226480836236934
0 0.17238912732474965 0.33885017421602787 0.001430615164520744 0.0017421602787456446
0 0.7453505007153076 0.33710801393728224 0.002861230329041488 0.0017421602787456446
0 0.17453505007153075 0.33710801393728224 0.002861230329041488 0.005226480836236934
0 0.11373390557939914 0.3353658536585366 0.001430615164520744 0.0017421602787456446
0 0.1123032904148784 0.3310104529616725 0.004291845493562232 0.003484320557491289
0 0.11301859799713877 0.3249128919860627 0.002861230329041488 0.005226480836236934
0 0.39198855507868385 0.32229965156794427 0.008583690987124463 0.003484320557491289
0 0.3054363376251788 0.3240418118466899 0.00715307582260372 0.006968641114982578
0 0.29971387696709584 0.32142857142857145 0.001430615164520744 0.0017421602787456446
0 0.11373390557939914 0.3144599303135889 0.001430615164520744 0.0017421602787456446
0 0.0715307582260372 0.3170731707317073 0.005722460658082976 0.006968641114982578
0 0.2947067238912732 0.31010452961672474 0.005722460658082976 0.006968641114982578
0 0.0715307582260372 0.30923344947735193 0.005722460658082976 0.005226480836236934
0 0.4799713876967096 0.29965156794425085 0.001430615164520744 0.003484320557491289
0 0.4799713876967096 0.2952961672473868 0.001430615164520744 0.0017421602787456446
0 0.7417739628040058 0.29442508710801396 0.004291845493562232 0.003484320557491289
0 0.5543633762517882 0.2935540069686411 0.001430615164520744 0.0017421602787456446
0 0.5286123032904149 0.29965156794425085 0.004291845493562232 0.013937282229965157
0 0.4127324749642346 0.2935540069686411 0.001430615164520744 0.0017421602787456446
0 0.4084406294706724 0.2935540069686411 0.001430615164520744 0.0017421602787456446
0 0.4034334763948498 0.2952961672473868 0.005722460658082976 0.005226480836236934
0 0.27253218884120173 0.2952961672473868 0.010014306151645207 0.005226480836236934
0 0.11087267525035766 0.2935540069686411 0.001430615164520744 0.0017421602787456446
0 0.11301859799713877 0.29094076655052264 0.002861230329041488 0.006968641114982578
0 0.11087267525035766 0.2857142857142857 0.004291845493562232 0.006968641114982578
0 0.5772532188841202 0.2813588850174216 0.001430615164520744 0.0017421602787456446
0 0.5743919885550787 0.2813588850174216 0.001430615164520744 0.0017421602787456446
0 0.11373390557939914 0.2813588850174216 0.001430615164520744 0.0017421602787456446
0 0.5815450643776824 0.2804878048780488 0.004291845493562232 0.003484320557491289
0 0.5650929899856938 0.28222996515679444 0.005722460658082976 0.006968641114982578
0 0.26108726752503575 0.2813588850174216 0.004291845493562232 0.005226480836236934
0 0.2553648068669528 0.27961672473867594 0.001430615164520744 0.0017421602787456446
0 0.09871244635193133 0.27961672473867594 0.002861230329041488 0.0017421602787456446
0 0.0715307582260372 0.28222996515679444 0.005722460658082976 0.006968641114982578
0 0.7131616595135909 0.2604529616724739 0.001430615164520744 0.0017421602787456446
0 0.7181688125894135 0.2613240418118467 0.005722460658082976 0.006968641114982578
0 0.7203147353361946 0.23954703832752614 0.001430615164520744 0.0017421602787456446
0 0.5629470672389127 0.23519163763066203 0.004291845493562232 0.003484320557491289
0 0.7181688125894135 0.23519163763066203 0.005722460658082976 0.006968641114982578
0 0.6716738197424893 0.2308362369337979 0.001430615164520744 0.0017421602787456446
0 0.7181688125894135 0.2264808362369338 0.005722460658082976 0.006968641114982578
0 0.6659513590844063 0.22386759581881532 0.001430615164520744 0.0017421602787456446
0 0.5615164520743919 0.22386759581881532 0.001430615164520744 0.0017421602787456446
0 0.6974248927038627 0.21341463414634146 0.001430615164520744 0.0017421602787456446
0 0.572961373390558 0.21167247386759583 0.001430615164520744 0.0017421602787456446
0 0.6945636623748211 0.20993031358885017 0.001430615164520744 0.0017421602787456446
0 0.6494992846924177 0.1986062717770035 0.005722460658082976 0.006968641114982578
0 0.6115879828326181 0.18728222996515678 0.001430615164520744 0.0017421602787456446
0 0.6094420600858369 0.18292682926829268 0.002861230329041488 0.003484320557491289
0 0.5150214592274678 0.4878048780487805 0.8927038626609443 0.6132404181184669
0 0.586552217453505 0.18466898954703834 0.005722460658082976 0.006968641114982578
