0 0.7205270457697642 0.9594594594594594 0.0013869625520110957 0.003003003003003003
0 0.717753120665742 0.9594594594594594 0.0013869625520110957 0.003003003003003003
0 0.687239944521498 0.9594594594594594 0.0013869625520110957 0.003003003003003003
0 0.7142857142857143 0.9579579579579579 0.0027739251040221915 0.006006006006006006
0 0.6823855755894591 0.954954954954955 0.005547850208044383 0.012012012012012012
0 0.6775312066574203 0.954954954954955 0.0013869625520110957 0.012012012012012012
0 0.7205270457697642 0.9474474474474475 0.0013869625520110957 0.003003003003003003
0 0.731622746185853 0.9354354354354354 0.0013869625520110957 0.003003003003003003
0 0.6705963938973648 0.9294294294294294 0.0013869625520110957 0.003003003003003003
0 0.731622746185853 0.9234234234234234 0.0013869625520110957 0.003003003003003003
0 0.7406380027739251 0.9099099099099099 0.005547850208044383 0.006006006006006006
0 0.7413314840499307 0.9024024024024024 0.004160887656033287 0.003003003003003003
0 0.7357836338418863 0.9024024024024024 0.0013869625520110957 0.003003003003003003
0 0.6456310679611651 0.9069069069069069 0.004160887656033287 0.012012012012012012
0 0.7427184466019418 0.8963963963963963 0.0013869625520110957 0.003003003003003003
0 0.7579750346740638 0.8873873873873874 0.0013869625520110957 0.003003003003003003
0 0.2434119278779473 0.8858858858858859 0.0013869625520110957 0.006006006006006006
0 0.7628294036061026 0.8843843843843844 0.005547850208044383 0.009009009009009009
0 0.22468793342579751 0.8828828828828829 0.005547850208044383 0.012012012012012012
0 0.2434119278779473 0.8723723723723724 0.0013869625520110957 0.003003003003003003
0 0.529126213592233 0.8633633633633634 0.0013869625520110957 0.003003003003003003
0 0.25450762829403606 0.8633633633633634 0.0013869625520110957 0.003003003003003003
0 0.6234396671289875 0.8603603603603603 0.0013869625520110957 0.003003003003003003
0 0.5166435506241331 0.8618618618618619 0.006934812760055479 0.006006006006006006
0 0.5110957004160888 0.8603603603603603 0.0013869625520110957 0.003003003003003003
0 0.1955617198335645 0.8618618618618619 0.0027739251040221915 0.006006006006006006
0 0.18515950069348128 0.8618618618618619 0.004160887656033287 0.006006006006006006
0 0.15880721220527047 0.8618618618618619 0.004160887656033287 0.006006006006006006
0 0.13384188626907073 0.8603603603603603 0.0013869625520110957 0.003003003003003003
0 0.5887656033287101 0.8573573573573574 0.0013869625520110957 0.003003003003003003
0 0.1782246879334258 0.8573573573573574 0.0013869625520110957 0.003003003003003003
0 0.16574202496532595 0.8573573573573574 0.0013869625520110957 0.003003003003003003
0 0.5936199722607489 0.8588588588588588 0.008321775312066574 0.012012012012012012
0 0.18793342579750347 0.8558558558558559 0.0013869625520110957 0.006006006006006006
0 0.15603328710124825 0.8558558558558559 0.0013869625520110957 0.006006006006006006
0 0.5159500693481276 0.8528528528528528 0.0027739251040221915 0.006006006006006006
0 0.13384188626907073 0.8528528528528528 0.0013869625520110957 0.006006006006006006
0 0.5124826629680999 0.8498498498498499 0.004160887656033287 0.012012012012012012
0 0.834257975034674 0.8393393393393394 0.0013869625520110957 0.003003003003003003
0 0.8148404993065187 0.8393393393393394 0.0013869625520110957 0.003003003003003003
0 0.3183079056865465 0.8393393393393394 0.0013869625520110957 0.003003003003003003
0 0.268377253814147 0.8393393393393394 0.0013869625520110957 0.003003003003003003
0 0.26144244105409153 0.8393393393393394 0.0013869625520110957 0.003003003003003003
0 0.38765603328710124 0.8363363363363363 0.0013869625520110957 0.003003003003003003
0 0.38210818307905686 0.8378378378378378 0.006934812760055479 0.006006006006006006
0 0.31345353675450766 0.8378378378378378 0.005547850208044383 0.006006006006006006
0 0.29750346740638 0.8363363363363363 0.0013869625520110957 0.003003003003003003
0 0.289875173370319 0.8378378378378378 0.0027739251040221915 0.006006006006006006
0 0.8245492371705964 0.8363363363363363 0.015256588072122053 0.009009009009009009
0 0.8515950069348127 0.8348348348348348 0.005547850208044383 0.012012012012012012
0 0.3668515950069348 0.8303303303303303 0.0013869625520110957 0.003003003003003003
0 0.3300970873786408 0.8348348348348348 0.005547850208044383 0.012012012012012012
0 0.3828016643550624 0.8288288288288288 0.0027739251040221915 0.006006006006006006
0 0.38626907073509015 0.8258258258258259 0.004160887656033287 0.012012012012012012
0 0.49653259361997226 0.8153153153153153 0.0027739251040221915 0.003003003003003003
0 0.48890429958391124 0.8153153153153153 0.0013869625520110957 0.003003003003003003
0 0.39042995839112343 0.8153153153153153 0.0013869625520110957 0.003003003003003003
0 0.0811373092926491 0.8153153153153153 0.0013869625520110957 0.003003003003003003
0 0.4105409153952843 0.8138138138138138 0.0027739251040221915 0.006006006006006006
0 0.361997226074896 0.8138138138138138 0.0027739251040221915 0.006006006006006006
0 0.09153952843273232 0.8138138138138138 0.0027739251040221915 0.006006006006006006
0 0.07836338418862691 0.8138138138138138 0.0013869625520110957 0.006006006006006006
0 0.7926490984743412 0.8093093093093093 0.0013869625520110957 0.003003003003003003
0 0.09361997226074896 0.8093093093093093 0.0013869625520110957 0.003003003003003003
0 0.7891816920943134 0.8093093093093093 0.0027739251040221915 0.009009009009009009
0 0.44105409153952846 0.8108108108108109 0.005547850208044383 0.012012012012012012
0 0.2510402219140083 0.7942942942942943 0.0027739251040221915 0.003003003003003003
0 0.2434119278779473 0.7942942942942943 0.0013869625520110957 0.003003003003003003
0 0.2073509015256588 0.7942942942942943 0.0013869625520110957 0.003003003003003003
0 0.19625520110957004 0.7942942942942943 0.0013869625520110957 0.003003003003003003
0 0.06726768377253814 0.7912912912912913 0.0013869625520110957 0.003003003003003003
0 0.06310679611650485 0.7912912912912913 0.0013869625520110957 0.003003003003003003
0 0.4667128987517337 0.7882882882882883 0.0013869625520110957 0.003003003003003003
0 0.07281553398058252 0.7897897897897898 0.004160887656033287 0.006006006006006006
0 0.06865464632454923 0.7852852852852853 0.0013869625520110957 0.003003003003003003
0 0.05825242718446602 0.7882882882882883 0.005547850208044383 0.009009009009009009
0 0.7524271844660194 0.7717717717717718 0.004160887656033287 0.006006006006006006
0 0.26282940360610263 0.7702702702702703 0.004160887656033287 0.003003003003003003
0 0.9001386962552012 0.7672672672672672 0.0027739251040221915 0.003003003003003003
0 0.7427184466019418 0.7582582582582582 0.0013869625520110957 0.003003003003003003
0 0.19902912621359223 0.7552552552552553 0.0013869625520110957 0.003003003003003003
0 0.1955617198335645 0.7567567567567568 0.0027739251040221915 0.006006006006006006
0 0.18654646324549237 0.7492492492492493 0.0013869625520110957 0.003003003003003003
0 0.28224687933425796 0.7462462462462462 0.0013869625520110957 0.003003003003003003
0 0.2801664355062413 0.7492492492492493 0.0027739251040221915 0.009009009009009009
0 0.27600554785020803 0.7477477477477478 0.0027739251040221915 0.006006006006006006
0 0.1955617198335645 0.7492492492492493 0.005547850208044383 0.009009009009009009
0 0.19209431345353675 0.7462462462462462 0.0013869625520110957 0.003003003003003003
0 0.15187239944521497 0.7492492492492493 0.004160887656033287 0.009009009009009009
0 0.12552011095700416 0.7462462462462462 0.0013869625520110957 0.003003003003003003
0 0.12274618585298197 0.7477477477477478 0.0013869625520110957 0.006006006006006006
0 0.9396671289875174 0.7432432432432432 0.0013869625520110957 0.003003003003003003
0 0.9299583911234397 0.7432432432432432 0.0013869625520110957 0.003003003003003003
0 0.8689320388349514 0.7432432432432432 0.0013869625520110957 0.003003003003003003
0 0.9438280166435506 0.7417417417417418 0.004160887656033287 0.006006006006006006
0 0.883495145631068 0.7402402402402403 0.008321775312066574 0.009009009009009009
0 0.08807212205270458 0.7372372372372372 0.0013869625520110957 0.003003003003003003
0 0.8592233009708737 0.7342342342342343 0.0013869625520110957 0.003003003003003003
0 0.8994452149791956 0.7312312312312312 0.0013869625520110957 0.003003003003003003
0 0.8619972260748959 0.7357357357357357 0.004160887656033287 0.012012012012012012
0 0.7385575589459085 0.7282282282282282 0.0013869625520110957 0.003003003003003003
0 0.3654646324549237 0.7297297297297297 0.0013869625520110957 0.006006006006006006
0 0.059639389736477116 0.7567567567567568 0.008321775312066574 0.06006006006006006
0 0.07558945908460471 0.7252252252252253 0.0013869625520110957 0.003003003003003003
0 0.7420249653259362 0.7237237237237237 0.0027739251040221915 0.006006006006006006
0 0.7371705963938974 0.7237237237237237 0.004160887656033287 0.006006006006006006
0 0.3973647711511789 0.7222222222222222 0.0013869625520110957 0.003003003003003003
0 0.39042995839112343 0.7237237237237237 0.0013869625520110957 0.006006006006006006
0 0.38626907073509015 0.7222222222222222 0.0013869625520110957 0.003003003003003003
0 0.07836338418862691 0.7222222222222222 0.0013869625520110957 0.003003003003003003
0 0.06310679611650485 0.7222222222222222 0.0013869625520110957 0.003003003003003003
0 0.05825242718446602 0.7252252252252253 0.005547850208044383 0.009009009009009009
0 0.7662968099861304 0.7192192192192193 0.0013869625520110957 0.003003003003003003
0 0.32662968099861306 0.7237237237237237 0.004160887656033287 0.012012012012012012
0 0.3224687933425798 0.7192192192192193 0.0013869625520110957 0.003003003003003003
0 0.9757281553398058 0.7162162162162162 0.0013869625520110957 0.003003003003003003
0 0.963245492371706 0.7162162162162162 0.0013869625520110957 0.003003003003003003
0 0.731622746185853 0.7132132132132132 0.0013869625520110957 0.003003003003003003
0 0.32385575589459087 0.7132132132132132 0.0013869625520110957 0.003003003003003003
0 0.753120665742025 0.7132132132132132 0.0027739251040221915 0.009009009009009009
0 0.7447988904299584 0.7132132132132132 0.0027739251040221915 0.009009009009009009
0 0.32662968099861306 0.7102102102102102 0.0013869625520110957 0.003003003003003003
0 0.731622746185853 0.7072072072072072 0.0013869625520110957 0.003003003003003003
0 0.9722607489597781 0.7117117117117117 0.008321775312066574 0.018018018018018018
0 0.7489597780859917 0.7072072072072072 0.008321775312066574 0.009009009009009009
0 0.4001386962552011 0.7012012012012012 0.0013869625520110957 0.003003003003003003
0 0.3245492371705964 0.7027027027027027 0.005547850208044383 0.012012012012012012
0 0.7676837725381415 0.6906906906906907 0.004160887656033287 0.006006006006006006
0 0.4001386962552011 0.6891891891891891 0.0013869625520110957 0.003003003003003003
0 0.7662968099861304 0.6831831831831832 0.0013869625520110957 0.003003003003003003
0 0.4015256588072122 0.6831831831831832 0.0013869625520110957 0.003003003003003003
0 0.4001386962552011 0.6771771771771772 0.0013869625520110957 0.003003003003003003
0 0.3633841886269071 0.6786786786786787 0.005547850208044383 0.012012012012012012
0 0.7669902912621359 0.6711711711711712 0.0027739251040221915 0.009009009009009009
0 0.9965325936199723 0.6651651651651652 0.0013869625520110957 0.003003003003003003
0 0.9937586685159501 0.6621621621621622 0.0013869625520110957 0.003003003003003003
0 0.9958391123439667 0.6546546546546547 0.005547850208044383 0.012012012012012012
0 0.4001386962552011 0.6441441441441441 0.0013869625520110957 0.003003003003003003
0 0.4029126213592233 0.6366366366366366 0.004160887656033287 0.012012012012012012
0 0.40083217753120665 0.6276276276276276 0.0027739251040221915 0.012012012012012012
0 0.3765603328710125 0.6231231231231231 0.0013869625520110957 0.003003003003003003
0 0.36754507628294036 0.6141141141141141 0.0027739251040221915 0.003003003003003003
0 0.2656033287101248 0.6141141141141141 0.0013869625520110957 0.003003003003003003
0 0.25589459084604715 0.6141141141141141 0.0013869625520110957 0.003003003003003003
0 0.35159500693481277 0.5990990990990991 0.0013869625520110957 0.003003003003003003
0 0.28640776699029125 0.5990990990990991 0.0013869625520110957 0.003003003003003003
0 0.0319001386962552 0.5975975975975976 0.0027739251040221915 0.006006006006006006
0 0.04160887656033287 0.5945945945945946 0.005547850208044383 0.012012012012012012
0 0.9674063800277393 0.5795795795795796 0.0013869625520110957 0.006006006006006006
0 0.23509015256588073 0.5735735735735735 0.004160887656033287 0.006006006006006006
0 0.24549237170596394 0.5690690690690691 0.0027739251040221915 0.003003003003003003
0 0.02288488210818308 0.5645645645645646 0.0013869625520110957 0.006006006006006006
0 0.9646324549237171 0.5555555555555556 0.0013869625520110957 0.006006006006006006
0 0.9618585298196949 0.5540540540540541 0.0013869625520110957 0.003003003003003003
0 0.054785020804438284 0.551051051051051 0.0013869625520110957 0.003003003003003003
0 0.052011095700416086 0.551051051051051 0.0013869625520110957 0.003003003003003003
0 0.05409153952843273 0.5435435435435435 0.0027739251040221915 0.006006006006006006
0 0.934119278779473 0.53003003003003 0.0013869625520110957 0.003003003003003003
0 0.05894590846047157 0.527027027027027 0.0013869625520110957 0.003003003003003003
0 0.0638002773925104 0.524024024024024 0.005547850208044383 0.009009009009009009
0 0.9278779472954231 0.506006006006006 0.0027739251040221915 0.003003003003003003
0 0.1407766990291262 0.503003003003003 0.0013869625520110957 0.003003003003003003
0 0.13592233009708737 0.5 0.005547850208044383 0.009009009009009009
0 0.1449375866851595 0.4984984984984985 0.004160887656033287 0.012012012012012012
0 0.06588072122052704 0.493993993993994 0.0013869625520110957 0.003003003003003003
0 0.02288488210818308 0.481981981981982 0.0013869625520110957 0.003003003003003003
0 0.23370319001386963 0.4744744744744745 0.0013869625520110957 0.006006006006006006
0 0.08599167822468794 0.4744744744744745 0.005547850208044383 0.012012012012012012
0 0.1622746185852982 0.47297297297297297 0.008321775312066574 0.015015015015015015
0 0.024271844660194174 0.46396396396396394 0.0013869625520110957 0.003003003003003003
0 0.9181692094313454 0.46096096096096095 0.005547850208044383 0.009009009009009009
0 0.9133148404993066 0.45795795795795796 0.0013869625520110957 0.003003003003003003
0 0.09084604715672677 0.45495495495495497 0.0013869625520110957 0.003003003003003003
0 0.12413314840499307 0.4519519519519519 0.0013869625520110957 0.003003003003003003
0 0.9091539528432733 0.43993993993993996 0.0013869625520110957 0.003003003003003003
0 0.12343966712898752 0.44294294294294295 0.0027739251040221915 0.009009009009009009
0 0.0957004160887656 0.44594594594594594 0.008321775312066574 0.021021021021021023
0 0.026352288488210817 0.4369369369369369 0.0027739251040221915 0.003003003003003003
0 0.02288488210818308 0.4369369369369369 0.0013869625520110957 0.003003003003003003
0 0.2406380027739251 0.4339339339339339 0.0013869625520110957 0.003003003003003003
0 0.23578363384188628 0.4369369369369369 0.005547850208044383 0.009009009009009009
0 0.16435506241331485 0.43543543543543545 0.004160887656033287 0.006006006006006006
0 0.15672676837725383 0.43543543543543545 0.0027739251040221915 0.006006006006006006
0 0.15048543689320387 0.4339339339339339 0.0013869625520110957 0.003003003003003003
0 0.030513176144244106 0.4339339339339339 0.0027739251040221915 0.003003003003003003
0 0.8980582524271845 0.4189189189189189 0.0013869625520110957 0.003003003003003003
0 0.2565880721220527 0.4189189189189189 0.0027739251040221915 0.003003003003003003
0 0.1435506241331484 0.4189189189189189 0.0013869625520110957 0.003003003003003003
0 0.897364771151179 0.4114114114114114 0.0027739251040221915 0.006006006006006006
0 0.260748959778086 0.4114114114114114 0.0027739251040221915 0.006006006006006006
0 0.2565880721220527 0.4114114114114114 0.0027739251040221915 0.006006006006006006
0 0.03398058252427184 0.3918918918918919 0.0013869625520110957 0.003003003003003003
0 0.2669902912621359 0.3888888888888889 0.0013869625520110957 0.003003003003003003
0 0.10194174757281553 0.3888888888888889 0.0013869625520110957 0.003003003003003003
0 0.11927877947295423 0.3888888888888889 0.0027739251040221915 0.009009009009009009
0 0.11719833564493759 0.3858858858858859 0.0013869625520110957 0.003003003003003003
0 0.09916782246879334 0.3858858858858859 0.0013869625520110957 0.003003003003003003
0 0.8723994452149791 0.37537537537537535 0.008321775312066574 0.018018018018018018
0 0.8737864077669902 0.36486486486486486 0.005547850208044383 0.009009009009009009
0 0.8689320388349514 0.36186186186186187 0.0013869625520110957 0.003003003003003003
0 0.863384188626907 0.36186186186186187 0.0013869625520110957 0.003003003003003003
0 0.2912621359223301 0.36786786786786785 0.005547850208044383 0.015015015015015015
0 0.09778085991678225 0.36186186186186187 0.0013869625520110957 0.003003003003003003
0 0.09361997226074896 0.36186186186186187 0.0013869625520110957 0.003003003003003003
0 0.06102635228848821 0.36486486486486486 0.0027739251040221915 0.009009009009009009
0 0.056865464632454926 0.36486486486486486 0.0027739251040221915 0.009009009009009009
0 0.08737864077669903 0.34534534534534533 0.0027739251040221915 0.006006006006006006
0 0.08668515950069348 0.33783783783783783 0.0013869625520110957 0.003003003003003003
0 0.07975034674063801 0.33933933933933935 0.0013869625520110957 0.006006006006006006
0 0.09431345353675451 0.46846846846846846 0.14424410540915394 0.26426426426426425
0 0.06726768377253814 0.33933933933933935 0.0013869625520110957 0.006006006006006006
0 0.31345353675450766 0.3183183183183183 0.005547850208044383 0.012012012012012012
0 0.8425797503467406 0.2987987987987988 0.0013869625520110957 0.003003003003003003
0 0.8245492371705964 0.26876876876876876 0.0013869625520110957 0.003003003003003003
0 0.3446601941747573 0.26876876876876876 0.0013869625520110957 0.003003003003003003
0 0.8273231622746186 0.26576576576576577 0.0013869625520110957 0.003003003003003003
0 0.8134535367545076 0.24324324324324326 0.0013869625520110957 0.006006006006006006
0 0.35991678224687934 0.24174174174174173 0.0013869625520110957 0.003003003003003003
0 0.8092926490984743 0.22372372372372373 0.0013869625520110957 0.003003003003003003
0 0.7981969486823856 0.1981981981981982 0.0013869625520110957 0.012012012012012012
0 0.7933425797503467 0.1981981981981982 0.005547850208044383 0.012012012012012012
0 0.3779472954230236 0.17417417417417416 0.0013869625520110957 0.006006006006006006
0 0.7697642163661581 0.16516516516516516 0.0027739251040221915 0.006006006006006006
0 0.7732316227461858 0.15615615615615616 0.004160887656033287 0.012012012012012012
0 0.3932038834951456 0.15165165165165165 0.0013869625520110957 0.003003003003003003
0 0.776005547850208 0.14864864864864866 0.0013869625520110957 0.003003003003003003
0 0.3959778085991678 0.14864864864864866 0.0013869625520110957 0.003003003003003003
0 0.4174757281553398 0.14714714714714713 0.0027739251040221915 0.006006006006006006
0 0.3932038834951456 0.14564564564564564 0.0013869625520110957 0.003003003003003003
0 0.42302357836338417 0.13063063063063063 0.0027739251040221915 0.003003003003003003
0 0.7628294036061026 0.12462462462462462 0.005547850208044383 0.009009009009009009
0 0.7579750346740638 0.12162162162162163 0.0013869625520110957 0.003003003003003003
0 0.435506241331484 0.1021021021021021 0.005547850208044383 0.012012012012012012
0 0.7031900138696255 0.07357357357357357 0.0027739251040221915 0.003003003003003003
0 0.6983356449375867 0.05555555555555555 0.0013869625520110957 0.003003003003003003
0 0.6858529819694869 0.05555555555555555 0.0013869625520110957 0.003003003003003003
0 0.6955617198335645 0.04954954954954955 0.0013869625520110957 0.003003003003003003
0 0.6816920943134536 0.05105105105105105 0.004160887656033287 0.006006006006006006
0 0.6553398058252428 0.036036036036036036 0.0013869625520110957 0.006006006006006006
0 0.6553398058252428 0.028528528528528527 0.0013869625520110957 0.003003003003003003
0 0.5554785020804438 0.028528528528528527 0.0013869625520110957 0.003003003003003003
0 0.5832177531206657 0.025525525525525526 0.0013869625520110957 0.003003003003003003
0 0.5527045769764216 0.02702702702702703 0.0013869625520110957 0.006006006006006006
0 0.5485436893203883 0.028528528528528527 0.004160887656033287 0.009009009009009009
0 0.5409153952843273 0.02702702702702703 0.0027739251040221915 0.006006006006006006
0 0.5305131761442441 0.5045045045045045 0.9361997226074896 0.960960960960961
