0 0.552013422818792 0.9792122538293216 0.0011185682326621924 0.002188183807439825
0 0.9927293064876958 0.9770240700218819 0.0011185682326621924 0.002188183807439825
0 0.9670022371364653 0.9748358862144421 0.0011185682326621924 0.002188183807439825
0 0.970917225950783 0.975929978118162 0.006711409395973154 0.0087527352297593
0 0.5615212527964206 0.975929978118162 0.0044742729306487695 0.0087527352297593
0 0.9927293064876958 0.9715536105032823 0.0011185682326621924 0.00437636761487965
0 0.5570469798657718 0.973741794310722 0.006711409395973154 0.01312910284463895
0 0.9994407158836689 0.9617067833698031 0.0011185682326621924 0.002188183807439825
0 0.5727069351230425 0.9617067833698031 0.0022371364653243847 0.002188183807439825
0 0.5095078299776287 0.9617067833698031 0.0011185682326621924 0.002188183807439825
0 0.9491051454138703 0.9584245076586433 0.0011185682326621924 0.00437636761487965
0 0.5732662192393736 0.9573304157549234 0.0011185682326621924 0.002188183807439825
0 0.5050335570469798 0.9595185995623632 0.005592841163310962 0.006564551422319475
0 0.581096196868009 0.9507658643326039 0.0011185682326621924 0.002188183807439825
0 0.5022371364653244 0.9529540481400438 0.0022371364653243847 0.010940919037199124
0 0.9451901565995525 0.9442013129102844 0.0022371364653243847 0.002188183807439825
0 0.6549217002237137 0.9266958424507659 0.0011185682326621924 0.002188183807439825
0 0.6588366890380313 0.925601750547046 0.0044742729306487695 0.00437636761487965
0 0.6420581655480985 0.9245076586433261 0.0044742729306487695 0.006564551422319475
0 0.6929530201342282 0.9091903719912473 0.0011185682326621924 0.002188183807439825
0 0.6739373601789709 0.9091903719912473 0.0011185682326621924 0.002188183807439825
0 0.7242729306487695 0.9070021881838074 0.0011185682326621924 0.002188183807439825
0 0.6761744966442953 0.9070021881838074 0.0011185682326621924 0.002188183807439825
0 0.7058165548098434 0.9059080962800875 0.0022371364653243847 0.0087527352297593
0 0.7242729306487695 0.9015317286652079 0.0011185682326621924 0.00437636761487965
0 0.8652125279642058 0.8916849015317286 0.0011185682326621924 0.002188183807439825
0 0.7533557046979866 0.8916849015317286 0.0011185682326621924 0.002188183807439825
0 0.43903803131991054 0.8916849015317286 0.0011185682326621924 0.002188183807439825
0 0.7947427293064877 0.8894967177242888 0.0011185682326621924 0.002188183807439825
0 0.7885906040268457 0.8905908096280087 0.0022371364653243847 0.00437636761487965
0 0.4558165548098434 0.8894967177242888 0.0011185682326621924 0.002188183807439825
0 0.4429530201342282 0.8905908096280087 0.0022371364653243847 0.00437636761487965
0 0.47259507829977626 0.8894967177242888 0.005592841163310962 0.006564551422319475
0 0.4658836689038031 0.887308533916849 0.0011185682326621924 0.002188183807439825
0 0.4407158836689038 0.887308533916849 0.0022371364653243847 0.002188183807439825
0 0.4558165548098434 0.8840262582056893 0.0011185682326621924 0.00437636761487965
0 0.43903803131991054 0.8829321663019694 0.0011185682326621924 0.002188183807439825
0 0.930089485458613 0.8741794310722101 0.0011185682326621924 0.002188183807439825
0 0.9278523489932886 0.8741794310722101 0.0011185682326621924 0.002188183807439825
0 0.9222595078299777 0.8741794310722101 0.0011185682326621924 0.002188183807439825
0 0.4256152125279642 0.8741794310722101 0.0011185682326621924 0.002188183807439825
0 0.42337807606263983 0.8741794310722101 0.0011185682326621924 0.002188183807439825
0 0.9250559284116331 0.8730853391684902 0.0022371364653243847 0.00437636761487965
0 0.930089485458613 0.8654266958424508 0.0011185682326621924 0.002188183807439825
0 0.41946308724832215 0.8665207877461707 0.0022371364653243847 0.00437636761487965
0 0.9423937360178971 0.8665207877461707 0.003355704697986577 0.0087527352297593
0 0.9401565995525727 0.8610503282275711 0.0011185682326621924 0.002188183807439825
0 0.9983221476510067 0.8588621444201313 0.0011185682326621924 0.002188183807439825
0 0.9368008948545862 0.8566739606126915 0.0011185682326621924 0.002188183807439825
0 0.9345637583892618 0.8566739606126915 0.0011185682326621924 0.002188183807439825
0 0.401006711409396 0.8566739606126915 0.0011185682326621924 0.002188183807439825
0 0.9390380313199105 0.8522975929978118 0.0011185682326621924 0.002188183807439825
0 0.9345637583892618 0.8522975929978118 0.0011185682326621924 0.002188183807439825
0 0.9927293064876958 0.8479212253829321 0.0011185682326621924 0.002188183807439825
0 0.9804250559284117 0.8479212253829321 0.0011185682326621924 0.002188183807439825
0 0.9781879194630873 0.8468271334792122 0.003355704697986577 0.0087527352297593
0 0.964765100671141 0.8468271334792122 0.025727069351230425 0.01312910284463895
0 0.9697986577181208 0.9102844638949672 0.06040268456375839 0.1400437636761488
0 0.39429530201342283 0.8238512035010941 0.0011185682326621924 0.002188183807439825
0 0.39429530201342283 0.8183807439824945 0.0011185682326621924 0.00437636761487965
0 0.39429530201342283 0.8085339168490153 0.0011185682326621924 0.002188183807439825
0 0.9384787472035794 0.7943107221006565 0.0022371364653243847 0.00437636761487965
0 0.9390380313199105 0.7888402625820569 0.0011185682326621924 0.002188183807439825
0 0.9368008948545862 0.7888402625820569 0.0011185682326621924 0.002188183807439825
0 0.3875838926174497 0.7757111597374179 0.0011185682326621924 0.002188183807439825
0 0.38534675615212527 0.7735229759299781 0.0011185682326621924 0.002188183807439825
0 0.924496644295302 0.7724288840262582 0.0011185682326621924 0.00437636761487965
0 0.37416107382550334 0.7691466083150985 0.0011185682326621924 0.002188183807439825
0 0.37024608501118567 0.762582056892779 0.006711409395973154 0.015317286652078774
0 0.4451901565995526 0.7549234135667396 0.0022371364653243847 0.00437636761487965
0 0.36521252796420584 0.7516411378555798 0.0011185682326621924 0.002188183807439825
0 0.3517897091722595 0.7516411378555798 0.0011185682326621924 0.002188183807439825
0 0.9138702460850112 0.74945295404814 0.0022371364653243847 0.002188183807439825
0 0.3629753914988814 0.74945295404814 0.0011185682326621924 0.002188183807439825
0 0.3495525727069351 0.75054704595186 0.0011185682326621924 0.00437636761487965
0 0.4110738255033557 0.7472647702407003 0.0011185682326621924 0.002188183807439825
0 0.40324384787472034 0.7407002188183808 0.0011185682326621924 0.002188183807439825
0 0.44910514541387025 0.7385120350109409 0.003355704697986577 0.002188183807439825
0 0.3417225950782998 0.7330415754923414 0.003355704697986577 0.00437636761487965
0 0.9211409395973155 0.7297592997811816 0.0011185682326621924 0.002188183807439825
0 0.3931767337807606 0.7286652078774617 0.0011185682326621924 0.00437636761487965
0 0.4574944071588367 0.7231947483588621 0.0022371364653243847 0.006564551422319475
0 0.3713646532438479 0.7100656455142232 0.0044742729306487695 0.002188183807439825
0 0.4658836689038031 0.7078774617067833 0.0011185682326621924 0.002188183807439825
0 0.3730425055928412 0.7056892778993435 0.0011185682326621924 0.002188183807439825
0 0.36968680089485456 0.7056892778993435 0.0011185682326621924 0.002188183807439825
0 0.8763982102908278 0.7056892778993435 0.003355704697986577 0.006564551422319475
0 0.9194630872483222 0.7045951859956237 0.0044742729306487695 0.0087527352297593
0 0.9155480984340044 0.7067833698030634 0.005592841163310962 0.01312910284463895
0 0.3713646532438479 0.7013129102844639 0.0022371364653243847 0.002188183807439825
0 0.8696868008948546 0.6925601750547046 0.0011185682326621924 0.002188183807439825
0 0.9116331096196868 0.6892778993435449 0.0022371364653243847 0.00437636761487965
0 0.3495525727069351 0.688183807439825 0.0011185682326621924 0.002188183807439825
0 0.9121923937360179 0.6838074398249453 0.0011185682326621924 0.002188183807439825
0 0.9099552572706935 0.6838074398249453 0.0011185682326621924 0.002188183807439825
0 0.36017897091722595 0.6849015317286652 0.0022371364653243847 0.00437636761487965
0 0.35570469798657717 0.6859956236323851 0.0044742729306487695 0.006564551422319475
0 0.8640939597315436 0.6816192560175055 0.003355704697986577 0.006564551422319475
0 0.8629753914988815 0.6772428884026258 0.0011185682326621924 0.002188183807439825
0 0.4748322147651007 0.675054704595186 0.0011185682326621924 0.002188183807439825
0 0.9026845637583892 0.6673960612691466 0.0022371364653243847 0.00437636761487965
0 0.8976510067114094 0.6663019693654267 0.0011185682326621924 0.002188183807439825
0 0.8942953020134228 0.6531728665207878 0.0011185682326621924 0.002188183807439825
0 0.8853467561521253 0.6356673960612691 0.0011185682326621924 0.002188183807439825
0 0.8596196868008948 0.6334792122538293 0.0011185682326621924 0.002188183807439825
0 0.8791946308724832 0.6334792122538293 0.0044742729306487695 0.006564551422319475
0 0.8478747203579419 0.6345733041575492 0.0044742729306487695 0.0087527352297593
0 0.4368008948545861 0.6323851203501094 0.0011185682326621924 0.00437636761487965
0 0.8389261744966443 0.6159737417943107 0.0044742729306487695 0.006564551422319475
0 0.8350111856823266 0.6137855579868708 0.0011185682326621924 0.002188183807439825
0 0.44798657718120805 0.611597374179431 0.0011185682326621924 0.002188183807439825
0 0.8305369127516778 0.5973741794310722 0.003355704697986577 0.00437636761487965
0 0.8243847874720358 0.5973741794310722 0.0022371364653243847 0.00437636761487965
0 0.8227069351230425 0.5831509846827133 0.0011185682326621924 0.002188183807439825
0 0.46364653243847875 0.5787746170678337 0.0011185682326621924 0.002188183807439825
0 0.8400447427293065 0.5579868708971554 0.0022371364653243847 0.00437636761487965
0 0.8271812080536913 0.5579868708971554 0.003355704697986577 0.00437636761487965
0 0.8406040268456376 0.5514223194748359 0.0011185682326621924 0.00437636761487965
0 0.4658836689038031 0.550328227571116 0.0011185682326621924 0.002188183807439825
0 0.8406040268456376 0.5459518599562363 0.0011185682326621924 0.002188183807439825
0 0.8249440715883669 0.550328227571116 0.003355704697986577 0.010940919037199124
0 0.8120805369127517 0.5470459518599562 0.0044742729306487695 0.0087527352297593
0 0.8204697986577181 0.5415754923413567 0.0011185682326621924 0.002188183807439825
0 0.8165548098434005 0.5393873085339168 0.0044742729306487695 0.006564551422319475
0 0.7992170022371364 0.5306345733041575 0.0011185682326621924 0.002188183807439825
0 0.8031319910514542 0.5295404814004376 0.0044742729306487695 0.0087527352297593
0 0.8148769574944071 0.524070021881838 0.0011185682326621924 0.002188183807439825
0 0.8154362416107382 0.5153172866520788 0.0022371364653243847 0.010940919037199124
0 0.8389261744966443 0.5109409190371991 0.0044742729306487695 0.006564551422319475
0 0.8350111856823266 0.5087527352297593 0.0011185682326621924 0.002188183807439825
0 0.7930648769574944 0.5153172866520788 0.006711409395973154 0.015317286652078774
0 0.7891498881431768 0.5087527352297593 0.0011185682326621924 0.002188183807439825
0 0.4714765100671141 0.5087527352297593 0.0011185682326621924 0.002188183807439825
0 0.46756152125279643 0.5109409190371991 0.0044742729306487695 0.006564551422319475
0 0.4748322147651007 0.5043763676148797 0.0011185682326621924 0.002188183807439825
0 0.4753914988814318 0.49562363238512036 0.0022371364653243847 0.002188183807439825
0 0.785234899328859 0.4934354485776805 0.0044742729306487695 0.006564551422319475
0 0.7813199105145414 0.4912472647702407 0.0011185682326621924 0.002188183807439825
0 0.4748322147651007 0.4912472647702407 0.0011185682326621924 0.002188183807439825
0 0.8042505592841164 0.487964989059081 0.0022371364653243847 0.00437636761487965
0 0.7980984340044742 0.487964989059081 0.003355704697986577 0.00437636761487965
0 0.4748322147651007 0.486870897155361 0.0011185682326621924 0.002188183807439825
0 0.7751677852348994 0.48468271334792123 0.006711409395973154 0.015317286652078774
0 0.8249440715883669 0.4737417943107221 0.0011185682326621924 0.002188183807439825
0 0.7762863534675615 0.4759299781181619 0.0044742729306487695 0.006564551422319475
0 0.7723713646532439 0.4737417943107221 0.0011185682326621924 0.002188183807439825
0 0.7897091722595079 0.4682713347921225 0.0044742729306487695 0.0087527352297593
0 0.8227069351230425 0.4562363238512035 0.0011185682326621924 0.002188183807439825
0 0.767337807606264 0.46061269146608314 0.0044742729306487695 0.010940919037199124
0 0.4748322147651007 0.44091903719912473 0.0011185682326621924 0.002188183807439825
0 0.8221476510067114 0.43982494529540483 0.0022371364653243847 0.00437636761487965
0 0.7555928411633109 0.44091903719912473 0.003355704697986577 0.006564551422319475
0 0.7835570469798657 0.43544857768052514 0.003355704697986577 0.00437636761487965
0 0.7796420581655481 0.43544857768052514 0.0022371364653243847 0.00437636761487965
0 0.7824384787472036 0.43216630196936545 0.0011185682326621924 0.002188183807439825
0 0.7511185682326622 0.4212253829321663 0.0011185682326621924 0.002188183807439825
0 0.5201342281879194 0.4201312910284464 0.0022371364653243847 0.00437636761487965
0 0.8048098434004475 0.412472647702407 0.0011185682326621924 0.002188183807439825
0 0.8014541387024608 0.4059080962800875 0.0011185682326621924 0.002188183807439825
0 0.7494407158836689 0.4059080962800875 0.0044742729306487695 0.006564551422319475
0 0.7455257270693513 0.4037199124726477 0.0011185682326621924 0.002188183807439825
0 0.7421700223713646 0.4048140043763676 0.0011185682326621924 0.00437636761487965
0 0.7723713646532439 0.40153172866520787 0.0011185682326621924 0.002188183807439825
0 0.7701342281879194 0.40153172866520787 0.0011185682326621924 0.002188183807439825
0 0.7751677852348994 0.40043763676148797 0.0022371364653243847 0.00437636761487965
0 0.7701342281879194 0.3927789934354486 0.0011185682326621924 0.002188183807439825
0 0.7527964205816555 0.38183807439824946 0.0022371364653243847 0.002188183807439825
0 0.7360178970917226 0.38293216630196936 0.0022371364653243847 0.00437636761487965
0 0.5195749440715883 0.3774617067833698 0.0011185682326621924 0.002188183807439825
0 0.4837807606263982 0.37527352297593 0.0011185682326621924 0.002188183807439825
0 0.7589485458612976 0.3785557986870897 0.007829977628635347 0.01312910284463895
0 0.5072706935123042 0.37636761487964987 0.003355704697986577 0.0087527352297593
0 0.5095078299776287 0.37089715536105033 0.0011185682326621924 0.002188183807439825
0 0.5206935123042505 0.36980306345733044 0.003355704697986577 0.0087527352297593
0 0.7941834451901566 0.3676148796498906 0.0044742729306487695 0.01312910284463895
0 0.5262863534675615 0.35120350109409193 0.0011185682326621924 0.002188183807439825
0 0.7958612975391499 0.3424507658643326 0.0011185682326621924 0.002188183807439825
0 0.5285234899328859 0.3424507658643326 0.0011185682326621924 0.002188183807439825
0 0.5329977628635347 0.3402625820568928 0.0011185682326621924 0.002188183807439825
0 0.5285234899328859 0.33807439824945296 0.0011185682326621924 0.002188183807439825
0 0.7947427293064877 0.3347921225382932 0.003355704697986577 0.00437636761487965
0 0.5296420581655481 0.3336980306345733 0.0011185682326621924 0.002188183807439825
0 0.7953020134228188 0.31181619256017507 0.0022371364653243847 0.006564551422319475
0 0.5380313199105146 0.31072210065645517 0.0022371364653243847 0.00437636761487965
0 0.7936241610738255 0.3063457330415755 0.003355704697986577 0.0087527352297593
0 0.5380313199105146 0.30306345733041573 0.0022371364653243847 0.002188183807439825
0 0.7958612975391499 0.30087527352297594 0.0011185682326621924 0.002188183807439825
0 0.785234899328859 0.2844638949671772 0.0044742729306487695 0.0087527352297593
0 0.5195749440715883 0.2811816192560175 0.0011185682326621924 0.002188183807439825
0 0.7662192393736018 0.2658643326039387 0.006711409395973154 0.006564551422319475
0 0.517337807606264 0.2614879649890591 0.0011185682326621924 0.002188183807439825
0 0.5083892617449665 0.2614879649890591 0.0011185682326621924 0.002188183807439825
0 0.5033557046979866 0.2603938730853392 0.0044742729306487695 0.00437636761487965
0 0.5078299776286354 0.25711159737417943 0.0022371364653243847 0.002188183807439825
0 0.49776286353467564 0.2439824945295405 0.0022371364653243847 0.002188183807439825
0 0.4848993288590604 0.2439824945295405 0.0011185682326621924 0.002188183807439825
0 0.48210290827740493 0.24288840262582057 0.0022371364653243847 0.00437636761487965
0 0.7321029082774049 0.23960612691466082 0.0011185682326621924 0.002188183807439825
0 0.732662192393736 0.22975929978118162 0.0022371364653243847 0.00437636761487965
0 0.7225950782997763 0.21444201312910285 0.0044742729306487695 0.0087527352297593
0 0.7041387024608501 0.20459518599562362 0.003355704697986577 0.006564551422319475
0 0.7063758389261745 0.20021881838074398 0.0011185682326621924 0.002188183807439825
0 0.5346756152125279 0.19803063457330417 0.0022371364653243847 0.002188183807439825
0 0.7063758389261745 0.19584245076586435 0.0011185682326621924 0.002188183807439825
0 0.522930648769575 0.19584245076586435 0.0011185682326621924 0.002188183807439825
0 0.7007829977628636 0.19693654266958424 0.007829977628635347 0.0087527352297593
0 0.5363534675615212 0.1936542669584245 0.0011185682326621924 0.002188183807439825
0 0.5324384787472036 0.19474835886214442 0.0022371364653243847 0.00437636761487965
0 0.5251677852348994 0.1936542669584245 0.0011185682326621924 0.002188183807439825
0 0.6884787472035794 0.18052516411378555 0.0011185682326621924 0.002188183807439825
0 0.6705816554809844 0.14551422319474835 0.0011185682326621924 0.002188183807439825
0 0.6291946308724832 0.14551422319474835 0.0011185682326621924 0.002188183807439825
0 0.6644295302013423 0.14332603938730853 0.0044742729306487695 0.006564551422319475
0 0.46476510067114096 0.13676148796498905 0.0011185682326621924 0.002188183807439825
0 0.43903803131991054 0.13676148796498905 0.0011185682326621924 0.002188183807439825
0 0.6325503355704698 0.14113785557986872 0.005592841163310962 0.015317286652078774
0 0.6347874720357942 0.1323851203501094 0.0011185682326621924 0.002188183807439825
0 0.6319910514541387 0.13129102844638948 0.0022371364653243847 0.00437636761487965
0 0.46252796420581654 0.13129102844638948 0.003355704697986577 0.0087527352297593
0 0.5357941834451901 0.11925601750547046 0.0022371364653243847 0.002188183807439825
0 0.5274049217002237 0.10393873085339168 0.0011185682326621924 0.002188183807439825
0 0.5206935123042505 0.10175054704595186 0.0011185682326621924 0.002188183807439825
0 0.5027964205816555 0.10284463894967177 0.003355704697986577 0.00437636761487965
0 0.47371364653243847 0.09737417943107221 0.0011185682326621924 0.002188183807439825
0 0.6152125279642058 0.09190371991247265 0.0044742729306487695 0.0087527352297593
0 0.610738255033557 0.09409190371991247 0.006711409395973154 0.01312910284463895
0 0.4463087248322148 0.07439824945295405 0.0022371364653243847 0.00437636761487965
0 0.6057046979865772 0.07439824945295405 0.005592841163310962 0.0087527352297593
0 0.44798657718120805 0.0711159737417943 0.0011185682326621924 0.002188183807439825
0 0.4423937360178971 0.07221006564551423 0.0011185682326621924 0.00437636761487965
0 0.4395973154362416 0.07330415754923414 0.0022371364653243847 0.006564551422319475
0 0.5956375838926175 0.05798687089715536 0.0011185682326621924 0.002188183807439825
0 0.4720357941834452 0.05908096280087528 0.0044742729306487695 0.00437636761487965
0 0.46868008948545864 0.05579868708971553 0.0022371364653243847 0.002188183807439825
0 0.5956375838926175 0.053610503282275714 0.0011185682326621924 0.002188183807439825
0 0.5866890380313199 0.053610503282275714 0.0011185682326621924 0.002188183807439825
0 0.47259507829977626 0.053610503282275714 0.0011185682326621924 0.002188183807439825
0 0.45861297539149887 0.05689277899343545 0.0044742729306487695 0.0087527352297593
0 0.5682326621923938 0.044857768052516414 0.0022371364653243847 0.002188183807439825
0 0.5710290827740492 0.04048140043763676 0.003355704697986577 0.006564551422319475
0 0.4837807606263982 0.038293216630196934 0.0011185682326621924 0.002188183807439825
0 0.569910514541387 0.036105032822757115 0.0011185682326621924 0.002188183807439825
0 0.5676733780760627 0.036105032822757115 0.0011185682326621924 0.002188183807439825
0 0.4865771812080537 0.04157549234135667 0.006711409395973154 0.01312910284463895
0 0.5631991051454138 0.02954048140043764 0.0011185682326621924 0.002188183807439825
0 0.517337807606264 0.020787746170678335 0.0011185682326621924 0.002188183807439825
0 0.5151006711409396 0.020787746170678335 0.0011185682326621924 0.002188183807439825
0 0.5553691275167785 0.018599562363238512 0.0011185682326621924 0.002188183807439825
0 0.5453020134228188 0.018599562363238512 0.0011185682326621924 0.002188183807439825
0 0.535234899328859 0.018599562363238512 0.0011185682326621924 0.002188183807439825
0 0.5218120805369127 0.019693654266958426 0.003355704697986577 0.00437636761487965
0 0.639821029082774 0.4989059080962801 0.5995525727069351 0.962800875273523
