0 0.2959940652818991 0.9701986754966887 0.001483679525222552 0.002207505518763797
0 0.27818991097922846 0.9701986754966887 0.001483679525222552 0.002207505518763797
0 0.26483679525222553 0.9701986754966887 0.001483679525222552 0.002207505518763797
0 0.521513353115727 0.9679911699779249 0.001483679525222552 0.002207505518763797
0 0.15504451038575667 0.9679911699779249 0.001483679525222552 0.002207505518763797
0 0.521513353115727 0.9624724061810155 0.001483679525222552 0.004415011037527594
0 0.15504451038575667 0.9624724061810155 0.001483679525222552 0.004415011037527594
0 0.5571216617210683 0.9525386313465783 0.001483679525222552 0.002207505518763797
0 0.5422848664688428 0.9525386313465783 0.001483679525222552 0.002207505518763797
0 0.09866468842729971 0.9525386313465783 0.001483679525222552 0.002207505518763797
0 0.11572700296735905 0.9514348785871964 0.002967359050445104 0.004415011037527594
0 0.0956973293768546 0.9514348785871964 0.001483679525222552 0.004415011037527594
0 0.08160237388724036 0.9337748344370861 0.002967359050445104 0.004415011037527594
0 0.06750741839762611 0.9172185430463576 0.001483679525222552 0.002207505518763797
0 0.06231454005934718 0.9150110375275938 0.005934718100890208 0.006622516556291391
0 0.05118694362017804 0.8995584988962473 0.001483679525222552 0.002207505518763797
0 0.615727002967359 0.8973509933774835 0.002967359050445104 0.002207505518763797
0 0.04821958456973294 0.8984547461368654 0.001483679525222552 0.004415011037527594
0 0.5927299703264095 0.8885209713024282 0.001483679525222552 0.002207505518763797
0 0.5875370919881305 0.890728476821192 0.005934718100890208 0.006622516556291391
0 0.6149851632047477 0.8841059602649006 0.001483679525222552 0.002207505518763797
0 0.04376854599406528 0.8818984547461368 0.001483679525222552 0.002207505518763797
0 0.5979228486646885 0.8807947019867549 0.002967359050445104 0.004415011037527594
0 0.03857566765578635 0.8796909492273731 0.005934718100890208 0.006622516556291391
0 0.6164688427299704 0.8752759381898455 0.001483679525222552 0.002207505518763797
0 0.040059347181008904 0.8719646799116998 0.008902077151335312 0.013245033112582781
0 0.6772997032640949 0.8642384105960265 0.001483679525222552 0.002207505518763797
0 0.03412462908011869 0.8631346578366446 0.002967359050445104 0.004415011037527594
0 0.6995548961424333 0.8576158940397351 0.001483679525222552 0.002207505518763797
0 0.01483679525222552 0.8432671081677704 0.005934718100890208 0.008830022075055188
0 0.7114243323442137 0.8333333333333334 0.001483679525222552 0.002207505518763797
0 0.7210682492581603 0.8289183222958058 0.002967359050445104 0.002207505518763797
0 0.7084569732937686 0.8289183222958058 0.001483679525222552 0.002207505518763797
0 0.01483679525222552 0.8278145695364238 0.005934718100890208 0.017660044150110375
0 0.7566765578635015 0.8079470198675497 0.005934718100890208 0.008830022075055188
0 0.7507418397626113 0.8057395143487859 0.008902077151335312 0.013245033112582781
0 0.7707715133531158 0.7913907284768212 0.001483679525222552 0.002207505518763797
0 0.7670623145400594 0.7880794701986755 0.008902077151335312 0.013245033112582781
0 0.7811572700296736 0.7737306843267108 0.001483679525222552 0.002207505518763797
0 0.7774480712166172 0.7726269315673289 0.002967359050445104 0.004415011037527594
0 0.7967359050445104 0.7571743929359823 0.002967359050445104 0.004415011037527594
0 0.015578635014836795 0.7593818984547461 0.001483679525222552 0.03532008830022075
0 0.8108308605341247 0.7406181015452539 0.001483679525222552 0.002207505518763797
0 0.8160237388724035 0.7384105960264901 0.005934718100890208 0.006622516556291391
0 0.8256676557863502 0.7229580573951435 0.001483679525222552 0.002207505518763797
0 0.8256676557863502 0.7185430463576159 0.001483679525222552 0.002207505518763797
0 0.012611275964391691 0.6942604856512141 0.001483679525222552 0.002207505518763797
0 0.012611275964391691 0.6898454746136865 0.001483679525222552 0.002207505518763797
0 0.8775964391691394 0.6655629139072847 0.001483679525222552 0.002207505518763797
0 0.8686943620178041 0.6677704194260485 0.00741839762611276 0.006622516556291391
0 0.01483679525222552 0.6677704194260485 0.005934718100890208 0.006622516556291391
0 0.01483679525222552 0.6578366445916115 0.005934718100890208 0.008830022075055188
0 0.8887240356083086 0.6456953642384106 0.002967359050445104 0.002207505518763797
0 0.9228486646884273 0.6136865342163356 0.005934718100890208 0.008830022075055188
0 0.9295252225519288 0.5993377483443708 0.001483679525222552 0.002207505518763797
0 0.9347181008902077 0.5971302428256071 0.005934718100890208 0.006622516556291391
0 0.9473293768545994 0.5805739514348786 0.004451038575667656 0.004415011037527594
0 0.024480712166172106 0.5750551876379691 0.001483679525222552 0.002207505518763797
0 0.951780415430267 0.5640176600441501 0.001483679525222552 0.002207505518763797
0 0.956973293768546 0.5573951434878587 0.008902077151335312 0.01545253863134658
0 0.9651335311572701 0.5452538631346578 0.001483679525222552 0.004415011037527594
0 0.9770029673590505 0.5286975717439294 0.001483679525222552 0.002207505518763797
0 0.9821958456973294 0.5264900662251656 0.005934718100890208 0.006622516556291391
0 0.037091988130563795 0.5176600441501104 0.002967359050445104 0.006622516556291391
0 0.9807121661721068 0.5176600441501104 0.008902077151335312 0.01545253863134658
0 0.9844213649851632 0.5088300220750552 0.001483679525222552 0.002207505518763797
0 0.04896142433234421 0.4988962472406181 0.002967359050445104 0.004415011037527594
0 0.052670623145400594 0.4955849889624724 0.001483679525222552 0.002207505518763797
0 0.06231454005934718 0.46357615894039733 0.005934718100890208 0.008830022075055188
0 0.08902077151335312 0.44370860927152317 0.002967359050445104 0.004415011037527594
0 0.08086053412462908 0.4481236203090508 0.010385756676557863 0.013245033112582781
0 0.07418397626112759 0.445916114790287 0.005934718100890208 0.008830022075055188
0 0.09792284866468842 0.4304635761589404 0.005934718100890208 0.013245033112582781
0 0.9903560830860534 0.4205298013245033 0.001483679525222552 0.002207505518763797
0 0.1142433234421365 0.40728476821192056 0.002967359050445104 0.002207505518763797
0 0.11053412462908012 0.40728476821192056 0.001483679525222552 0.002207505518763797
0 0.12833827893175073 0.38962472406181015 0.001483679525222552 0.002207505518763797
0 0.12314540059347182 0.39624724061810157 0.008902077151335312 0.01545253863134658
0 0.9962908011869436 0.3852097130242826 0.001483679525222552 0.002207505518763797
0 0.1327893175074184 0.3730684326710817 0.004451038575667656 0.008830022075055188
0 0.9940652818991098 0.3719646799116998 0.005934718100890208 0.019867549668874173
0 0.14020771513353117 0.3543046357615894 0.001483679525222552 0.002207505518763797
0 0.15356083086053413 0.336644591611479 0.001483679525222552 0.002207505518763797
0 0.15059347181008903 0.336644591611479 0.001483679525222552 0.002207505518763797
0 0.15578635014836795 0.32781456953642385 0.002967359050445104 0.011037527593818985
0 0.15949554896142434 0.3211920529801324 0.00741839762611276 0.006622516556291391
0 0.17729970326409494 0.30132450331125826 0.001483679525222552 0.002207505518763797
0 0.17433234421364985 0.30132450331125826 0.001483679525222552 0.002207505518763797
0 0.9962908011869436 0.2924944812362031 0.001483679525222552 0.002207505518763797
0 0.1824925816023739 0.2947019867549669 0.008902077151335312 0.01545253863134658
0 0.9955489614243324 0.2858719646799117 0.002967359050445104 0.006622516556291391
0 0.18620178041543026 0.2836644591611479 0.001483679525222552 0.002207505518763797
0 0.18100890207715134 0.2858719646799117 0.005934718100890208 0.006622516556291391
0 0.21216617210682492 0.2671081677704194 0.005934718100890208 0.004415011037527594
0 0.9725519287833828 0.2571743929359823 0.001483679525222552 0.002207505518763797
0 0.21810089020771514 0.2582781456953642 0.008902077151335312 0.013245033112582781
0 0.9718100890207715 0.25055187637969095 0.002967359050445104 0.006622516556291391
0 0.22626112759643918 0.24834437086092714 0.001483679525222552 0.002207505518763797
0 0.2218100890207715 0.24834437086092714 0.001483679525222552 0.002207505518763797
0 0.2166172106824926 0.25055187637969095 0.005934718100890208 0.006622516556291391
0 0.9606824925816023 0.2306843267108168 0.001483679525222552 0.002207505518763797
0 0.23367952522255192 0.2306843267108168 0.001483679525222552 0.002207505518763797
0 0.228486646884273 0.23289183222958057 0.005934718100890208 0.006622516556291391
0 0.9488130563798219 0.22185430463576158 0.001483679525222552 0.002207505518763797
0 0.24851632047477745 0.2196467991169978 0.001483679525222552 0.002207505518763797
0 0.25148367952522255 0.2152317880794702 0.001483679525222552 0.002207505518763797
0 0.9480712166172107 0.2152317880794702 0.002967359050445104 0.006622516556291391
0 0.24554896142433236 0.2130242825607064 0.001483679525222552 0.002207505518763797
0 0.2403560830860534 0.2152317880794702 0.005934718100890208 0.006622516556291391
0 0.9369436201780416 0.2041942604856512 0.001483679525222552 0.002207505518763797
0 0.25370919881305637 0.2052980132450331 0.008902077151335312 0.013245033112582781
0 0.9362017804154302 0.19757174392935983 0.002967359050445104 0.006622516556291391
0 0.25741839762611274 0.19536423841059603 0.001483679525222552 0.002207505518763797
0 0.2522255192878338 0.19757174392935983 0.005934718100890208 0.006622516556291391
0 0.9250741839762612 0.18653421633554085 0.001483679525222552 0.002207505518763797
0 0.27225519287833827 0.18432671081677704 0.001483679525222552 0.002207505518763797
0 0.27522255192878337 0.17991169977924945 0.001483679525222552 0.002207505518763797
0 0.9243323442136498 0.17991169977924945 0.002967359050445104 0.006622516556291391
0 0.2692878338278932 0.17770419426048564 0.001483679525222552 0.002207505518763797
0 0.26409495548961426 0.17991169977924945 0.005934718100890208 0.006622516556291391
0 0.9132047477744807 0.16887417218543047 0.001483679525222552 0.002207505518763797
0 0.9124629080118695 0.16225165562913907 0.002967359050445104 0.006622516556291391
0 0.28338278931750743 0.16114790286975716 0.002967359050445104 0.004415011037527594
0 0.9013353115727003 0.15121412803532008 0.001483679525222552 0.002207505518763797
0 0.30192878338278933 0.15121412803532008 0.004451038575667656 0.002207505518763797
0 0.29747774480712164 0.1467991169977925 0.001483679525222552 0.002207505518763797
0 0.900593471810089 0.1445916114790287 0.002967359050445104 0.006622516556291391
0 0.8894658753709199 0.1357615894039735 0.001483679525222552 0.002207505518763797
0 0.8820474777448071 0.12472406181015452 0.001483679525222552 0.002207505518763797
0 0.3353115727002967 0.12582781456953643 0.002967359050445104 0.004415011037527594
0 0.8701780415430267 0.10706401766004416 0.001483679525222552 0.002207505518763797
0 0.37537091988130566 0.10816777041942605 0.002967359050445104 0.004415011037527594
0 0.36572700296735905 0.10706401766004416 0.001483679525222552 0.002207505518763797
0 0.3612759643916914 0.10927152317880795 0.004451038575667656 0.006622516556291391
0 0.35682492581602376 0.10706401766004416 0.001483679525222552 0.002207505518763797
0 0.8642433234421365 0.09161147902869757 0.004451038575667656 0.006622516556291391
0 0.8583086053412463 0.08940397350993377 0.001483679525222552 0.002207505518763797
0 0.4235905044510386 0.08940397350993377 0.001483679525222552 0.002207505518763797
0 0.4132047477744807 0.08940397350993377 0.001483679525222552 0.002207505518763797
0 0.8508902077151336 0.08278145695364239 0.004451038575667656 0.006622516556291391
0 0.8538575667655787 0.07836644591611479 0.001483679525222552 0.002207505518763797
0 0.8538575667655787 0.0739514348785872 0.001483679525222552 0.002207505518763797
0 0.8464391691394659 0.07505518763796909 0.010385756676557863 0.008830022075055188
0 0.4362017804154303 0.0772626931567329 0.008902077151335312 0.013245033112582781
0 0.43026706231454004 0.07505518763796909 0.005934718100890208 0.008830022075055188
0 0.8182492581602374 0.05849889624724062 0.001483679525222552 0.002207505518763797
0 0.7885756676557863 0.056291390728476824 0.001483679525222552 0.002207505518763797
0 0.7856083086053413 0.056291390728476824 0.001483679525222552 0.002207505518763797
0 0.8130563798219584 0.05739514348785872 0.008902077151335312 0.008830022075055188
0 0.7618694362017804 0.05408388520971302 0.001483679525222552 0.002207505518763797
0 0.7470326409495549 0.05408388520971302 0.001483679525222552 0.002207505518763797
0 0.47032640949554894 0.05739514348785872 0.008902077151335312 0.008830022075055188
0 0.46142433234421365 0.05518763796909492 0.002967359050445104 0.004415011037527594
0 0.723293768545994 0.04746136865342163 0.001483679525222552 0.002207505518763797
0 0.6743323442136498 0.03863134657836645 0.001483679525222552 0.002207505518763797
0 0.723293768545994 0.037527593818984545 0.001483679525222552 0.004415011037527594
0 0.6936201780415431 0.03642384105960265 0.001483679525222552 0.002207505518763797
0 0.6876854599406528 0.03642384105960265 0.001483679525222552 0.002207505518763797
0 0.5882789317507419 0.023178807947019868 0.00741839762611276 0.006622516556291391
0 0.5511869436201781 0.023178807947019868 0.00741839762611276 0.006622516556291391
0 0.6135014836795252 0.018763796909492272 0.001483679525222552 0.002207505518763797
0 0.5949554896142433 0.019867549668874173 0.002967359050445104 0.004415011037527594
0 0.5719584569732937 0.018763796909492272 0.001483679525222552 0.002207505518763797
0 0.5326409495548962 0.019867549668874173 0.002967359050445104 0.004415011037527594
0 0.5044510385756676 0.49448123620309054 0.9851632047477745 0.9536423841059603
