0 0.3833592534992224 0.9709737827715356 0.0015552099533437014 0.0018726591760299626
0 0.37947122861586313 0.9709737827715356 0.003110419906687403 0.0018726591760299626
0 0.37558320373250387 0.9709737827715356 0.0015552099533437014 0.0018726591760299626
0 0.43390357698289267 0.9709737827715356 0.003110419906687403 0.0056179775280898875
0 0.41368584758942456 0.9700374531835206 0.006220839813374806 0.00749063670411985
0 0.3833592534992224 0.9672284644194756 0.0015552099533437014 0.0018726591760299626
0 0.37947122861586313 0.9672284644194756 0.003110419906687403 0.0018726591760299626
0 0.37558320373250387 0.9672284644194756 0.0015552099533437014 0.0018726591760299626
0 0.43157076205287714 0.9691011235955056 0.004665629860031105 0.009363295880149813
0 0.3693623639191291 0.9447565543071161 0.0015552099533437014 0.0018726591760299626
0 0.39813374805598756 0.9588014981273408 0.07465007776049767 0.0299625468164794
0 0.48289269051321926 0.9428838951310862 0.0015552099533437014 0.0018726591760299626
0 0.3522550544323484 0.9428838951310862 0.0015552099533437014 0.0018726591760299626
0 0.3561430793157076 0.9410112359550562 0.006220839813374806 0.0056179775280898875
0 0.4510108864696734 0.9400749063670412 0.006220839813374806 0.00749063670411985
0 0.36003110419906686 0.9372659176029963 0.0015552099533437014 0.0018726591760299626
0 0.49455676516329705 0.9391385767790262 0.006220839813374806 0.009363295880149813
0 0.3561430793157076 0.9363295880149812 0.003110419906687403 0.003745318352059925
0 0.36858475894245724 0.9260299625468165 0.00933125972006221 0.0056179775280898875
0 0.49611197511664074 0.9110486891385767 0.003110419906687403 0.0018726591760299626
0 0.42534992223950235 0.9119850187265918 0.004665629860031105 0.003745318352059925
0 0.39580093312597203 0.9119850187265918 0.004665629860031105 0.003745318352059925
0 0.38724727838258166 0.9119850187265918 0.003110419906687403 0.003745318352059925
0 0.41835147744945567 0.8979400749063671 0.003110419906687403 0.0018726591760299626
0 0.4144634525660964 0.8979400749063671 0.0015552099533437014 0.0018726591760299626
0 0.5 0.8857677902621723 0.0015552099533437014 0.003745318352059925
0 0.6726283048211509 0.8829588014981273 0.0015552099533437014 0.0018726591760299626
0 0.7192846034214619 0.8801498127340824 0.004665629860031105 0.00749063670411985
0 0.6726283048211509 0.8754681647940075 0.0015552099533437014 0.0018726591760299626
0 0.4968895800933126 0.8735955056179775 0.0015552099533437014 0.0018726591760299626
0 0.3429237947122862 0.8735955056179775 0.0015552099533437014 0.0018726591760299626
0 0.33670295489891133 0.8735955056179775 0.0015552099533437014 0.0018726591760299626
0 0.7628304821150855 0.8679775280898876 0.0015552099533437014 0.0018726591760299626
0 0.755054432348367 0.8679775280898876 0.0015552099533437014 0.0018726591760299626
0 0.3390357698289269 0.8689138576779026 0.003110419906687403 0.003745318352059925
0 0.7667185069984448 0.8661048689138576 0.006220839813374806 0.0056179775280898875
0 0.7511664074650077 0.8661048689138576 0.006220839813374806 0.0056179775280898875
0 0.7706065318818041 0.8623595505617978 0.0015552099533437014 0.0018726591760299626
0 0.7472783825816485 0.8623595505617978 0.0015552099533437014 0.0018726591760299626
0 0.7667185069984448 0.8614232209737828 0.003110419906687403 0.003745318352059925
0 0.7511664074650077 0.8614232209737828 0.003110419906687403 0.003745318352059925
0 0.6493001555209953 0.8520599250936329 0.004665629860031105 0.003745318352059925
0 0.2744945567651633 0.8520599250936329 0.0015552099533437014 0.003745318352059925
0 0.7472783825816485 0.8455056179775281 0.0015552099533437014 0.0018726591760299626
0 0.33670295489891133 0.8455056179775281 0.0015552099533437014 0.0018726591760299626
0 0.484447900466563 0.8398876404494382 0.0015552099533437014 0.0018726591760299626
0 0.7363919129082426 0.8370786516853933 0.0015552099533437014 0.003745318352059925
0 0.2682737169517885 0.8361423220973783 0.0015552099533437014 0.0018726591760299626
0 0.4735614307931571 0.8305243445692884 0.0015552099533437014 0.0018726591760299626
0 0.3475894245723173 0.8305243445692884 0.0015552099533437014 0.0018726591760299626
0 0.3405909797822706 0.8352059925093633 0.00933125972006221 0.0149812734082397
0 0.4821150855365474 0.8267790262172284 0.006220839813374806 0.0056179775280898875
0 0.47667185069984447 0.8249063670411985 0.0015552099533437014 0.0018726591760299626
0 0.34447900466562986 0.8249063670411985 0.0015552099533437014 0.0018726591760299626
0 0.619751166407465 0.8230337078651685 0.0015552099533437014 0.0018726591760299626
0 0.3390357698289269 0.8258426966292135 0.006220839813374806 0.00749063670411985
0 0.33825816485225507 0.8230337078651685 0.0015552099533437014 0.0018726591760299626
0 0.33825816485225507 0.8192883895131086 0.0015552099533437014 0.0018726591760299626
0 0.2954898911353033 0.8202247191011236 0.006220839813374806 0.00749063670411985
0 0.33825816485225507 0.8155430711610487 0.0015552099533437014 0.0018726591760299626
0 0.614307931570762 0.8174157303370787 0.00933125972006221 0.013108614232209739
0 0.33670295489891133 0.8117977528089888 0.0015552099533437014 0.0018726591760299626
0 0.7332814930015552 0.8099250936329588 0.0015552099533437014 0.0018726591760299626
0 0.6135303265940902 0.8099250936329588 0.0015552099533437014 0.0018726591760299626
0 0.44556765163297046 0.8099250936329588 0.0015552099533437014 0.0018726591760299626
0 0.30870917573872475 0.8080524344569289 0.0015552099533437014 0.0018726591760299626
0 0.6111975116640747 0.8061797752808989 0.003110419906687403 0.0018726591760299626
0 0.42223950233281493 0.8014981273408239 0.0015552099533437014 0.003745318352059925
0 0.6275272161741835 0.7968164794007491 0.0015552099533437014 0.0018726591760299626
0 0.7247278382581649 0.795880149812734 0.003110419906687403 0.003745318352059925
0 0.7192846034214619 0.795880149812734 0.004665629860031105 0.003745318352059925
0 0.6205287713841369 0.7968164794007491 0.00933125972006221 0.0056179775280898875
0 0.6119751166407466 0.7949438202247191 0.0015552099533437014 0.0018726591760299626
0 0.33825816485225507 0.7949438202247191 0.0015552099533437014 0.0018726591760299626
0 0.7846034214618973 0.7930711610486891 0.0015552099533437014 0.0018726591760299626
0 0.41835147744945567 0.7930711610486891 0.003110419906687403 0.0018726591760299626
0 0.30870917573872475 0.7799625468164794 0.0015552099533437014 0.0018726591760299626
0 0.7674961119751167 0.7780898876404494 0.0015552099533437014 0.0018726591760299626
0 0.43157076205287714 0.7780898876404494 0.0015552099533437014 0.0018726591760299626
0 0.4595645412130638 0.7762172284644194 0.0015552099533437014 0.0018726591760299626
0 0.4556765163297045 0.7771535580524345 0.003110419906687403 0.003745318352059925
0 0.4284603421461897 0.7762172284644194 0.0015552099533437014 0.0018726591760299626
0 0.7620528771384136 0.7762172284644194 0.006220839813374806 0.0056179775280898875
0 0.6251944012441679 0.7752808988764045 0.006220839813374806 0.00749063670411985
0 0.4548989113530327 0.7724719101123596 0.0015552099533437014 0.0018726591760299626
0 0.2620528771384137 0.7705992509363296 0.0015552099533437014 0.0018726591760299626
0 0.2620528771384137 0.7668539325842697 0.0015552099533437014 0.0018726591760299626
0 0.33670295489891133 0.7649812734082397 0.0015552099533437014 0.0018726591760299626
0 0.28615863141524106 0.8089887640449438 0.049766718506998445 0.0898876404494382
0 0.4665629860031104 0.7612359550561798 0.003110419906687403 0.0018726591760299626
0 0.8157076205287714 0.7593632958801498 0.0015552099533437014 0.0018726591760299626
0 0.46267496111975115 0.7593632958801498 0.0015552099533437014 0.0018726591760299626
0 0.8195956454121306 0.7593632958801498 0.003110419906687403 0.0056179775280898875
0 0.46578538102643857 0.7574906367041199 0.0015552099533437014 0.0018726591760299626
0 0.4595645412130638 0.7556179775280899 0.0015552099533437014 0.0018726591760299626
0 0.6244167962674961 0.7509363295880149 0.004665629860031105 0.003745318352059925
0 0.8328149300155521 0.74812734082397 0.0015552099533437014 0.0018726591760299626
0 0.76049766718507 0.7490636704119851 0.003110419906687403 0.003745318352059925
0 0.7068429237947123 0.74812734082397 0.0015552099533437014 0.0018726591760299626
0 0.35769828926905134 0.74812734082397 0.003110419906687403 0.0056179775280898875
0 0.8312597200622084 0.7359550561797753 0.004665629860031105 0.003745318352059925
0 0.531104199066874 0.7331460674157303 0.0015552099533437014 0.0018726591760299626
0 0.22783825816485226 0.7331460674157303 0.0015552099533437014 0.0018726591760299626
0 0.8794712286158631 0.7322097378277154 0.004665629860031105 0.003745318352059925
0 0.8483670295489891 0.7322097378277154 0.004665629860031105 0.003745318352059925
0 0.5342146189735615 0.7322097378277154 0.0015552099533437014 0.003745318352059925
0 0.52099533437014 0.7322097378277154 0.003110419906687403 0.003745318352059925
0 0.22472783825816486 0.7322097378277154 0.0015552099533437014 0.003745318352059925
0 0.35069984447900465 0.7294007490636704 0.0015552099533437014 0.0018726591760299626
0 0.18584758942457233 0.7294007490636704 0.0015552099533437014 0.0018726591760299626
0 0.17729393468118196 0.7312734082397003 0.006220839813374806 0.0056179775280898875
0 0.06842923794712286 0.7312734082397003 0.003110419906687403 0.0056179775280898875
0 0.6477449455676516 0.7275280898876404 0.0015552099533437014 0.0018726591760299626
0 0.0645412130637636 0.7265917602996255 0.004665629860031105 0.00749063670411985
0 0.8468118195956454 0.7200374531835206 0.0015552099533437014 0.0018726591760299626
0 0.4463452566096423 0.7209737827715356 0.003110419906687403 0.003745318352059925
0 0.5762052877138414 0.7181647940074907 0.0015552099533437014 0.0018726591760299626
0 0.3429237947122862 0.7181647940074907 0.0015552099533437014 0.0018726591760299626
0 0.33981337480559876 0.7181647940074907 0.0015552099533437014 0.0018726591760299626
0 0.09097978227060653 0.7181647940074907 0.0015552099533437014 0.0018726591760299626
0 0.8825816485225505 0.7162921348314607 0.0015552099533437014 0.0018726591760299626
0 0.3429237947122862 0.7144194756554307 0.0015552099533437014 0.0018726591760299626
0 0.33670295489891133 0.7144194756554307 0.0015552099533437014 0.0018726591760299626
0 0.09642301710730948 0.7162921348314607 0.006220839813374806 0.0056179775280898875
0 0.635303265940902 0.7125468164794008 0.0015552099533437014 0.0018726591760299626
0 0.5108864696734059 0.7125468164794008 0.0015552099533437014 0.0018726591760299626
0 0.49300155520995337 0.7162921348314607 0.00933125972006221 0.016853932584269662
0 0.4175738724727838 0.7088014981273408 0.0015552099533437014 0.0018726591760299626
0 0.5124416796267496 0.7078651685393258 0.004665629860031105 0.003745318352059925
0 0.49455676516329705 0.7069288389513109 0.006220839813374806 0.0056179775280898875
0 0.4891135303265941 0.7050561797752809 0.0015552099533437014 0.0018726591760299626
0 0.42068429237947125 0.7097378277153558 0.004665629860031105 0.011235955056179775
0 0.1594090202177294 0.7059925093632958 0.0015552099533437014 0.003745318352059925
0 0.05054432348367029 0.7050561797752809 0.0015552099533437014 0.0018726591760299626
0 0.7410575427682737 0.7031835205992509 0.0015552099533437014 0.0018726591760299626
0 0.16329704510108864 0.704119850187266 0.003110419906687403 0.003745318352059925
0 0.10342146189735614 0.7031835205992509 0.0015552099533437014 0.0018726591760299626
0 0.09486780715396578 0.7088014981273408 0.00933125972006221 0.013108614232209739
0 0.8934681181959565 0.702247191011236 0.004665629860031105 0.003745318352059925
0 0.5948678071539658 0.701310861423221 0.004665629860031105 0.0018726591760299626
0 0.5116640746500778 0.701310861423221 0.003110419906687403 0.0018726591760299626
0 0.885692068429238 0.699438202247191 0.0015552099533437014 0.0018726591760299626
0 0.1088646967340591 0.701310861423221 0.006220839813374806 0.0056179775280898875
0 0.7348367029548989 0.697565543071161 0.0015552099533437014 0.0018726591760299626
0 0.16329704510108864 0.6985018726591761 0.003110419906687403 0.003745318352059925
0 0.7379471228615864 0.6938202247191011 0.0015552099533437014 0.0018726591760299626
0 0.8685847589424572 0.6900749063670412 0.0015552099533437014 0.0018726591760299626
0 0.5956454121306376 0.6910112359550562 0.003110419906687403 0.003745318352059925
0 0.5909797822706065 0.6919475655430711 0.003110419906687403 0.0056179775280898875
0 0.0583203732503888 0.6900749063670412 0.0015552099533437014 0.0018726591760299626
0 0.05287713841368585 0.6919475655430711 0.006220839813374806 0.0056179775280898875
0 0.7340590979782271 0.6891385767790262 0.003110419906687403 0.003745318352059925
0 0.7068429237947123 0.6882022471910112 0.0015552099533437014 0.0018726591760299626
0 0.7223950233281493 0.6863295880149812 0.0015552099533437014 0.0018726591760299626
0 0.5233281493001555 0.6863295880149812 0.0015552099533437014 0.0018726591760299626
0 0.8950233281493002 0.6844569288389513 0.0015552099533437014 0.0018726591760299626
0 0.15241057542768274 0.6853932584269663 0.006220839813374806 0.00749063670411985
0 0.5839813374805599 0.6807116104868914 0.0015552099533437014 0.0018726591760299626
0 0.5800933125972006 0.6816479400749064 0.003110419906687403 0.003745318352059925
0 0.32426127527216175 0.6816479400749064 0.0015552099533437014 0.003745318352059925
0 0.7255054432348367 0.6816479400749064 0.004665629860031105 0.00749063670411985
0 0.41835147744945567 0.6919475655430711 0.00933125972006221 0.028089887640449437
0 0.6368584758942457 0.6797752808988764 0.0015552099533437014 0.00749063670411985
0 0.8709175738724728 0.704119850187266 0.049766718506998445 0.0599250936329588
0 0.5800933125972006 0.6769662921348315 0.006220839813374806 0.0056179775280898875
0 0.5762052877138414 0.6750936329588015 0.0015552099533437014 0.0018726591760299626
0 0.5513219284603421 0.6750936329588015 0.0015552099533437014 0.0018726591760299626
0 0.4199066874027994 0.6769662921348315 0.006220839813374806 0.0056179775280898875
0 0.4144634525660964 0.6750936329588015 0.0015552099533437014 0.0018726591760299626
0 0.44712286158631415 0.6732209737827716 0.0015552099533437014 0.0018726591760299626
0 0.31959564541213065 0.6732209737827716 0.0015552099533437014 0.0018726591760299626
0 0.6391912908242613 0.6750936329588015 0.00933125972006221 0.013108614232209739
0 0.44712286158631415 0.6694756554307116 0.0015552099533437014 0.0018726591760299626
0 0.4401244167962675 0.6713483146067416 0.00933125972006221 0.0056179775280898875
0 0.43623639191290825 0.6657303370786517 0.0015552099533437014 0.0018726591760299626
0 0.4097978227060653 0.6657303370786517 0.0015552099533437014 0.0018726591760299626
0 0.4401244167962675 0.6647940074906367 0.003110419906687403 0.003745318352059925
0 0.3118195956454121 0.6638576779026217 0.0015552099533437014 0.0018726591760299626
0 0.12363919129082426 0.6619850187265918 0.0015552099533437014 0.0018726591760299626
0 0.7931570762052877 0.6629213483146067 0.006220839813374806 0.00749063670411985
0 0.5536547433903577 0.6966292134831461 0.08709175738724728 0.0749063670411985
0 0.5233281493001555 0.6610486891385767 0.0015552099533437014 0.003745318352059925
0 0.40902021772939345 0.6610486891385767 0.003110419906687403 0.003745318352059925
0 0.2192846034214619 0.6619850187265918 0.00933125972006221 0.0056179775280898875
0 0.09797822706065319 0.6610486891385767 0.012441679626749611 0.003745318352059925
0 0.42534992223950235 0.6582397003745318 0.0015552099533437014 0.0018726591760299626
0 0.5715396578538102 0.6563670411985019 0.0015552099533437014 0.0018726591760299626
0 0.3024883359253499 0.6573033707865169 0.004665629860031105 0.003745318352059925
0 0.29937791601866254 0.6544943820224719 0.0015552099533437014 0.0018726591760299626
0 0.5715396578538102 0.6526217228464419 0.0015552099533437014 0.0018726591760299626
0 0.5381026438569206 0.6554307116104869 0.006220839813374806 0.00749063670411985
0 0.5684292379471229 0.648876404494382 0.004665629860031105 0.0056179775280898875
0 0.39580093312597203 0.6479400749063671 0.004665629860031105 0.00749063670411985
0 0.5917573872472783 0.6423220973782772 0.0015552099533437014 0.003745318352059925
0 0.3849144634525661 0.6376404494382022 0.0015552099533437014 0.0018726591760299626
0 0.3818040435458787 0.6320224719101124 0.0015552099533437014 0.0018726591760299626
0 0.5451010886469674 0.6310861423220974 0.0015552099533437014 0.003745318352059925
0 0.3849144634525661 0.6310861423220974 0.0015552099533437014 0.003745318352059925
0 0.37791601866251945 0.6310861423220974 0.003110419906687403 0.003745318352059925
0 0.2869362363919129 0.6301498127340824 0.0015552099533437014 0.0018726591760299626
0 0.1780715396578538 0.6329588014981273 0.017107309486780714 0.00749063670411985
0 0.7830482115085536 0.6292134831460674 0.0015552099533437014 0.003745318352059925
0 0.1119751166407465 0.6292134831460674 0.003110419906687403 0.003745318352059925
0 0.3724727838258165 0.6226591760299626 0.0015552099533437014 0.0018726591760299626
0 0.10342146189735614 0.6254681647940075 0.007776049766718507 0.00749063670411985
0 0.41368584758942456 0.6254681647940075 0.006220839813374806 0.011235955056179775
0 0.3693623639191291 0.6198501872659176 0.004665629860031105 0.003745318352059925
0 0.41135303265940903 0.6170411985018727 0.0015552099533437014 0.0018726591760299626
0 0.37091757387247276 0.6151685393258427 0.0015552099533437014 0.0018726591760299626
0 0.3678071539657854 0.6151685393258427 0.0015552099533437014 0.0018726591760299626
0 0.14307931570762053 0.6189138576779026 0.00933125972006221 0.009363295880149813
0 0.5629860031104199 0.6170411985018727 0.006220839813374806 0.009363295880149813
0 0.45645412130637636 0.6132958801498127 0.0015552099533437014 0.0018726591760299626
0 0.41135303265940903 0.6132958801498127 0.0015552099533437014 0.0018726591760299626
0 0.276049766718507 0.6123595505617978 0.004665629860031105 0.003745318352059925
0 0.4525660964230171 0.6114232209737828 0.006220839813374806 0.0056179775280898875
0 0.44245723172628304 0.6095505617977528 0.0015552099533437014 0.0018726591760299626
0 0.3849144634525661 0.6076779026217228 0.0015552099533437014 0.0018726591760299626
0 0.3740279937791602 0.6076779026217228 0.0015552099533437014 0.0018726591760299626
0 0.3569206842923795 0.6095505617977528 0.004665629860031105 0.0056179775280898875
0 0.4525660964230171 0.6067415730337079 0.003110419906687403 0.003745318352059925
0 0.36003110419906686 0.6058052434456929 0.0015552099533437014 0.0018726591760299626
0 0.4463452566096423 0.6123595505617978 0.006220839813374806 0.018726591760299626
0 0.1321928460342146 0.6086142322097379 0.00933125972006221 0.011235955056179775
0 0.12441679626749612 0.6048689138576779 0.003110419906687403 0.003745318352059925
0 0.36003110419906686 0.6020599250936329 0.0015552099533437014 0.0018726591760299626
0 0.13374805598755832 0.6020599250936329 0.006220839813374806 0.0056179775280898875
0 0.12830482115085537 0.600187265917603 0.0015552099533437014 0.0018726591760299626
0 0.12208398133748057 0.600187265917603 0.0015552099533437014 0.0018726591760299626
0 0.15552099533437014 0.6666666666666666 0.2115085536547434 0.1348314606741573
0 0.2713841368584759 0.598314606741573 0.0015552099533437014 0.0018726591760299626
0 0.048989113530326596 0.598314606741573 0.0015552099533437014 0.0018726591760299626
0 0.5093312597200622 0.5926966292134831 0.0015552099533437014 0.0018726591760299626
0 0.7706065318818041 0.5889513108614233 0.0015552099533437014 0.0018726591760299626
0 0.2682737169517885 0.5852059925093633 0.0015552099533437014 0.0018726591760299626
0 0.5513219284603421 0.5833333333333334 0.0015552099533437014 0.0018726591760299626
0 0.5373250388802489 0.5833333333333334 0.0015552099533437014 0.0018726591760299626
0 0.2620528771384137 0.5833333333333334 0.0015552099533437014 0.0018726591760299626
0 0.104199066874028 0.5833333333333334 0.003110419906687403 0.0018726591760299626
0 0.07853810264385692 0.5833333333333334 0.0015552099533437014 0.0018726591760299626
0 0.5404354587869362 0.5814606741573034 0.0015552099533437014 0.0018726591760299626
0 0.5326594090202177 0.5823970037453183 0.0015552099533437014 0.003745318352059925
0 0.13919129082426127 0.5823970037453183 0.0015552099533437014 0.003745318352059925
0 0.5171073094867807 0.5795880149812734 0.0015552099533437014 0.0018726591760299626
0 0.7931570762052877 0.5805243445692884 0.006220839813374806 0.00749063670411985
0 0.5443234836702955 0.5805243445692884 0.006220839813374806 0.00749063670411985
0 0.33670295489891133 0.5777153558052435 0.0015552099533437014 0.0018726591760299626
0 0.015552099533437015 0.5805243445692884 0.006220839813374806 0.00749063670411985
0 0.7768273716951789 0.5795880149812734 0.01088646967340591 0.009363295880149813
0 0.7877138413685848 0.5786516853932584 0.007776049766718507 0.011235955056179775
0 0.04354587869362364 0.5720973782771536 0.003110419906687403 0.0056179775280898875
0 0.9541213063763608 0.5683520599250936 0.0015552099533437014 0.0018726591760299626
0 0.9510108864696734 0.5683520599250936 0.0015552099533437014 0.0018726591760299626
0 0.8032659409020217 0.5683520599250936 0.0015552099533437014 0.0018726591760299626
0 0.7612752721617418 0.5683520599250936 0.0015552099533437014 0.0018726591760299626
0 0.3118195956454121 0.5683520599250936 0.0015552099533437014 0.0018726591760299626
0 0.2527216174183515 0.5683520599250936 0.0015552099533437014 0.0018726591760299626
0 0.06376360808709176 0.5683520599250936 0.003110419906687403 0.0018726591760299626
0 0.04665629860031104 0.5692883895131086 0.003110419906687403 0.003745318352059925
0 0.015552099533437015 0.5711610486891385 0.006220839813374806 0.00749063670411985
0 0.3157076205287714 0.5674157303370787 0.003110419906687403 0.003745318352059925
0 0.20917573872472783 0.5674157303370787 0.004665629860031105 0.003745318352059925
0 0.048989113530326596 0.5664794007490637 0.0015552099533437014 0.0018726591760299626
0 0.9572317262830482 0.5646067415730337 0.0015552099533437014 0.0018726591760299626
0 0.9510108864696734 0.5646067415730337 0.0015552099533437014 0.0018726591760299626
0 0.8203732503888025 0.5646067415730337 0.0015552099533437014 0.0018726591760299626
0 0.8102643856920684 0.5664794007490637 0.00933125972006221 0.0056179775280898875
0 0.014774494556765163 0.5646067415730337 0.0015552099533437014 0.0018726591760299626
0 0.017884914463452566 0.5627340823970037 0.0015552099533437014 0.0018726591760299626
0 0.3234836702954899 0.5692883895131086 0.012441679626749611 0.018726591760299626
0 0.18973561430793157 0.5646067415730337 0.006220839813374806 0.009363295880149813
0 0.048989113530326596 0.5617977528089888 0.0015552099533437014 0.003745318352059925
0 0.7511664074650077 0.5580524344569289 0.003110419906687403 0.003745318352059925
0 0.048989113530326596 0.5571161048689138 0.0015552099533437014 0.0018726591760299626
0 0.7573872472783826 0.5580524344569289 0.00933125972006221 0.00749063670411985
0 0.015552099533437015 0.5580524344569289 0.006220839813374806 0.00749063670411985
0 0.14852255054432348 0.5533707865168539 0.0015552099533437014 0.0018726591760299626
0 0.23950233281493002 0.550561797752809 0.006220839813374806 0.00749063670411985
0 0.24183514774494558 0.545880149812734 0.0015552099533437014 0.0018726591760299626
0 0.23872472783825816 0.5440074906367042 0.0015552099533437014 0.0018726591760299626
0 0.1749611197511664 0.5440074906367042 0.0015552099533437014 0.0018726591760299626
0 0.9339035769828927 0.5421348314606742 0.0015552099533437014 0.0018726591760299626
0 0.8172628304821151 0.5430711610486891 0.007776049766718507 0.00749063670411985
0 0.7426127527216174 0.5402621722846442 0.0015552099533437014 0.0018726591760299626
0 0.04121306376360809 0.5402621722846442 0.004665629860031105 0.0018726591760299626
0 0.1671850699844479 0.5383895131086143 0.0015552099533437014 0.0018726591760299626
0 0.9681181959564541 0.5374531835205992 0.004665629860031105 0.003745318352059925
0 0.24339035769828926 0.5383895131086143 0.004665629860031105 0.0056179775280898875
0 0.1702954898911353 0.5365168539325843 0.0015552099533437014 0.0018726591760299626
0 0.9603421461897356 0.5346441947565543 0.0015552099533437014 0.0018726591760299626
0 0.2379471228615863 0.5374531835205992 0.003110419906687403 0.00749063670411985
0 0.14618973561430793 0.5374531835205992 0.006220839813374806 0.011235955056179775
0 0.24027993779160187 0.5318352059925093 0.004665629860031105 0.00749063670411985
0 0.7301710730948678 0.5271535580524345 0.0015552099533437014 0.0018726591760299626
0 0.23716951788491447 0.5271535580524345 0.0015552099533437014 0.0018726591760299626
0 0.7620528771384136 0.5280898876404494 0.006220839813374806 0.00749063670411985
0 0.32581648522550544 0.5234082397003745 0.0015552099533437014 0.0018726591760299626
0 0.3452566096423017 0.5215355805243446 0.006220839813374806 0.0056179775280898875
0 0.23716951788491447 0.5196629213483146 0.0015552099533437014 0.0018726591760299626
0 0.3771384136858476 0.5177902621722846 0.0015552099533437014 0.0018726591760299626
0 0.05287713841368585 0.5205992509363296 0.006220839813374806 0.00749063670411985
0 0.14541213063763608 0.5168539325842697 0.004665629860031105 0.00749063670411985
0 0.921461897356143 0.5121722846441947 0.0015552099533437014 0.0018726591760299626
0 0.20139968895800933 0.5102996254681648 0.0015552099533437014 0.0018726591760299626
0 0.9199066874027994 0.5084269662921348 0.0015552099533437014 0.0018726591760299626
0 0.916796267496112 0.5084269662921348 0.0015552099533437014 0.0018726591760299626
0 0.41135303265940903 0.5084269662921348 0.0015552099533437014 0.0018726591760299626
0 0.22706065318818042 0.5056179775280899 0.006220839813374806 0.00749063670411985
0 0.7620528771384136 0.5037453183520599 0.006220839813374806 0.011235955056179775
0 0.27216174183514774 0.4953183520599251 0.003110419906687403 0.0018726591760299626
0 0.19440124416796267 0.49812734082397003 0.006220839813374806 0.00749063670411985
0 0.35769828926905134 0.49157303370786515 0.006220839813374806 0.0056179775280898875
0 0.11119751166407466 0.4897003745318352 0.0015552099533437014 0.0018726591760299626
0 0.71850699844479 0.49063670411985016 0.006220839813374806 0.00749063670411985
0 0.2884914463452566 0.48782771535580527 0.0015552099533437014 0.0018726591760299626
0 0.21461897356143078 0.49063670411985016 0.006220839813374806 0.00749063670411985
0 0.7161741835147745 0.4859550561797753 0.0015552099533437014 0.0018726591760299626
0 0.7192846034214619 0.48408239700374533 0.0015552099533437014 0.0018726591760299626
0 0.484447900466563 0.4812734082397004 0.004665629860031105 0.003745318352059925
0 0.35769828926905134 0.48314606741573035 0.006220839813374806 0.00749063670411985
0 0.18351477449455678 0.48220973782771537 0.006220839813374806 0.0056179775280898875
0 0.1780715396578538 0.4803370786516854 0.0015552099533437014 0.0018726591760299626
0 0.8794712286158631 0.47846441947565543 0.0015552099533437014 0.0018726591760299626
0 0.7255054432348367 0.47846441947565543 0.0015552099533437014 0.0018726591760299626
0 0.8841368584758943 0.47659176029962547 0.0015552099533437014 0.0018726591760299626
0 0.71850699844479 0.47846441947565543 0.006220839813374806 0.0056179775280898875
0 0.25972006220839816 0.47659176029962547 0.003110419906687403 0.0018726591760299626
0 0.052099533437014 0.47659176029962547 0.0015552099533437014 0.0018726591760299626
0 0.8740279937791602 0.47659176029962547 0.006220839813374806 0.0056179775280898875
0 0.08631415241057543 0.4747191011235955 0.0015552099533437014 0.0018726591760299626
0 0.3475894245723173 0.47284644194756553 0.0015552099533437014 0.0018726591760299626
0 0.10964230171073094 0.47191011235955055 0.004665629860031105 0.00749063670411985
0 0.8017107309486781 0.4681647940074906 0.0015552099533437014 0.003745318352059925
0 0.5287713841368584 0.4681647940074906 0.00933125972006221 0.00749063670411985
0 0.25894245723172626 0.4653558052434457 0.0015552099533437014 0.0018726591760299626
0 0.21384136858475894 0.4681647940074906 0.004665629860031105 0.00749063670411985
0 0.17573872472783825 0.5168539325842697 0.07153965785381027 0.10486891385767791
0 0.1057542768273717 0.46722846441947563 0.003110419906687403 0.0056179775280898875
0 0.34603421461897355 0.46629213483146065 0.004665629860031105 0.00749063670411985
0 0.22472783825816486 0.4616104868913858 0.0015552099533437014 0.0018726591760299626
0 0.5925349922239502 0.45880149812734083 0.003110419906687403 0.003745318352059925
0 0.3475894245723173 0.45786516853932585 0.0015552099533437014 0.0018726591760299626
0 0.890357698289269 0.4541198501872659 0.0015552099533437014 0.0018726591760299626
0 0.8040435458786936 0.46254681647940077 0.00933125972006221 0.018726591760299626
0 0.6003110419906688 0.4559925093632959 0.003110419906687403 0.0056179775280898875
0 0.5855365474339036 0.4541198501872659 0.0015552099533437014 0.0018726591760299626
0 0.34603421461897355 0.45318352059925093 0.004665629860031105 0.003745318352059925
0 0.9300155520995335 0.45318352059925093 0.006220839813374806 0.00749063670411985
0 0.9121306376360808 0.450374531835206 0.0015552099533437014 0.0018726591760299626
0 0.8055987558320373 0.45224719101123595 0.006220839813374806 0.0056179775280898875
0 0.8001555209953344 0.450374531835206 0.0015552099533437014 0.0018726591760299626
0 0.5925349922239502 0.45224719101123595 0.00933125972006221 0.0056179775280898875
0 0.5855365474339036 0.450374531835206 0.0015552099533437014 0.0018726591760299626
0 0.24805598755832037 0.45131086142322097 0.0015552099533437014 0.003745318352059925
0 0.24494556765163297 0.450374531835206 0.0015552099533437014 0.0018726591760299626
0 0.22472783825816486 0.450374531835206 0.0015552099533437014 0.0018726591760299626
0 0.08320373250388803 0.5318352059925093 0.1321928460342146 0.1647940074906367
0 0.0583203732503888 0.450374531835206 0.0015552099533437014 0.0018726591760299626
0 0.05287713841368585 0.45224719101123595 0.006220839813374806 0.0056179775280898875
0 0.6399688958009331 0.43913857677902624 0.0015552099533437014 0.0018726591760299626
0 0.6656298600311042 0.43726591760299627 0.003110419906687403 0.0018726591760299626
0 0.6430793157076206 0.43726591760299627 0.0015552099533437014 0.0018726591760299626
0 0.9144634525660964 0.50187265917603 0.1119751166407465 0.1348314606741573
0 0.8670295489891136 0.4353932584269663 0.0015552099533437014 0.0018726591760299626
0 0.8615863141524106 0.43726591760299627 0.006220839813374806 0.0056179775280898875
0 0.661741835147745 0.4353932584269663 0.0015552099533437014 0.0018726591760299626
0 0.6399688958009331 0.4353932584269663 0.0015552099533437014 0.0018726591760299626
0 0.29937791601866254 0.42790262172284643 0.0015552099533437014 0.0018726591760299626
0 0.7931570762052877 0.4232209737827715 0.006220839813374806 0.00749063670411985
0 0.5388802488335925 0.41853932584269665 0.0015552099533437014 0.0018726591760299626
0 0.5 0.41853932584269665 0.0015552099533437014 0.0018726591760299626
0 0.21695178849144633 0.41853932584269665 0.0015552099533437014 0.0018726591760299626
0 0.2511664074650078 0.41760299625468167 0.0015552099533437014 0.003745318352059925
0 0.19906687402799378 0.41760299625468167 0.006220839813374806 0.003745318352059925
0 0.18973561430793157 0.41760299625468167 0.003110419906687403 0.003745318352059925
0 0.5443234836702955 0.4166666666666667 0.006220839813374806 0.0056179775280898875
0 0.5093312597200622 0.4166666666666667 0.01088646967340591 0.0056179775280898875
0 0.78149300155521 0.41292134831460675 0.0015552099533437014 0.0018726591760299626
0 0.3001555209953344 0.41385767790262173 0.003110419906687403 0.003745318352059925
0 0.7822706065318819 0.4091760299625468 0.003110419906687403 0.0018726591760299626
0 0.49922239502332816 0.40730337078651685 0.003110419906687403 0.0018726591760299626
0 0.6959564541213064 0.40636704119850187 0.0015552099533437014 0.003745318352059925
0 0.30171073094867806 0.4091760299625468 0.006220839813374806 0.009363295880149813
0 0.5637636080870918 0.4035580524344569 0.0015552099533437014 0.0018726591760299626
0 0.5427682737169518 0.4091760299625468 0.00933125972006221 0.013108614232209739
0 0.1749611197511664 0.4035580524344569 0.0015552099533437014 0.0018726591760299626
0 0.7076205287713841 0.40262172284644193 0.003110419906687403 0.003745318352059925
0 0.5505443234836703 0.40262172284644193 0.003110419906687403 0.003745318352059925
0 0.16485225505443235 0.40262172284644193 0.003110419906687403 0.003745318352059925
0 0.16018662519440124 0.40262172284644193 0.003110419906687403 0.003745318352059925
0 0.5707620528771384 0.40074906367041196 0.00933125972006221 0.00749063670411985
0 0.578538102643857 0.3960674157303371 0.00933125972006221 0.0056179775280898875
0 0.7729393468118196 0.3913857677902622 0.003110419906687403 0.003745318352059925
0 0.1500777604976672 0.3904494382022472 0.0015552099533437014 0.0018726591760299626
0 0.6259720062208398 0.38857677902621723 0.0015552099533437014 0.0018726591760299626
0 0.6166407465007776 0.38857677902621723 0.0015552099533437014 0.0018726591760299626
0 0.69751166407465 0.3848314606741573 0.0015552099533437014 0.0018726591760299626
0 0.6314152410575428 0.38670411985018727 0.006220839813374806 0.0056179775280898875
0 0.5668740279937792 0.3857677902621723 0.0015552099533437014 0.003745318352059925
0 0.3468118195956454 0.38108614232209737 0.003110419906687403 0.0018726591760299626
0 0.4984447900466563 0.3792134831460674 0.0015552099533437014 0.0018726591760299626
0 0.5101088646967341 0.37734082397003743 0.012441679626749611 0.0056179775280898875
0 0.2581648522550544 0.38202247191011235 0.006220839813374806 0.0149812734082397
0 0.1578538102643857 0.37546816479400746 0.0015552099533437014 0.0018726591760299626
0 0.15241057542768274 0.37734082397003743 0.006220839813374806 0.0056179775280898875
0 0.6944012441679627 0.37359550561797755 0.0015552099533437014 0.0018726591760299626
0 0.3024883359253499 0.37359550561797755 0.0015552099533437014 0.0018726591760299626
0 0.6578538102643857 0.37265917602996257 0.003110419906687403 0.003745318352059925
0 0.29937791601866254 0.37265917602996257 0.0015552099533437014 0.003745318352059925
0 0.6570762052877138 0.3642322097378277 0.0015552099533437014 0.0018726591760299626
0 0.7799377916018663 0.36329588014981273 0.004665629860031105 0.003745318352059925
0 0.5435458786936236 0.3604868913857678 0.0015552099533437014 0.0018726591760299626
0 0.1656298600311042 0.3604868913857678 0.0015552099533437014 0.0018726591760299626
0 0.1625194401244168 0.36142322097378277 0.0015552099533437014 0.003745318352059925
0 0.6710730948678072 0.3586142322097378 0.0015552099533437014 0.0018726591760299626
0 0.4393468118195957 0.3586142322097378 0.0015552099533437014 0.0018726591760299626
0 0.26360808709175737 0.3586142322097378 0.0015552099533437014 0.0018726591760299626
0 0.432348367029549 0.35767790262172283 0.003110419906687403 0.003745318352059925
0 0.5482115085536547 0.3548689138576779 0.0015552099533437014 0.0018726591760299626
0 0.4432348367029549 0.35674157303370785 0.006220839813374806 0.0056179775280898875
0 0.44712286158631415 0.3529962546816479 0.0015552099533437014 0.0018726591760299626
0 0.23405909797822705 0.3529962546816479 0.0015552099533437014 0.0018726591760299626
0 0.4432348367029549 0.352059925093633 0.003110419906687403 0.003745318352059925
0 0.7597200622083982 0.3455056179775281 0.0015552099533437014 0.0018726591760299626
0 0.5489891135303266 0.3464419475655431 0.003110419906687403 0.003745318352059925
0 0.4704510108864697 0.34363295880149813 0.0015552099533437014 0.0018726591760299626
0 0.45023328149300157 0.34176029962546817 0.0015552099533437014 0.0018726591760299626
0 0.4097978227060653 0.34176029962546817 0.0015552099533437014 0.0018726591760299626
0 0.3009331259720062 0.34176029962546817 0.0015552099533437014 0.0018726591760299626
0 0.40668740279937793 0.33707865168539325 0.004665629860031105 0.00749063670411985
0 0.2379471228615863 0.3333333333333333 0.003110419906687403 0.003745318352059925
0 0.7200622083981337 0.3267790262172285 0.003110419906687403 0.0018726591760299626
0 0.48289269051321926 0.32771535580524347 0.004665629860031105 0.003745318352059925
0 0.4751166407465008 0.3249063670411985 0.0015552099533437014 0.0018726591760299626
0 0.5777604976671851 0.3192883895131086 0.0015552099533437014 0.0018726591760299626
0 0.29704510108864696 0.3202247191011236 0.003110419906687403 0.003745318352059925
0 0.7192846034214619 0.3155430711610487 0.0015552099533437014 0.0018726591760299626
0 0.5793157076205288 0.31647940074906367 0.004665629860031105 0.003745318352059925
0 0.5738724727838258 0.31647940074906367 0.003110419906687403 0.003745318352059925
0 0.750388802488336 0.3136704119850187 0.0015552099533437014 0.0018726591760299626
0 0.7068429237947123 0.31179775280898875 0.004665629860031105 0.0018726591760299626
0 0.7348367029548989 0.3080524344569288 0.0015552099533437014 0.0018726591760299626
0 0.23716951788491447 0.30430711610486894 0.0015552099533437014 0.0018726591760299626
0 0.7076205287713841 0.301498127340824 0.003110419906687403 0.003745318352059925
0 0.702954898911353 0.30243445692883897 0.003110419906687403 0.0056179775280898875
0 0.23716951788491447 0.300561797752809 0.0015552099533437014 0.0018726591760299626
0 0.24961119751166408 0.28745318352059923 0.0015552099533437014 0.0018726591760299626
0 0.6181959564541213 0.28558052434456926 0.0015552099533437014 0.0018726591760299626
0 0.6127527216174183 0.28745318352059923 0.006220839813374806 0.0056179775280898875
0 0.3312597200622084 0.28558052434456926 0.003110419906687403 0.0018726591760299626
0 0.7099533437013997 0.2818352059925094 0.0015552099533437014 0.0018726591760299626
0 0.5139968895800933 0.2799625468164794 0.0015552099533437014 0.0018726591760299626
0 0.7099533437013997 0.27808988764044945 0.0015552099533437014 0.0018726591760299626
0 0.5194401244167963 0.2808988764044944 0.006220839813374806 0.00749063670411985
0 0.6959564541213064 0.2762172284644195 0.0015552099533437014 0.0018726591760299626
0 0.25038880248833595 0.27715355805243447 0.003110419906687403 0.003745318352059925
0 0.2527216174183515 0.27247191011235955 0.0015552099533437014 0.0018726591760299626
0 0.7581648522550545 0.2705992509363296 0.0015552099533437014 0.0018726591760299626
0 0.7426127527216174 0.2705992509363296 0.0015552099533437014 0.0018726591760299626
0 0.6306376360808709 0.2705992509363296 0.0015552099533437014 0.0018726591760299626
0 0.6251944012441679 0.27247191011235955 0.006220839813374806 0.0056179775280898875
0 0.32192846034214617 0.26779026217228463 0.003110419906687403 0.003745318352059925
0 0.7309486780715396 0.2602996254681648 0.006220839813374806 0.003745318352059925
0 0.7309486780715396 0.2565543071161049 0.006220839813374806 0.003745318352059925
0 0.7255054432348367 0.2556179775280899 0.0015552099533437014 0.0018726591760299626
0 0.6726283048211509 0.25 0.0015552099533437014 0.0018726591760299626
0 0.32192846034214617 0.24812734082397003 0.003110419906687403 0.0056179775280898875
0 0.7208398133748056 0.2443820224719101 0.0015552099533437014 0.0018726591760299626
0 0.71850699844479 0.24250936329588016 0.003110419906687403 0.0056179775280898875
0 0.2698289269051322 0.2406367041198502 0.0015552099533437014 0.0018726591760299626
0 0.2643856920684292 0.24250936329588016 0.006220839813374806 0.0056179775280898875
0 0.7068429237947123 0.22659176029962547 0.004665629860031105 0.003745318352059925
0 0.69751166407465 0.22659176029962547 0.004665629860031105 0.003745318352059925
0 0.5194401244167963 0.22846441947565543 0.006220839813374806 0.00749063670411985
0 0.37636080870917576 0.22846441947565543 0.006220839813374806 0.00749063670411985
0 0.3864696734059098 0.2247191011235955 0.0015552099533437014 0.003745318352059925
0 0.32581648522550544 0.22378277153558052 0.0015552099533437014 0.0018726591760299626
0 0.328149300155521 0.22191011235955055 0.003110419906687403 0.0056179775280898875
0 0.4937791601866252 0.2200374531835206 0.004665629860031105 0.0056179775280898875
0 0.33359253499222397 0.2200374531835206 0.004665629860031105 0.0056179775280898875
0 0.4968895800933126 0.21629213483146068 0.0015552099533437014 0.0018726591760299626
0 0.46500777604976673 0.2200374531835206 0.00933125972006221 0.013108614232209739
0 0.4968895800933126 0.21254681647940074 0.0015552099533437014 0.0018726591760299626
0 0.33048211508553654 0.21254681647940074 0.0015552099533437014 0.0018726591760299626
0 0.48989113530326595 0.21348314606741572 0.00933125972006221 0.00749063670411985
0 0.468895800933126 0.21067415730337077 0.0015552099533437014 0.0018726591760299626
0 0.463452566096423 0.21254681647940074 0.006220839813374806 0.0056179775280898875
0 0.44712286158631415 0.20786516853932585 0.0015552099533437014 0.003745318352059925
0 0.27527216174183516 0.20786516853932585 0.003110419906687403 0.003745318352059925
0 0.27993779160186627 0.20692883895131087 0.003110419906687403 0.0056179775280898875
0 0.276049766718507 0.19756554307116106 0.004665629860031105 0.0018726591760299626
0 0.38880248833592534 0.19850187265917604 0.006220839813374806 0.00749063670411985
0 0.45645412130637636 0.19382022471910113 0.0015552099533437014 0.0018726591760299626
0 0.4595645412130638 0.19288389513108614 0.0015552099533437014 0.003745318352059925
0 0.2978227060653188 0.16573033707865167 0.0015552099533437014 0.0018726591760299626
0 0.484447900466563 0.12078651685393259 0.0015552099533437014 0.0018726591760299626
0 0.41368584758942456 0.10861423220973783 0.006220839813374806 0.00749063670411985
0 0.49144634525660963 0.10112359550561797 0.003110419906687403 0.00749063670411985
0 0.484447900466563 0.08707865168539326 0.0015552099533437014 0.0018726591760299626
0 0.5093312597200622 0.07397003745318352 0.0015552099533437014 0.0018726591760299626
0 0.5093312597200622 0.0702247191011236 0.0015552099533437014 0.0018726591760299626
0 0.5023328149300156 0.06554307116104868 0.003110419906687403 0.003745318352059925
0 0.5093312597200622 0.0552434456928839 0.0015552099533437014 0.0018726591760299626
0 0.43623639191290825 0.05149812734082397 0.0015552099533437014 0.0018726591760299626
0 0.43623639191290825 0.047752808988764044 0.0015552099533437014 0.0018726591760299626
0 0.5093312597200622 0.03464419475655431 0.0015552099533437014 0.0018726591760299626
0 0.5031104199066874 0.03464419475655431 0.0015552099533437014 0.0018726591760299626
0 0.5062208398133748 0.03089887640449438 0.0015552099533437014 0.0018726591760299626
0 0.5031104199066874 0.03089887640449438 0.0015552099533437014 0.0018726591760299626
0 0.49144634525660963 0.4794007490636704 0.6842923794712286 0.9288389513108615
