0 0.8288633461047255 0.9532871972318339 0.002554278416347382 0.0034602076124567475
0 0.8231162196679438 0.9532871972318339 0.006385696040868455 0.0034602076124567475
0 0.7982120051085568 0.9524221453287197 0.002554278416347382 0.0017301038062283738
0 0.822477650063857 0.9480968858131488 0.002554278416347382 0.0034602076124567475
0 0.7879948914431673 0.9385813148788927 0.002554278416347382 0.005190311418685121
0 0.8416347381864623 0.9117647058823529 0.002554278416347382 0.0034602076124567475
0 0.8473818646232439 0.9091695501730104 0.001277139208173691 0.0017301038062283738
0 0.7873563218390804 0.9039792387543253 0.001277139208173691 0.0017301038062283738
0 0.8499361430395913 0.8979238754325259 0.001277139208173691 0.0034602076124567475
0 0.7777777777777778 0.8979238754325259 0.002554278416347382 0.0034602076124567475
0 0.7816091954022989 0.8970588235294118 0.002554278416347382 0.005190311418685121
0 0.7784163473818646 0.8884083044982699 0.0038314176245210726 0.0017301038062283738
0 0.12452107279693486 0.8849480968858131 0.001277139208173691 0.0017301038062283738
0 0.6104725415070242 0.8823529411764706 0.005108556832694764 0.006920415224913495
0 0.5951468710089399 0.8823529411764706 0.005108556832694764 0.006920415224913495
0 0.6028097062579821 0.8806228373702422 0.01277139208173691 0.010380622837370242
0 0.8652618135376756 0.8711072664359861 0.001277139208173691 0.0017301038062283738
0 0.6340996168582376 0.8711072664359861 0.001277139208173691 0.0017301038062283738
0 0.6162196679438059 0.8711072664359861 0.001277139208173691 0.0017301038062283738
0 0.8607918263090677 0.870242214532872 0.005108556832694764 0.0034602076124567475
0 0.6366538952745849 0.870242214532872 0.001277139208173691 0.0034602076124567475
0 0.5932311621966795 0.8676470588235294 0.001277139208173691 0.0017301038062283738
0 0.5932311621966795 0.8624567474048442 0.001277139208173691 0.0017301038062283738
0 0.8780332056194126 0.8572664359861591 0.001277139208173691 0.0017301038062283738
0 0.1615581098339719 0.8572664359861591 0.001277139208173691 0.0017301038062283738
0 0.12452107279693486 0.8572664359861591 0.001277139208173691 0.0017301038062283738
0 0.1206896551724138 0.8572664359861591 0.001277139208173691 0.0017301038062283738
0 0.11558109833971902 0.8572664359861591 0.001277139208173691 0.0017301038062283738
0 0.7873563218390804 0.8555363321799307 0.001277139208173691 0.0017301038062283738
0 0.8767560664112388 0.8460207612456747 0.0038314176245210726 0.0034602076124567475
0 0.7905491698595147 0.8486159169550173 0.007662835249042145 0.00865051903114187
0 0.6430395913154534 0.8451557093425606 0.001277139208173691 0.0017301038062283738
0 0.6040868454661558 0.846885813148789 0.002554278416347382 0.005190311418685121
0 0.5951468710089399 0.8477508650519031 0.005108556832694764 0.006920415224913495
0 0.28544061302681994 0.8434256055363322 0.001277139208173691 0.0017301038062283738
0 0.24968071519795657 0.8434256055363322 0.001277139208173691 0.0017301038062283738
0 0.24584929757343552 0.8434256055363322 0.001277139208173691 0.0017301038062283738
0 0.1909323116219668 0.8434256055363322 0.001277139208173691 0.0017301038062283738
0 0.07982120051085569 0.8434256055363322 0.001277139208173691 0.0017301038062283738
0 0.768837803320562 0.842560553633218 0.002554278416347382 0.0034602076124567475
0 0.19348659003831417 0.842560553633218 0.001277139208173691 0.0034602076124567475
0 0.07407407407407407 0.842560553633218 0.005108556832694764 0.0034602076124567475
0 0.25287356321839083 0.8416955017301038 0.005108556832694764 0.005190311418685121
0 0.07918263090676884 0.8399653979238755 0.002554278416347382 0.0017301038062283738
0 0.2790549169859515 0.8373702422145328 0.0038314176245210726 0.006920415224913495
0 0.6111111111111112 0.8313148788927336 0.001277139208173691 0.0017301038062283738
0 0.665389527458493 0.8295847750865052 0.002554278416347382 0.0017301038062283738
0 0.5038314176245211 0.8295847750865052 0.001277139208173691 0.0017301038062283738
0 0.24010217113665389 0.8295847750865052 0.002554278416347382 0.0017301038062283738
0 0.7848020434227331 0.8278546712802768 0.001277139208173691 0.0017301038062283738
0 0.5140485312899106 0.828719723183391 0.001277139208173691 0.0034602076124567475
0 0.6532567049808429 0.8261245674740484 0.001277139208173691 0.0017301038062283738
0 0.623882503192848 0.8261245674740484 0.001277139208173691 0.0017301038062283738
0 0.5006385696040868 0.8269896193771626 0.005108556832694764 0.0034602076124567475
0 0.23946360153256704 0.8261245674740484 0.001277139208173691 0.0017301038062283738
0 0.6455938697318008 0.833044982698962 0.011494252873563218 0.01903114186851211
0 0.23627075351213284 0.8269896193771626 0.002554278416347382 0.006920415224913495
0 0.2120051085568327 0.8269896193771626 0.005108556832694764 0.006920415224913495
0 0.7905491698595147 0.8261245674740484 0.007662835249042145 0.00865051903114187
0 0.6494252873563219 0.8226643598615917 0.0038314176245210726 0.0017301038062283738
0 0.2120051085568327 0.8192041522491349 0.005108556832694764 0.005190311418685121
0 0.6545338441890166 0.8157439446366782 0.001277139208173691 0.0017301038062283738
0 0.2177522349936143 0.8157439446366782 0.0038314176245210726 0.0017301038062283738
0 0.04789272030651341 0.8157439446366782 0.001277139208173691 0.0017301038062283738
0 0.5491698595146871 0.8148788927335641 0.002554278416347382 0.0034602076124567475
0 0.876117496807152 0.8183391003460208 0.005108556832694764 0.01384083044982699
0 0.657088122605364 0.8122837370242214 0.001277139208173691 0.0017301038062283738
0 0.04469987228607918 0.8140138408304498 0.005108556832694764 0.005190311418685121
0 0.041507024265644954 0.8105536332179931 0.001277139208173691 0.0017301038062283738
0 0.04469987228607918 0.8096885813148789 0.002554278416347382 0.0034602076124567475
0 0.7675606641123882 0.8088235294117647 0.002554278416347382 0.005190311418685121
0 0.876117496807152 0.8062283737024222 0.005108556832694764 0.006920415224913495
0 0.2937420178799489 0.8053633217993079 0.005108556832694764 0.005190311418685121
0 0.289272030651341 0.8036332179930796 0.001277139208173691 0.0017301038062283738
0 0.867816091954023 0.8019031141868512 0.001277139208173691 0.0017301038062283738
0 0.764367816091954 0.8019031141868512 0.001277139208173691 0.0017301038062283738
0 0.038952745849297574 0.8019031141868512 0.001277139208173691 0.0017301038062283738
0 0.4604086845466156 0.801038062283737 0.001277139208173691 0.0034602076124567475
0 0.5715197956577267 0.7984429065743944 0.001277139208173691 0.0017301038062283738
0 0.2541507024265645 0.801038062283737 0.002554278416347382 0.006920415224913495
0 0.25223499361430396 0.7958477508650519 0.0038314176245210726 0.006920415224913495
0 0.2547892720306513 0.7915224913494809 0.001277139208173691 0.0017301038062283738
0 0.034482758620689655 0.7967128027681661 0.007662835249042145 0.012110726643598616
0 0.8856960408684547 0.7880622837370242 0.001277139208173691 0.0017301038062283738
0 0.4386973180076628 0.7880622837370242 0.001277139208173691 0.0017301038062283738
0 0.43614303959131545 0.7880622837370242 0.001277139208173691 0.0017301038062283738
0 0.031289910600255426 0.7880622837370242 0.001277139208173691 0.0017301038062283738
0 0.7586206896551724 0.7880622837370242 0.002554278416347382 0.005190311418685121
0 0.7075351213282248 0.78719723183391 0.007662835249042145 0.0034602076124567475
0 0.7567049808429118 0.7820069204152249 0.001277139208173691 0.0034602076124567475
0 0.7477650063856961 0.7742214532871973 0.001277139208173691 0.0017301038062283738
0 0.7349936143039592 0.7742214532871973 0.001277139208173691 0.0017301038062283738
0 0.384418901660281 0.7742214532871973 0.002554278416347382 0.0017301038062283738
0 0.3888888888888889 0.773356401384083 0.0038314176245210726 0.0034602076124567475
0 0.36845466155810985 0.773356401384083 0.001277139208173691 0.0034602076124567475
0 0.8920817369093231 0.7707612456747405 0.001277139208173691 0.0017301038062283738
0 0.38633461047254153 0.7707612456747405 0.001277139208173691 0.0017301038062283738
0 0.896551724137931 0.7716262975778547 0.005108556832694764 0.006920415224913495
0 0.4220945083014049 0.7603806228373703 0.001277139208173691 0.0017301038062283738
0 0.41954022988505746 0.7603806228373703 0.001277139208173691 0.0017301038062283738
0 0.4169859514687101 0.7603806228373703 0.001277139208173691 0.0017301038062283738
0 0.40357598978288634 0.759515570934256 0.005108556832694764 0.0034602076124567475
0 0.021711366538952746 0.759515570934256 0.002554278416347382 0.0034602076124567475
0 0.30140485312899107 0.7586505190311419 0.002554278416347382 0.005190311418685121
0 0.36015325670498083 0.7577854671280276 0.005108556832694764 0.006920415224913495
0 0.29821200510855683 0.754325259515571 0.0038314176245210726 0.006920415224913495
0 0.35823754789272033 0.7448096885813149 0.001277139208173691 0.0017301038062283738
0 0.2841634738186462 0.7448096885813149 0.006385696040868455 0.005190311418685121
0 0.334610472541507 0.7439446366782007 0.005108556832694764 0.006920415224913495
0 0.0210727969348659 0.7344290657439446 0.001277139208173691 0.0017301038062283738
0 0.4240102171136654 0.7326989619377162 0.002554278416347382 0.0017301038062283738
0 0.35312899106002554 0.7318339100346021 0.0038314176245210726 0.0034602076124567475
0 0.42464878671775225 0.7292387543252595 0.001277139208173691 0.0017301038062283738
0 0.429757343550447 0.7335640138408305 0.006385696040868455 0.01384083044982699
0 0.8984674329501916 0.7257785467128027 0.001277139208173691 0.0017301038062283738
0 0.0210727969348659 0.7188581314878892 0.001277139208173691 0.0017301038062283738
0 0.0210727969348659 0.6946366782006921 0.001277139208173691 0.0017301038062283738
0 0.026181353767560665 0.6816608996539792 0.001277139208173691 0.0034602076124567475
0 0.9074074074074074 0.6773356401384083 0.001277139208173691 0.0017301038062283738
0 0.9201787994891443 0.6764705882352942 0.0038314176245210726 0.0034602076124567475
0 0.909323116219668 0.6756055363321799 0.002554278416347382 0.005190311418685121
0 0.02362707535121328 0.6790657439446367 0.006385696040868455 0.012110726643598616
0 0.9393358876117497 0.6634948096885813 0.001277139208173691 0.0017301038062283738
0 0.9367816091954023 0.6634948096885813 0.001277139208173691 0.0017301038062283738
0 0.9386973180076629 0.6591695501730104 0.002554278416347382 0.0034602076124567475
0 0.02362707535121328 0.6375432525951558 0.001277139208173691 0.0017301038062283738
0 0.9476372924648787 0.6332179930795848 0.005108556832694764 0.006920415224913495
0 0.9457215836526182 0.6288927335640139 0.001277139208173691 0.0017301038062283738
0 0.9482758620689655 0.6271626297577855 0.001277139208173691 0.0017301038062283738
0 0.9457215836526182 0.6237024221453287 0.001277139208173691 0.0017301038062283738
0 0.8895274584929758 0.5960207612456747 0.001277139208173691 0.0017301038062283738
0 0.05172413793103448 0.5873702422145328 0.001277139208173691 0.0017301038062283738
0 0.8901660280970626 0.5856401384083045 0.005108556832694764 0.00865051903114187
0 0.9802043422733078 0.5735294117647058 0.001277139208173691 0.0017301038062283738
0 0.9112388250319284 0.5743944636678201 0.0038314176245210726 0.0034602076124567475
0 0.05236270753512133 0.5735294117647058 0.002554278416347382 0.00865051903114187
0 0.9163473818646233 0.5692041522491349 0.001277139208173691 0.0034602076124567475
0 0.9118773946360154 0.5700692041522492 0.005108556832694764 0.005190311418685121
0 0.8780332056194126 0.5631487889273357 0.001277139208173691 0.0017301038062283738
0 0.8754789272030651 0.5614186851211073 0.001277139208173691 0.0017301038062283738
0 0.9201787994891443 0.5553633217993079 0.001277139208173691 0.0034602076124567475
0 0.8767560664112388 0.5570934256055363 0.0038314176245210726 0.006920415224913495
0 0.8601532567049809 0.5544982698961938 0.001277139208173691 0.0017301038062283738
0 0.851213282247765 0.5544982698961938 0.001277139208173691 0.0017301038062283738
0 0.9323116219667944 0.5432525951557093 0.005108556832694764 0.006920415224913495
0 0.9974457215836526 0.5337370242214533 0.005108556832694764 0.012110726643598616
0 0.9987228607918263 0.5224913494809689 0.002554278416347382 0.0034602076124567475
0 0.958492975734355 0.5129757785467128 0.001277139208173691 0.0017301038062283738
0 0.8090676883780332 0.513840830449827 0.001277139208173691 0.0034602076124567475
0 0.8052362707535121 0.513840830449827 0.0038314176245210726 0.0034602076124567475
0 0.6417624521072797 0.513840830449827 0.001277139208173691 0.0034602076124567475
0 0.6379310344827587 0.5147058823529411 0.0038314176245210726 0.005190311418685121
0 0.6455938697318008 0.5 0.0038314176245210726 0.0034602076124567475
0 0.5715197956577267 0.49048442906574397 0.001277139208173691 0.0017301038062283738
0 0.7943805874840357 0.48788927335640137 0.005108556832694764 0.006920415224913495
0 0.789272030651341 0.48961937716262977 0.007662835249042145 0.010380622837370242
0 0.6328224776500638 0.486159169550173 0.001277139208173691 0.0034602076124567475
0 0.6302681992337165 0.4852941176470588 0.001277139208173691 0.0017301038062283738
0 0.5759897828863346 0.486159169550173 0.002554278416347382 0.0034602076124567475
0 0.5721583652618135 0.486159169550173 0.002554278416347382 0.0034602076124567475
0 0.7854406130268199 0.4818339100346021 0.002554278416347382 0.005190311418685121
0 0.09259259259259259 0.4801038062283737 0.001277139208173691 0.0017301038062283738
0 0.9527458492975734 0.4809688581314879 0.005108556832694764 0.006920415224913495
0 0.6583652618135377 0.47837370242214533 0.0038314176245210726 0.0017301038062283738
0 0.954661558109834 0.47664359861591693 0.001277139208173691 0.0017301038062283738
0 0.9521072796934866 0.4749134948096886 0.001277139208173691 0.0017301038062283738
0 0.7835249042145593 0.47750865051903113 0.0038314176245210726 0.006920415224913495
0 0.6545338441890166 0.4749134948096886 0.001277139208173691 0.0017301038062283738
0 0.5510855683269477 0.4749134948096886 0.001277139208173691 0.0017301038062283738
0 0.9955300127713921 0.4731833910034602 0.001277139208173691 0.0017301038062283738
0 0.7860791826309068 0.4731833910034602 0.001277139208173691 0.0017301038062283738
0 0.5485312899106003 0.47145328719723184 0.001277139208173691 0.0017301038062283738
0 0.10217113665389528 0.47058823529411764 0.002554278416347382 0.0034602076124567475
0 0.9527458492975734 0.4688581314878893 0.005108556832694764 0.006920415224913495
0 0.644316730523627 0.4662629757785467 0.001277139208173691 0.0017301038062283738
0 0.5408684546615581 0.4671280276816609 0.001277139208173691 0.0034602076124567475
0 0.10280970625798212 0.46280276816608995 0.001277139208173691 0.0017301038062283738
0 0.7694763729246488 0.4610726643598616 0.001277139208173691 0.0017301038062283738
0 0.5402298850574713 0.4619377162629758 0.002554278416347382 0.0034602076124567475
0 0.9942528735632183 0.45761245674740486 0.0038314176245210726 0.0017301038062283738
0 0.1040868454661558 0.458477508650519 0.001277139208173691 0.0034602076124567475
0 0.7860791826309068 0.45588235294117646 0.001277139208173691 0.0017301038062283738
0 0.8045977011494253 0.4532871972318339 0.005108556832694764 0.006920415224913495
0 0.5491698595146871 0.4532871972318339 0.005108556832694764 0.006920415224913495
0 0.8026819923371648 0.44896193771626297 0.001277139208173691 0.0017301038062283738
0 0.11302681992337164 0.44896193771626297 0.001277139208173691 0.0017301038062283738
0 0.8052362707535121 0.4472318339100346 0.001277139208173691 0.0017301038062283738
0 0.6526181353767561 0.4455017301038062 0.002554278416347382 0.0017301038062283738
0 0.677522349936143 0.4437716262975779 0.001277139208173691 0.0017301038062283738
0 0.6685823754789272 0.4437716262975779 0.001277139208173691 0.0017301038062283738
0 0.6647509578544061 0.4437716262975779 0.001277139208173691 0.0017301038062283738
0 0.9431673052362708 0.4403114186851211 0.006385696040868455 0.005190311418685121
0 0.5478927203065134 0.4429065743944637 0.007662835249042145 0.010380622837370242
0 0.9220945083014048 0.43858131487889274 0.005108556832694764 0.00865051903114187
0 0.5485312899106003 0.4359861591695502 0.0038314176245210726 0.006920415224913495
0 0.5510855683269477 0.43166089965397925 0.001277139208173691 0.0017301038062283738
0 0.7707535121328225 0.42993079584775085 0.001277139208173691 0.0017301038062283738
0 0.7541507024265645 0.43079584775086505 0.001277139208173691 0.0034602076124567475
0 0.11302681992337164 0.42993079584775085 0.001277139208173691 0.0017301038062283738
0 0.7860791826309068 0.4290657439446367 0.001277139208173691 0.0034602076124567475
0 0.7860791826309068 0.42474048442906576 0.001277139208173691 0.0017301038062283738
0 0.9897828863346104 0.41782006920415227 0.002554278416347382 0.0017301038062283738
0 0.7068965517241379 0.41782006920415227 0.001277139208173691 0.0017301038062283738
0 0.7796934865900383 0.41608996539792387 0.001277139208173691 0.0017301038062283738
0 0.777139208173691 0.41608996539792387 0.001277139208173691 0.0017301038062283738
0 0.7745849297573435 0.41695501730103807 0.001277139208173691 0.0034602076124567475
0 0.5389527458492975 0.4186851211072664 0.005108556832694764 0.006920415224913495
0 0.5338441890166028 0.4204152249134948 0.007662835249042145 0.010380622837370242
0 0.9074074074074074 0.4143598615916955 0.001277139208173691 0.0017301038062283738
0 0.5306513409961686 0.4143598615916955 0.001277139208173691 0.0017301038062283738
0 0.6871008939974457 0.4117647058823529 0.005108556832694764 0.006920415224913495
0 0.9904214559386973 0.4022491349480969 0.001277139208173691 0.0017301038062283738
0 0.11302681992337164 0.39878892733564014 0.001277139208173691 0.0017301038062283738
0 0.44891443167305234 0.3953287197231834 0.001277139208173691 0.0017301038062283738
0 0.44572158365261816 0.3961937716262976 0.002554278416347382 0.0034602076124567475
0 0.8997445721583652 0.39186851211072665 0.001277139208173691 0.0017301038062283738
0 0.9802043422733078 0.39013840830449825 0.001277139208173691 0.0017301038062283738
0 0.8997445721583652 0.3884083044982699 0.001277139208173691 0.0017301038062283738
0 0.722860791826309 0.39100346020761245 0.005108556832694764 0.006920415224913495
0 0.11302681992337164 0.3866782006920415 0.001277139208173691 0.0017301038062283738
0 0.9303959131545338 0.38494809688581316 0.001277139208173691 0.0017301038062283738
0 0.9099616858237548 0.38321799307958476 0.001277139208173691 0.0017301038062283738
0 0.9125159642401022 0.3814878892733564 0.001277139208173691 0.0017301038062283738
0 0.4648786717752235 0.3806228373702422 0.002554278416347382 0.0034602076124567475
0 0.4616858237547893 0.38235294117647056 0.0038314176245210726 0.006920415224913495
0 0.9329501915708812 0.3806228373702422 0.0038314176245210726 0.006920415224913495
0 0.4118773946360153 0.3788927335640138 0.0038314176245210726 0.0034602076124567475
0 0.46998722860791825 0.3771626297577855 0.002554278416347382 0.0034602076124567475
0 0.4604086845466156 0.3762975778546713 0.001277139208173691 0.0017301038062283738
0 0.9112388250319284 0.3771626297577855 0.0038314176245210726 0.006920415224913495
0 0.5178799489144317 0.3745674740484429 0.001277139208173691 0.0017301038062283738
0 0.47445721583652617 0.3762975778546713 0.0038314176245210726 0.005190311418685121
0 0.46551724137931033 0.3754325259515571 0.006385696040868455 0.0034602076124567475
0 0.4272030651340996 0.3754325259515571 0.0038314176245210726 0.0034602076124567475
0 0.41315453384418904 0.3745674740484429 0.001277139208173691 0.0017301038062283738
0 0.4106002554278416 0.3745674740484429 0.001277139208173691 0.0017301038062283738
0 0.49233716475095785 0.3711072664359862 0.001277139208173691 0.0017301038062283738
0 0.933588761174968 0.3737024221453287 0.007662835249042145 0.010380622837370242
0 0.5229885057471264 0.3693771626297578 0.001277139208173691 0.0017301038062283738
0 0.7120051085568327 0.36678200692041524 0.0038314176245210726 0.006920415224913495
0 0.7145593869731801 0.3624567474048443 0.001277139208173691 0.0017301038062283738
0 0.9323116219667944 0.3633217993079585 0.005108556832694764 0.006920415224913495
0 0.1194125159642401 0.3607266435986159 0.001277139208173691 0.0017301038062283738
0 0.11494252873563218 0.3624567474048443 0.005108556832694764 0.005190311418685121
0 0.9891443167305236 0.35813148788927335 0.0038314176245210726 0.0034602076124567475
0 0.9904214559386973 0.3468858131487889 0.001277139208173691 0.0017301038062283738
0 0.6851851851851852 0.34342560553633217 0.001277139208173691 0.0017301038062283738
0 0.51213282247765 0.3416955017301038 0.002554278416347382 0.005190311418685121
0 0.7037037037037037 0.3399653979238754 0.002554278416347382 0.00865051903114187
0 0.5127713920817369 0.3356401384083045 0.0038314176245210726 0.0034602076124567475
0 0.3652618135376756 0.3356401384083045 0.005108556832694764 0.006920415224913495
0 0.13665389527458494 0.33391003460207613 0.002554278416347382 0.0034602076124567475
0 0.1334610472541507 0.33304498269896193 0.001277139208173691 0.0017301038062283738
0 0.1251596424010217 0.3356401384083045 0.005108556832694764 0.006920415224913495
0 0.9310344827586207 0.3313148788927336 0.002554278416347382 0.005190311418685121
0 0.6992337164750958 0.3209342560553633 0.001277139208173691 0.0017301038062283738
0 0.9827586206896551 0.32006920415224915 0.001277139208173691 0.0034602076124567475
0 0.3550446998722861 0.3217993079584775 0.005108556832694764 0.006920415224913495
0 0.14367816091954022 0.31920415224913495 0.001277139208173691 0.0017301038062283738
0 0.921455938697318 0.3157439446366782 0.001277139208173691 0.0017301038062283738
0 0.6749680715197957 0.3140138408304498 0.001277139208173691 0.0017301038062283738
0 0.5363984674329502 0.314878892733564 0.002554278416347382 0.006920415224913495
0 0.5395913154533845 0.31314878892733566 0.001277139208173691 0.006920415224913495
0 0.9802043422733078 0.3088235294117647 0.001277139208173691 0.0017301038062283738
0 0.9208173690932312 0.31055363321799306 0.002554278416347382 0.005190311418685121
0 0.9776500638569604 0.305363321799308 0.001277139208173691 0.0017301038062283738
0 0.975095785440613 0.305363321799308 0.001277139208173691 0.0017301038062283738
0 0.70242656449553 0.3079584775086505 0.005108556832694764 0.006920415224913495
0 0.5114942528735632 0.305363321799308 0.001277139208173691 0.0017301038062283738
0 0.6660280970625798 0.3027681660899654 0.0038314176245210726 0.0034602076124567475
0 0.14367816091954022 0.30190311418685123 0.001277139208173691 0.0017301038062283738
0 0.5389527458492975 0.3036332179930796 0.005108556832694764 0.00865051903114187
0 0.5217113665389528 0.2967128027681661 0.001277139208173691 0.0017301038062283738
0 0.9699872286079183 0.29325259515570934 0.001277139208173691 0.0017301038062283738
0 0.9674329501915708 0.291522491349481 0.001277139208173691 0.0017301038062283738
0 0.5389527458492975 0.29411764705882354 0.005108556832694764 0.006920415224913495
0 0.5236270753512133 0.29238754325259514 0.005108556832694764 0.0034602076124567475
0 0.34355044699872284 0.2880622837370242 0.007662835249042145 0.005190311418685121
0 0.33780332056194123 0.28633217993079585 0.001277139208173691 0.0017301038062283738
0 0.14559386973180077 0.2880622837370242 0.005108556832694764 0.005190311418685121
0 0.34674329501915707 0.2828719723183391 0.001277139208173691 0.0017301038062283738
0 0.34355044699872284 0.2820069204152249 0.002554278416347382 0.0034602076124567475
0 0.15389527458492977 0.27768166089965396 0.001277139208173691 0.0017301038062283738
0 0.14559386973180077 0.28027681660899656 0.005108556832694764 0.006920415224913495
0 0.6647509578544061 0.27076124567474047 0.001277139208173691 0.0017301038062283738
0 0.1641123882503193 0.2690311418685121 0.001277139208173691 0.0017301038062283738
0 0.6660280970625798 0.263840830449827 0.001277139208173691 0.0017301038062283738
0 0.5932311621966795 0.26211072664359863 0.001277139208173691 0.0017301038062283738
0 0.5606641123882503 0.26124567474048443 0.002554278416347382 0.0034602076124567475
0 0.35185185185185186 0.2569204152249135 0.001277139208173691 0.0017301038062283738
0 0.5485312899106003 0.24826989619377163 0.001277139208173691 0.0017301038062283738
0 0.5459770114942529 0.24653979238754326 0.001277139208173691 0.0017301038062283738
0 0.4061302681992337 0.24567474048442905 0.005108556832694764 0.006920415224913495
0 0.6264367816091954 0.23615916955017302 0.0038314176245210726 0.0017301038062283738
0 0.4821200510855683 0.23442906574394465 0.001277139208173691 0.0017301038062283738
0 0.4604086845466156 0.23442906574394465 0.001277139208173691 0.0017301038062283738
0 0.1641123882503193 0.23529411764705882 0.001277139208173691 0.0034602076124567475
0 0.4878671775223499 0.23356401384083045 0.005108556832694764 0.0034602076124567475
0 0.4789272030651341 0.23356401384083045 0.002554278416347382 0.0034602076124567475
0 0.4827586206896552 0.2309688581314879 0.002554278416347382 0.0017301038062283738
0 0.42656449553001274 0.23183391003460208 0.005108556832694764 0.006920415224913495
0 0.4610472541507024 0.22750865051903113 0.002554278416347382 0.005190311418685121
0 0.6085568326947637 0.22404844290657439 0.001277139208173691 0.0017301038062283738
0 0.6807151979565773 0.222318339100346 0.002554278416347382 0.0017301038062283738
0 0.45146871008939976 0.22058823529411764 0.001277139208173691 0.0017301038062283738
0 0.44316730523627074 0.22058823529411764 0.002554278416347382 0.0017301038062283738
0 0.1641123882503193 0.21193771626297578 0.001277139208173691 0.0017301038062283738
0 0.6666666666666666 0.21453287197231835 0.005108556832694764 0.01384083044982699
0 0.28033205619412516 0.20847750865051903 0.001277139208173691 0.0017301038062283738
0 0.27011494252873564 0.2102076124567474 0.0038314176245210726 0.005190311418685121
0 0.6513409961685823 0.20674740484429066 0.002554278416347382 0.0017301038062283738
0 0.6551724137931034 0.20588235294117646 0.002554278416347382 0.0034602076124567475
0 0.1743295019157088 0.20155709342560554 0.001277139208173691 0.0017301038062283738
0 0.28671775223499363 0.1980968858131488 0.001277139208173691 0.0017301038062283738
0 0.5791826309067688 0.1972318339100346 0.001277139208173691 0.0034602076124567475
0 0.24201787994891444 0.1980968858131488 0.0038314176245210726 0.005190311418685121
0 0.1768837803320562 0.1980968858131488 0.001277139208173691 0.005190311418685121
0 0.1743295019157088 0.19636678200692043 0.001277139208173691 0.0017301038062283738
0 0.5766283524904214 0.19463667820069205 0.001277139208173691 0.0017301038062283738
0 0.3390804597701149 0.19463667820069205 0.001277139208173691 0.0017301038062283738
0 0.3326947637292465 0.19463667820069205 0.001277139208173691 0.0017301038062283738
0 0.24584929757343552 0.19550173010380623 0.0038314176245210726 0.0034602076124567475
0 0.5957854406130269 0.18252595155709342 0.001277139208173691 0.0017301038062283738
0 0.6615581098339719 0.18339100346020762 0.005108556832694764 0.006920415224913495
0 0.6532567049808429 0.18079584775086505 0.001277139208173691 0.0017301038062283738
0 0.644316730523627 0.18166089965397925 0.006385696040868455 0.0034602076124567475
0 0.6392081736909323 0.18079584775086505 0.001277139208173691 0.0017301038062283738
0 0.6366538952745849 0.18079584775086505 0.001277139208173691 0.0017301038062283738
0 0.6111111111111112 0.16868512110726644 0.001277139208173691 0.0017301038062283738
0 0.603448275862069 0.16868512110726644 0.001277139208173691 0.0017301038062283738
0 0.623882503192848 0.16695501730103807 0.001277139208173691 0.0017301038062283738
0 0.6187739463601533 0.16695501730103807 0.001277139208173691 0.0017301038062283738
0 0.6149425287356322 0.16695501730103807 0.001277139208173691 0.0017301038062283738
0 0.3607918263090677 0.16695501730103807 0.001277139208173691 0.0017301038062283738
0 0.35823754789272033 0.16782006920415224 0.001277139208173691 0.0034602076124567475
0 0.36909323116219667 0.1522491349480969 0.002554278416347382 0.0034602076124567475
0 0.37037037037037035 0.14792387543252594 0.002554278416347382 0.0017301038062283738
0 0.36845466155810985 0.1444636678200692 0.001277139208173691 0.0017301038062283738
0 0.35823754789272033 0.1375432525951557 0.001277139208173691 0.0017301038062283738
0 0.36334610472541506 0.13062283737024222 0.001277139208173691 0.0017301038062283738
0 0.35823754789272033 0.12629757785467127 0.001277139208173691 0.0034602076124567475
0 0.49616858237547895 0.11332179930795848 0.006385696040868455 0.005190311418685121
0 0.4904214559386973 0.11245674740484429 0.002554278416347382 0.0034602076124567475
0 0.4872286079182631 0.11245674740484429 0.001277139208173691 0.0034602076124567475
0 0.38633461047254153 0.1115916955017301 0.001277139208173691 0.0017301038062283738
0 0.37611749680715195 0.1115916955017301 0.001277139208173691 0.0017301038062283738
0 0.4386973180076628 0.10294117647058823 0.001277139208173691 0.0017301038062283738
0 0.47956577266922096 0.08737024221453288 0.001277139208173691 0.0017301038062283738
0 0.4399744572158365 0.07698961937716263 0.001277139208173691 0.0017301038062283738
0 0.46296296296296297 0.07006920415224914 0.0038314176245210726 0.0017301038062283738
0 0.5102171136653896 0.4982698961937716 0.979565772669221 0.9134948096885813
