0 0.9622448979591837 0.992436974789916 0.0020408163265306124 0.0016806722689075631
0 0.9622448979591837 0.9882352941176471 0.0020408163265306124 0.0033613445378151263
0 0.7693877551020408 0.9789915966386554 0.004081632653061225 0.005042016806722689
0 0.9734693877551021 0.973109243697479 0.004081632653061225 0.0033613445378151263
0 0.9785714285714285 0.9705882352941176 0.0020408163265306124 0.0016806722689075631
0 0.9826530612244898 0.9537815126050421 0.0020408163265306124 0.0016806722689075631
0 0.7683673469387755 0.9420168067226891 0.0020408163265306124 0.0016806722689075631
0 0.9948979591836735 0.9403361344537815 0.0020408163265306124 0.0016806722689075631
0 0.9948979591836735 0.9302521008403362 0.0020408163265306124 0.0016806722689075631
0 0.386734693877551 0.9134453781512605 0.0020408163265306124 0.0016806722689075631
0 0.3693877551020408 0.9134453781512605 0.004081632653061225 0.0016806722689075631
0 0.30918367346938774 0.9134453781512605 0.0020408163265306124 0.0016806722689075631
0 0.29489795918367345 0.9134453781512605 0.0020408163265306124 0.0016806722689075631
0 0.28877551020408165 0.9134453781512605 0.0020408163265306124 0.0016806722689075631
0 0.39081632653061227 0.9126050420168067 0.0020408163265306124 0.0033613445378151263
0 0.30306122448979594 0.9126050420168067 0.006122448979591836 0.0033613445378151263
0 0.2969387755102041 0.9100840336134454 0.0020408163265306124 0.0016806722689075631
0 0.2816326530612245 0.9117647058823529 0.00816326530612245 0.005042016806722689
0 0.2836734693877551 0.9058823529411765 0.012244897959183673 0.010084033613445379
0 0.42346938775510207 0.9 0.0020408163265306124 0.0016806722689075631
0 0.4142857142857143 0.8949579831932774 0.004081632653061225 0.0016806722689075631
0 0.4193877551020408 0.8966386554621849 0.01020408163265306 0.008403361344537815
0 0.2795918367346939 0.8949579831932774 0.004081632653061225 0.011764705882352941
0 0.44081632653061226 0.8865546218487395 0.004081632653061225 0.0016806722689075631
0 0.27755102040816326 0.8865546218487395 0.004081632653061225 0.0016806722689075631
0 0.25816326530612244 0.8865546218487395 0.0020408163265306124 0.0016806722689075631
0 0.25 0.8865546218487395 0.0020408163265306124 0.0016806722689075631
0 0.27448979591836736 0.8831932773109243 0.0020408163265306124 0.0016806722689075631
0 0.4561224489795918 0.8781512605042017 0.0020408163265306124 0.0016806722689075631
0 0.4785714285714286 0.873109243697479 0.0020408163265306124 0.0016806722689075631
0 0.4857142857142857 0.8714285714285714 0.00816326530612245 0.005042016806722689
0 0.986734693877551 0.8630252100840337 0.0020408163265306124 0.0016806722689075631
0 0.48367346938775513 0.865546218487395 0.012244897959183673 0.010084033613445379
0 0.2173469387755102 0.8588235294117647 0.01020408163265306 0.0033613445378151263
0 0.2153061224489796 0.8546218487394958 0.0020408163265306124 0.0016806722689075631
0 0.20510204081632652 0.8453781512605042 0.006122448979591836 0.0033613445378151263
0 0.19795918367346937 0.8453781512605042 0.004081632653061225 0.0033613445378151263
0 0.2030612244897959 0.8428571428571429 0.0020408163265306124 0.0016806722689075631
0 0.5193877551020408 0.83109243697479 0.006122448979591836 0.005042016806722689
0 0.5153061224489796 0.8260504201680672 0.0020408163265306124 0.0016806722689075631
0 0.19081632653061226 0.819327731092437 0.0020408163265306124 0.0016806722689075631
0 0.5377551020408163 0.8058823529411765 0.0020408163265306124 0.0016806722689075631
0 0.17448979591836736 0.8058823529411765 0.0020408163265306124 0.0016806722689075631
0 0.1673469387755102 0.8042016806722689 0.00816326530612245 0.005042016806722689
0 0.5530612244897959 0.7915966386554621 0.004081632653061225 0.0033613445378151263
0 0.16428571428571428 0.7907563025210084 0.0020408163265306124 0.0016806722689075631
0 0.5540816326530612 0.7873949579831933 0.0020408163265306124 0.0016806722689075631
0 0.8816326530612245 0.8831932773109243 0.22857142857142856 0.2235294117647059
0 0.7846938775510204 0.7705882352941177 0.0020408163265306124 0.0016806722689075631
0 0.9755102040816327 0.7697478991596639 0.00816326530612245 0.0067226890756302525
0 0.9683673469387755 0.7714285714285715 0.01020408163265306 0.010084033613445379
0 0.7918367346938775 0.7697478991596639 0.012244897959183673 0.0067226890756302525
0 0.1510204081632653 0.773109243697479 0.00816326530612245 0.013445378151260505
0 0.573469387755102 0.7512605042016807 0.004081632653061225 0.0033613445378151263
0 0.5836734693877551 0.7504201680672269 0.00816326530612245 0.005042016806722689
0 0.13979591836734695 0.7504201680672269 0.006122448979591836 0.005042016806722689
0 0.1346938775510204 0.7453781512605042 0.00816326530612245 0.015126050420168067
0 0.6 0.7361344537815127 0.00816326530612245 0.0067226890756302525
0 0.1489795918367347 0.7235294117647059 0.004081632653061225 0.0016806722689075631
0 0.14795918367346939 0.7 0.0020408163265306124 0.0016806722689075631
0 0.6357142857142857 0.6966386554621848 0.0020408163265306124 0.0016806722689075631
0 0.6316326530612245 0.692436974789916 0.006122448979591836 0.0067226890756302525
0 0.6346938775510204 0.6873949579831933 0.004081632653061225 0.0067226890756302525
0 0.14795918367346939 0.6848739495798319 0.0020408163265306124 0.0016806722689075631
0 0.6357142857142857 0.6764705882352942 0.0020408163265306124 0.0016806722689075631
0 0.1489795918367347 0.6789915966386555 0.004081632653061225 0.0067226890756302525
0 0.14795918367346939 0.6697478991596638 0.0020408163265306124 0.0016806722689075631
0 0.6520408163265307 0.6680672268907563 0.0020408163265306124 0.0016806722689075631
0 0.65 0.6336134453781512 0.006122448979591836 0.0033613445378151263
0 0.6193877551020408 0.6260504201680672 0.0020408163265306124 0.0016806722689075631
0 0.1377551020408163 0.6285714285714286 0.014285714285714285 0.0067226890756302525
0 0.13163265306122449 0.6176470588235294 0.0020408163265306124 0.0016806722689075631
0 0.12346938775510204 0.6168067226890757 0.006122448979591836 0.0033613445378151263
0 0.11632653061224489 0.6168067226890757 0.004081632653061225 0.0033613445378151263
0 0.12142857142857143 0.6142857142857143 0.0020408163265306124 0.0016806722689075631
0 0.6163265306122448 0.6084033613445378 0.00816326530612245 0.0067226890756302525
0 0.10714285714285714 0.5890756302521009 0.0020408163265306124 0.0016806722689075631
0 0.6030612244897959 0.5823529411764706 0.0020408163265306124 0.0016806722689075631
0 0.09897959183673469 0.5823529411764706 0.0020408163265306124 0.0016806722689075631
0 0.10306122448979592 0.5789915966386555 0.0020408163265306124 0.0016806722689075631
0 0.09897959183673469 0.5756302521008403 0.0020408163265306124 0.0016806722689075631
0 0.6 0.5672268907563025 0.00816326530612245 0.005042016806722689
0 0.5897959183673469 0.5663865546218487 0.004081632653061225 0.0033613445378151263
0 0.5867346938775511 0.5436974789915966 0.0020408163265306124 0.0016806722689075631
0 0.06938775510204082 0.5470588235294118 0.00816326530612245 0.008403361344537815
0 0.5857142857142857 0.5394957983193277 0.004081632653061225 0.0033613445378151263
0 0.5897959183673469 0.5369747899159664 0.004081632653061225 0.0016806722689075631
0 0.053061224489795916 0.534453781512605 0.00816326530612245 0.0067226890756302525
0 0.560204081632653 0.5260504201680672 0.0020408163265306124 0.0033613445378151263
0 0.5561224489795918 0.5252100840336135 0.0020408163265306124 0.0016806722689075631
0 0.11836734693877551 0.5294117647058824 0.0163265306122449 0.010084033613445379
0 0.11530612244897959 0.5235294117647059 0.0020408163265306124 0.0016806722689075631
0 0.053061224489795916 0.5260504201680672 0.00816326530612245 0.0067226890756302525
0 0.05612244897959184 0.5218487394957984 0.0020408163265306124 0.0016806722689075631
0 0.09693877551020408 0.5184873949579832 0.0020408163265306124 0.0016806722689075631
0 0.17244897959183675 0.5134453781512605 0.006122448979591836 0.005042016806722689
0 0.09693877551020408 0.5117647058823529 0.0020408163265306124 0.0016806722689075631
0 0.5663265306122449 0.5100840336134453 0.0020408163265306124 0.0016806722689075631
0 0.04591836734693878 0.5100840336134453 0.0020408163265306124 0.0016806722689075631
0 0.04285714285714286 0.5084033613445378 0.004081632653061225 0.005042016806722689
0 0.03571428571428571 0.5067226890756302 0.006122448979591836 0.005042016806722689
0 0.6520408163265307 0.5033613445378151 0.0020408163265306124 0.0016806722689075631
0 0.55 0.5016806722689076 0.0020408163265306124 0.0016806722689075631
0 0.03979591836734694 0.5 0.0020408163265306124 0.0016806722689075631
0 0.6510204081632653 0.4991596638655462 0.004081632653061225 0.0033613445378151263
0 0.5489795918367347 0.49831932773109244 0.004081632653061225 0.0016806722689075631
0 0.6336734693877552 0.49747899159663866 0.006122448979591836 0.0033613445378151263
0 0.560204081632653 0.5016806722689076 0.014285714285714285 0.011764705882352941
0 0.5561224489795918 0.4966386554621849 0.0020408163265306124 0.0016806722689075631
0 0.5377551020408163 0.49747899159663866 0.0020408163265306124 0.0033613445378151263
0 0.6357142857142857 0.49327731092436977 0.0020408163265306124 0.0016806722689075631
0 0.5581632653061225 0.49327731092436977 0.0020408163265306124 0.0016806722689075631
0 0.6673469387755102 0.49327731092436977 0.004081632653061225 0.005042016806722689
0 0.6551020408163265 0.49327731092436977 0.004081632653061225 0.005042016806722689
0 0.5622448979591836 0.49159663865546216 0.0020408163265306124 0.0016806722689075631
0 0.6336734693877552 0.4899159663865546 0.0020408163265306124 0.0016806722689075631
0 0.6612244897959184 0.4899159663865546 0.012244897959183673 0.005042016806722689
0 0.6357142857142857 0.4865546218487395 0.0020408163265306124 0.0016806722689075631
0 0.04285714285714286 0.48739495798319327 0.004081632653061225 0.0033613445378151263
0 0.5591836734693878 0.48739495798319327 0.00816326530612245 0.0067226890756302525
0 0.523469387755102 0.4857142857142857 0.006122448979591836 0.0033613445378151263
0 0.036734693877551024 0.4865546218487395 0.00816326530612245 0.005042016806722689
0 0.6724489795918367 0.4823529411764706 0.0020408163265306124 0.0033613445378151263
0 0.24591836734693878 0.4764705882352941 0.0020408163265306124 0.0016806722689075631
0 0.19693877551020408 0.4764705882352941 0.0020408163265306124 0.0016806722689075631
0 0.6377551020408163 0.473109243697479 0.0020408163265306124 0.0016806722689075631
0 0.23775510204081632 0.4714285714285714 0.0020408163265306124 0.0016806722689075631
0 0.2010204081632653 0.4714285714285714 0.0020408163265306124 0.0016806722689075631
0 0.19693877551020408 0.4714285714285714 0.0020408163265306124 0.0016806722689075631
0 0.5683673469387756 0.4689075630252101 0.0020408163265306124 0.0033613445378151263
0 0.2510204081632653 0.4638655462184874 0.004081632653061225 0.0033613445378151263
0 0.24591836734693878 0.46302521008403363 0.0020408163265306124 0.0016806722689075631
0 0.2826530612244898 0.45966386554621846 0.0020408163265306124 0.0016806722689075631
0 0.6744897959183673 0.4579831932773109 0.006122448979591836 0.0016806722689075631
0 0.5020408163265306 0.45966386554621846 0.00816326530612245 0.005042016806722689
0 0.49489795918367346 0.4579831932773109 0.0020408163265306124 0.0016806722689075631
0 0.25612244897959185 0.4579831932773109 0.0020408163265306124 0.0016806722689075631
0 0.2510204081632653 0.45966386554621846 0.00816326530612245 0.005042016806722689
0 0.17448979591836736 0.45630252100840335 0.0020408163265306124 0.0016806722689075631
0 0.5653061224489796 0.45546218487394957 0.004081632653061225 0.0033613445378151263
0 0.21122448979591837 0.4546218487394958 0.0020408163265306124 0.0016806722689075631
0 0.16938775510204082 0.4546218487394958 0.00816326530612245 0.005042016806722689
0 0.16428571428571428 0.4512605042016807 0.0020408163265306124 0.0016806722689075631
0 0.16938775510204082 0.4504201680672269 0.004081632653061225 0.0033613445378151263
0 0.560204081632653 0.4504201680672269 0.006122448979591836 0.0067226890756302525
0 0.20714285714285716 0.4504201680672269 0.006122448979591836 0.0067226890756302525
0 0.6622448979591836 0.446218487394958 0.0020408163265306124 0.0016806722689075631
0 0.5561224489795918 0.446218487394958 0.0020408163265306124 0.0016806722689075631
0 0.6683673469387755 0.4445378151260504 0.0020408163265306124 0.0016806722689075631
0 0.33163265306122447 0.44537815126050423 0.006122448979591836 0.0033613445378151263
0 0.30918367346938774 0.44537815126050423 0.0020408163265306124 0.0033613445378151263
0 0.16020408163265307 0.44285714285714284 0.0020408163265306124 0.0016806722689075631
0 0.20204081632653062 0.4436974789915966 0.004081632653061225 0.0067226890756302525
0 0.1510204081632653 0.44201680672268906 0.00816326530612245 0.0033613445378151263
0 0.21020408163265306 0.4436974789915966 0.004081632653061225 0.010084033613445379
0 0.15918367346938775 0.4394957983193277 0.004081632653061225 0.0016806722689075631
0 0.20714285714285716 0.4369747899159664 0.006122448979591836 0.0067226890756302525
0 0.21122448979591837 0.4327731092436975 0.0020408163265306124 0.0016806722689075631
0 0.3469387755102041 0.4336134453781513 0.00816326530612245 0.0067226890756302525
0 0.14285714285714285 0.4294117647058823 0.004081632653061225 0.0016806722689075631
0 0.13673469387755102 0.42773109243697477 0.004081632653061225 0.0016806722689075631
0 0.13163265306122449 0.42773109243697477 0.0020408163265306124 0.0016806722689075631
0 0.5581632653061225 0.4260504201680672 0.0020408163265306124 0.0016806722689075631
0 0.363265306122449 0.42857142857142855 0.00816326530612245 0.0067226890756302525
0 0.37857142857142856 0.4226890756302521 0.0020408163265306124 0.0016806722689075631
0 0.6520408163265307 0.42100840336134454 0.0020408163265306124 0.0016806722689075631
0 0.5377551020408163 0.42100840336134454 0.0020408163265306124 0.0016806722689075631
0 0.363265306122449 0.42016806722689076 0.00816326530612245 0.0067226890756302525
0 0.6316326530612245 0.41596638655462187 0.0020408163265306124 0.0016806722689075631
0 0.5520408163265306 0.41596638655462187 0.0020408163265306124 0.0016806722689075631
0 0.2193877551020408 0.41596638655462187 0.0020408163265306124 0.0016806722689075631
0 0.12755102040816327 0.41596638655462187 0.0020408163265306124 0.0016806722689075631
0 0.2755102040816326 0.4151260504201681 0.004081632653061225 0.0033613445378151263
0 0.26224489795918365 0.4151260504201681 0.006122448979591836 0.0033613445378151263
0 0.2897959183673469 0.4134453781512605 0.00816326530612245 0.0067226890756302525
0 0.11530612244897959 0.40252100840336136 0.0020408163265306124 0.0016806722689075631
0 0.376530612244898 0.39747899159663863 0.0020408163265306124 0.0016806722689075631
0 0.37244897959183676 0.38907563025210085 0.0020408163265306124 0.0016806722689075631
0 0.6357142857142857 0.380672268907563 0.0020408163265306124 0.0016806722689075631
0 0.6336734693877552 0.3773109243697479 0.0020408163265306124 0.0016806722689075631
0 0.1663265306122449 0.3722689075630252 0.006122448979591836 0.008403361344537815
0 0.36020408163265305 0.3663865546218487 0.0020408163265306124 0.0033613445378151263
0 0.6 0.36554621848739494 0.00816326530612245 0.005042016806722689
0 0.5928571428571429 0.3638655462184874 0.0020408163265306124 0.0016806722689075631
0 0.27346938775510204 0.3663865546218487 0.00816326530612245 0.0067226890756302525
0 0.36020408163265305 0.3621848739495798 0.0020408163265306124 0.0016806722689075631
0 0.1673469387755102 0.36470588235294116 0.00816326530612245 0.0067226890756302525
0 0.14183673469387756 0.3621848739495798 0.0020408163265306124 0.0016806722689075631
0 0.1346938775510204 0.36050420168067226 0.00816326530612245 0.005042016806722689
0 0.5816326530612245 0.3588235294117647 0.012244897959183673 0.011764705882352941
0 0.2602040816326531 0.3521008403361345 0.0020408163265306124 0.0016806722689075631
0 0.5836734693877551 0.3521008403361345 0.00816326530612245 0.005042016806722689
0 0.576530612244898 0.35042016806722687 0.0020408163265306124 0.0016806722689075631
0 0.3173469387755102 0.34705882352941175 0.01020408163265306 0.005042016806722689
0 0.1326530612244898 0.34705882352941175 0.004081632653061225 0.005042016806722689
0 0.5693877551020409 0.3403361344537815 0.004081632653061225 0.0016806722689075631
0 0.3122448979591837 0.3420168067226891 0.004081632653061225 0.008403361344537815
0 0.2571428571428571 0.33865546218487397 0.00816326530612245 0.005042016806722689
0 0.25 0.3369747899159664 0.0020408163265306124 0.0016806722689075631
0 0.23775510204081632 0.3369747899159664 0.0020408163265306124 0.0016806722689075631
0 0.22755102040816327 0.32857142857142857 0.0020408163265306124 0.0016806722689075631
0 0.5540816326530612 0.326890756302521 0.0020408163265306124 0.0016806722689075631
0 0.5510204081632653 0.32521008403361346 0.004081632653061225 0.005042016806722689
0 0.2479591836734694 0.32100840336134456 0.0020408163265306124 0.0033613445378151263
0 0.11734693877551021 0.31932773109243695 0.006122448979591836 0.0067226890756302525
0 0.11122448979591837 0.30840336134453783 0.0020408163265306124 0.0016806722689075631
0 0.28061224489795916 0.30756302521008405 0.006122448979591836 0.0033613445378151263
0 0.10408163265306122 0.3033613445378151 0.012244897959183673 0.011764705882352941
0 0.2724489795918367 0.2949579831932773 0.0020408163265306124 0.0016806722689075631
0 0.2795918367346939 0.27647058823529413 0.00816326530612245 0.008403361344537815
0 0.2724489795918367 0.27310924369747897 0.0020408163265306124 0.0016806722689075631
0 0.5540816326530612 0.2714285714285714 0.0020408163265306124 0.0016806722689075631
0 0.55 0.2680672268907563 0.0020408163265306124 0.0016806722689075631
0 0.2785714285714286 0.26638655462184874 0.0020408163265306124 0.0016806722689075631
0 0.5540816326530612 0.2647058823529412 0.0020408163265306124 0.0016806722689075631
0 0.2673469387755102 0.2672268907563025 0.012244897959183673 0.0067226890756302525
0 0.29489795918367345 0.2647058823529412 0.006122448979591836 0.005042016806722689
0 0.27653061224489794 0.2630252100840336 0.0020408163265306124 0.0016806722689075631
0 0.5459183673469388 0.25798319327731095 0.0020408163265306124 0.0016806722689075631
0 0.09591836734693877 0.253781512605042 0.004081632653061225 0.0033613445378151263
0 0.08571428571428572 0.2529411764705882 0.00816326530612245 0.005042016806722689
0 0.5377551020408163 0.24285714285714285 0.0020408163265306124 0.0016806722689075631
0 0.19591836734693877 0.2361344537815126 0.004081632653061225 0.0016806722689075631
0 0.19489795918367347 0.23277310924369748 0.0020408163265306124 0.0016806722689075631
0 0.5255102040816326 0.22941176470588234 0.0020408163265306124 0.0016806722689075631
0 0.3357142857142857 0.23025210084033612 0.0020408163265306124 0.0033613445378151263
0 0.3142857142857143 0.2319327731092437 0.00816326530612245 0.0067226890756302525
0 0.32755102040816325 0.22605042016806723 0.0020408163265306124 0.0016806722689075631
0 0.0663265306122449 0.22436974789915967 0.0020408163265306124 0.0016806722689075631
0 0.3306122448979592 0.2235294117647059 0.004081632653061225 0.0033613445378151263
0 0.32857142857142857 0.2184873949579832 0.004081632653061225 0.0033613445378151263
0 0.5193877551020408 0.21932773109243697 0.006122448979591836 0.008403361344537815
0 0.19285714285714287 0.21680672268907564 0.006122448979591836 0.0033613445378151263
0 0.3193877551020408 0.21428571428571427 0.0020408163265306124 0.0016806722689075631
0 0.3153061224489796 0.21428571428571427 0.0020408163265306124 0.0016806722689075631
0 0.3112244897959184 0.21092436974789916 0.0020408163265306124 0.0016806722689075631
0 0.17755102040816326 0.2042016806722689 0.004081632653061225 0.0016806722689075631
0 0.5051020408163265 0.1991596638655462 0.0020408163265306124 0.0016806722689075631
0 0.3112244897959184 0.1991596638655462 0.0020408163265306124 0.0016806722689075631
0 0.17857142857142858 0.1991596638655462 0.0020408163265306124 0.0016806722689075631
0 0.17448979591836736 0.1991596638655462 0.0020408163265306124 0.0016806722689075631
0 0.3153061224489796 0.19663865546218487 0.0020408163265306124 0.0033613445378151263
0 0.3112244897959184 0.1957983193277311 0.0020408163265306124 0.0016806722689075631
0 0.0663265306122449 0.1957983193277311 0.0020408163265306124 0.0016806722689075631
0 0.2969387755102041 0.18739495798319328 0.0020408163265306124 0.0016806722689075631
0 0.4887755102040816 0.1773109243697479 0.0020408163265306124 0.0016806722689075631
0 0.0663265306122449 0.17563025210084032 0.0020408163265306124 0.0016806722689075631
0 0.4826530612244898 0.16554621848739495 0.0020408163265306124 0.0016806722689075631
0 0.16122448979591836 0.16554621848739495 0.004081632653061225 0.0016806722689075631
0 0.48775510204081635 0.16302521008403362 0.004081632653061225 0.0033613445378151263
0 0.4806122448979592 0.16302521008403362 0.006122448979591836 0.0033613445378151263
0 0.29489795918367345 0.16050420168067228 0.0020408163265306124 0.0016806722689075631
0 0.47244897959183674 0.1588235294117647 0.0020408163265306124 0.0016806722689075631
0 0.15918367346938775 0.16050420168067228 0.00816326530612245 0.008403361344537815
0 0.2642857142857143 0.14705882352941177 0.0020408163265306124 0.0016806722689075631
0 0.15918367346938775 0.15042016806722688 0.00816326530612245 0.008403361344537815
0 0.4714285714285714 0.1361344537815126 0.004081632653061225 0.0033613445378151263
0 0.20510204081632652 0.13361344537815126 0.0020408163265306124 0.0016806722689075631
0 0.12959183673469388 0.126890756302521 0.0020408163265306124 0.0016806722689075631
0 0.12448979591836734 0.12773109243697478 0.004081632653061225 0.0033613445378151263
0 0.2673469387755102 0.1319327731092437 0.012244897959183673 0.015126050420168067
0 0.4561224489795918 0.12352941176470589 0.0020408163265306124 0.0016806722689075631
0 0.45102040816326533 0.12352941176470589 0.004081632653061225 0.0016806722689075631
0 0.4448979591836735 0.12184873949579832 0.004081632653061225 0.0016806722689075631
0 0.1520408163265306 0.12605042016806722 0.01020408163265306 0.010084033613445379
0 0.12448979591836734 0.12352941176470589 0.00816326530612245 0.005042016806722689
0 0.11938775510204082 0.12184873949579832 0.0020408163265306124 0.0016806722689075631
0 0.10408163265306122 0.12605042016806722 0.00816326530612245 0.010084033613445379
0 0.17959183673469387 0.28907563025210087 0.22857142857142856 0.33613445378151263
0 0.43979591836734694 0.12016806722689076 0.0020408163265306124 0.0016806722689075631
0 0.25612244897959185 0.12016806722689076 0.006122448979591836 0.0016806722689075631
0 0.1663265306122449 0.10168067226890756 0.0020408163265306124 0.0016806722689075631
0 0.43979591836734694 0.1 0.0020408163265306124 0.0016806722689075631
0 0.16428571428571428 0.09831932773109243 0.0020408163265306124 0.0016806722689075631
0 0.43979591836734694 0.09663865546218488 0.0020408163265306124 0.0016806722689075631
0 0.1653061224489796 0.08739495798319327 0.004081632653061225 0.0033613445378151263
0 0.16428571428571428 0.08319327731092437 0.0020408163265306124 0.0016806722689075631
0 0.3979591836734694 0.08151260504201681 0.004081632653061225 0.0016806722689075631
0 0.1653061224489796 0.07815126050420168 0.004081632653061225 0.005042016806722689
0 0.1683673469387755 0.07394957983193277 0.006122448979591836 0.0067226890756302525
0 0.16428571428571428 0.06974789915966387 0.0020408163265306124 0.0016806722689075631
0 0.37551020408163266 0.06890756302521009 0.00816326530612245 0.0033613445378151263
0 0.3683673469387755 0.0680672268907563 0.0020408163265306124 0.0016806722689075631
0 0.23877551020408164 0.06554621848739496 0.004081632653061225 0.0033613445378151263
0 0.18979591836734694 0.06218487394957983 0.004081632653061225 0.0033613445378151263
0 0.35 0.05966386554621849 0.0020408163265306124 0.0016806722689075631
0 0.2336734693877551 0.06050420168067227 0.006122448979591836 0.0067226890756302525
0 0.18061224489795918 0.05798319327731093 0.0020408163265306124 0.0016806722689075631
0 0.3469387755102041 0.05546218487394958 0.004081632653061225 0.0033613445378151263
0 0.2602040816326531 0.0546218487394958 0.0020408163265306124 0.0016806722689075631
0 0.19081632653061226 0.05630252100840336 0.014285714285714285 0.005042016806722689
0 0.18061224489795918 0.0546218487394958 0.0020408163265306124 0.0016806722689075631
0 0.35918367346938773 0.4773109243697479 0.6530612244897959 0.8739495798319328
