0 0.6143092105263158 0.972663139329806 0.001644736842105263 0.001763668430335097
0 0.578125 0.9708994708994709 0.001644736842105263 0.001763668430335097
0 0.6085526315789473 0.9708994708994709 0.006578947368421052 0.005291005291005291
0 0.47286184210526316 0.9691358024691358 0.001644736842105263 0.001763668430335097
0 0.6546052631578947 0.9700176366843033 0.006578947368421052 0.007054673721340388
0 0.578125 0.9664902998236331 0.001644736842105263 0.003527336860670194
0 0.35773026315789475 0.9620811287477954 0.004934210526315789 0.005291005291005291
0 0.3569078947368421 0.9567901234567902 0.003289473684210526 0.001763668430335097
0 0.5427631578947368 0.9559082892416225 0.006578947368421052 0.007054673721340388
0 0.41036184210526316 0.9479717813051146 0.001644736842105263 0.001763668430335097
0 0.40707236842105265 0.9479717813051146 0.001644736842105263 0.001763668430335097
0 0.3988486842105263 0.9462081128747796 0.001644736842105263 0.001763668430335097
0 0.39226973684210525 0.9462081128747796 0.001644736842105263 0.001763668430335097
0 0.38569078947368424 0.9479717813051146 0.008223684210526315 0.005291005291005291
0 0.37911184210526316 0.9462081128747796 0.001644736842105263 0.001763668430335097
0 0.3717105263157895 0.9462081128747796 0.003289473684210526 0.001763668430335097
0 0.35773026315789475 0.9453262786596119 0.001644736842105263 0.003527336860670194
0 0.3511513157894737 0.9444444444444444 0.001644736842105263 0.001763668430335097
0 0.5238486842105263 0.9435626102292769 0.004934210526315789 0.003527336860670194
0 0.4975328947368421 0.9435626102292769 0.001644736842105263 0.003527336860670194
0 0.3659539473684211 0.9462081128747796 0.008223684210526315 0.008818342151675485
0 0.35855263157894735 0.9409171075837742 0.003289473684210526 0.001763668430335097
0 0.34539473684210525 0.9426807760141094 0.006578947368421052 0.005291005291005291
0 0.35444078947368424 0.9391534391534392 0.001644736842105263 0.001763668430335097
0 0.6060855263157895 0.935626102292769 0.001644736842105263 0.001763668430335097
0 0.6430921052631579 0.9329805996472663 0.003289473684210526 0.003527336860670194
0 0.6175986842105263 0.9338624338624338 0.011513157894736841 0.005291005291005291
0 0.631578947368421 0.9523809523809523 0.05263157894736842 0.042328042328042326
0 0.5254934210526315 0.9320987654320988 0.001644736842105263 0.001763668430335097
0 0.3470394736842105 0.935626102292769 0.009868421052631578 0.012345679012345678
0 0.33305921052631576 0.9303350970017636 0.001644736842105263 0.001763668430335097
0 0.2524671052631579 0.9303350970017636 0.001644736842105263 0.001763668430335097
0 0.32976973684210525 0.9294532627865961 0.001644736842105263 0.003527336860670194
0 0.3125 0.9294532627865961 0.003289473684210526 0.003527336860670194
0 0.28536184210526316 0.9268077601410935 0.001644736842105263 0.001763668430335097
0 0.25082236842105265 0.9268077601410935 0.001644736842105263 0.001763668430335097
0 0.31414473684210525 0.9250440917107584 0.003289473684210526 0.001763668430335097
0 0.2746710526315789 0.927689594356261 0.01644736842105263 0.007054673721340388
0 0.2574013157894737 0.9250440917107584 0.001644736842105263 0.001763668430335097
0 0.25082236842105265 0.9232804232804233 0.001644736842105263 0.001763668430335097
0 0.5115131578947368 0.9197530864197531 0.003289473684210526 0.001763668430335097
0 0.4597039473684211 0.917989417989418 0.001644736842105263 0.001763668430335097
0 0.45148026315789475 0.9206349206349206 0.008223684210526315 0.007054673721340388
0 0.7672697368421053 0.9162257495590829 0.001644736842105263 0.001763668430335097
0 0.3692434210526316 0.9162257495590829 0.001644736842105263 0.001763668430335097
0 0.17351973684210525 0.9162257495590829 0.001644736842105263 0.001763668430335097
0 0.7779605263157895 0.9153439153439153 0.003289473684210526 0.003527336860670194
0 0.7639802631578947 0.9153439153439153 0.001644736842105263 0.003527336860670194
0 0.6077302631578947 0.9153439153439153 0.004934210526315789 0.003527336860670194
0 0.3939144736842105 0.9144620811287478 0.001644736842105263 0.001763668430335097
0 0.3873355263157895 0.9153439153439153 0.008223684210526315 0.003527336860670194
0 0.37417763157894735 0.9153439153439153 0.004934210526315789 0.003527336860670194
0 0.23273026315789475 0.9144620811287478 0.001644736842105263 0.001763668430335097
0 0.22779605263157895 0.9144620811287478 0.001644736842105263 0.001763668430335097
0 0.3824013157894737 0.9126984126984127 0.001644736842105263 0.001763668430335097
0 0.5756578947368421 0.9126984126984127 0.006578947368421052 0.005291005291005291
0 0.3782894736842105 0.9126984126984127 0.003289473684210526 0.005291005291005291
0 0.2138157894736842 0.9135802469135802 0.006578947368421052 0.007054673721340388
0 0.5764802631578947 0.9091710758377425 0.001644736842105263 0.001763668430335097
0 0.3881578947368421 0.91005291005291 0.003289473684210526 0.003527336860670194
0 0.5074013157894737 0.9074074074074074 0.001644736842105263 0.001763668430335097
0 0.24013157894736842 0.9118165784832452 0.009868421052631578 0.010582010582010581
0 0.22039473684210525 0.9118165784832452 0.009868421052631578 0.010582010582010581
0 0.578125 0.9056437389770723 0.001644736842105263 0.001763668430335097
0 0.39226973684210525 0.908289241622575 0.004934210526315789 0.007054673721340388
0 0.5699013157894737 0.9038800705467372 0.001644736842105263 0.001763668430335097
0 0.537828947368421 0.9047619047619048 0.003289473684210526 0.003527336860670194
0 0.5115131578947368 0.9047619047619048 0.003289473684210526 0.003527336860670194
0 0.5057565789473685 0.9047619047619048 0.004934210526315789 0.003527336860670194
0 0.36430921052631576 0.9021164021164021 0.001644736842105263 0.001763668430335097
0 0.1669407894736842 0.9021164021164021 0.004934210526315789 0.001763668430335097
0 0.19572368421052633 0.900352733686067 0.003289473684210526 0.005291005291005291
0 0.4144736842105263 0.8968253968253969 0.003289473684210526 0.001763668430335097
0 0.20230263157894737 0.8985890652557319 0.009868421052631578 0.008818342151675485
0 0.4909539473684211 0.8932980599647267 0.001644736842105263 0.001763668430335097
0 0.5526315789473685 0.9312169312169312 0.05263157894736842 0.08465608465608465
0 0.4967105263157895 0.892416225749559 0.006578947368421052 0.007054673721340388
0 0.9991776315789473 0.8880070546737213 0.001644736842105263 0.001763668430335097
0 0.3527960526315789 0.8880070546737213 0.001644736842105263 0.001763668430335097
0 0.9950657894736842 0.8871252204585538 0.003289473684210526 0.003527336860670194
0 0.8018092105263158 0.8862433862433863 0.001644736842105263 0.001763668430335097
0 0.48601973684210525 0.8862433862433863 0.001644736842105263 0.001763668430335097
0 0.6307565789473685 0.8809523809523809 0.001644736842105263 0.001763668430335097
0 0.6307565789473685 0.8774250440917107 0.001644736842105263 0.001763668430335097
0 0.9745065789473685 0.8756613756613757 0.001644736842105263 0.001763668430335097
0 0.618421052631579 0.8959435626102292 0.02631578947368421 0.042328042328042326
0 0.9983552631578947 0.873015873015873 0.003289473684210526 0.003527336860670194
0 0.9745065789473685 0.8721340388007055 0.001644736842105263 0.001763668430335097
0 0.13486842105263158 0.8712522045855379 0.006578947368421052 0.007054673721340388
0 0.7771381578947368 0.8668430335097002 0.001644736842105263 0.001763668430335097
0 0.48601973684210525 0.8668430335097002 0.001644736842105263 0.001763668430335097
0 0.4819078947368421 0.8677248677248677 0.003289473684210526 0.003527336860670194
0 0.3692434210526316 0.8650793650793651 0.001644736842105263 0.001763668430335097
0 0.7787828947368421 0.8624338624338624 0.004934210526315789 0.003527336860670194
0 0.4819078947368421 0.86331569664903 0.006578947368421052 0.005291005291005291
0 0.4777960526315789 0.8615520282186949 0.001644736842105263 0.001763668430335097
0 0.7574013157894737 0.8597883597883598 0.001644736842105263 0.001763668430335097
0 0.7508223684210527 0.8597883597883598 0.001644736842105263 0.001763668430335097
0 0.7458881578947368 0.8597883597883598 0.001644736842105263 0.001763668430335097
0 0.8141447368421053 0.8536155202821869 0.003289473684210526 0.007054673721340388
0 0.790296052631579 0.8492063492063492 0.001644736842105263 0.001763668430335097
0 0.47286184210526316 0.8403880070546738 0.001644736842105263 0.001763668430335097
0 0.4037828947368421 0.8350970017636684 0.001644736842105263 0.001763668430335097
0 0.3560855263157895 0.8350970017636684 0.001644736842105263 0.001763668430335097
0 0.9868421052631579 0.8606701940035273 0.02631578947368421 0.0564373897707231
0 0.9810855263157895 0.8350970017636684 0.008223684210526315 0.005291005291005291
0 0.9745065789473685 0.8333333333333334 0.001644736842105263 0.001763668430335097
0 0.3338815789473684 0.8359788359788359 0.003289473684210526 0.007054673721340388
0 0.6735197368421053 0.8315696649029982 0.001644736842105263 0.001763668430335097
0 0.48601973684210525 0.8315696649029982 0.001644736842105263 0.001763668430335097
0 0.14391447368421054 0.8315696649029982 0.001644736842105263 0.001763668430335097
0 0.8018092105263158 0.8298059964726632 0.001644736842105263 0.001763668430335097
0 0.11924342105263158 0.8298059964726632 0.001644736842105263 0.001763668430335097
0 0.3692434210526316 0.828042328042328 0.001644736842105263 0.001763668430335097
0 0.8018092105263158 0.826278659611993 0.001644736842105263 0.001763668430335097
0 0.11924342105263158 0.826278659611993 0.001644736842105263 0.001763668430335097
0 0.6726973684210527 0.8209876543209876 0.003289473684210526 0.001763668430335097
0 0.48519736842105265 0.8245149911816578 0.003289473684210526 0.008818342151675485
0 0.3692434210526316 0.8209876543209876 0.001644736842105263 0.001763668430335097
0 0.709703947368421 0.8121693121693122 0.001644736842105263 0.001763668430335097
0 0.7639802631578947 0.8068783068783069 0.001644736842105263 0.001763668430335097
0 0.671875 0.8068783068783069 0.001644736842105263 0.001763668430335097
0 0.3930921052631579 0.8059964726631393 0.003289473684210526 0.003527336860670194
0 0.11924342105263158 0.8051146384479718 0.001644736842105263 0.001763668430335097
0 0.515625 0.8033509700176367 0.001644736842105263 0.001763668430335097
0 0.13240131578947367 0.8033509700176367 0.001644736842105263 0.001763668430335097
0 0.5509868421052632 0.8015873015873016 0.003289473684210526 0.001763668430335097
0 0.522203947368421 0.8024691358024691 0.001644736842105263 0.003527336860670194
0 0.5074013157894737 0.8024691358024691 0.001644736842105263 0.003527336860670194
0 0.5041118421052632 0.7998236331569665 0.001644736842105263 0.001763668430335097
0 0.5074013157894737 0.7980599647266314 0.001644736842105263 0.001763668430335097
0 0.772203947368421 0.791005291005291 0.001644736842105263 0.001763668430335097
0 0.4498355263157895 0.791005291005291 0.001644736842105263 0.001763668430335097
0 0.828125 0.7892416225749559 0.001644736842105263 0.001763668430335097
0 0.7763157894736842 0.8518518518518519 0.07894736842105263 0.13051146384479717
0 0.7771381578947368 0.7883597883597884 0.004934210526315789 0.003527336860670194
0 0.3149671052631579 0.7874779541446209 0.001644736842105263 0.001763668430335097
0 0.828125 0.7857142857142857 0.001644736842105263 0.001763668430335097
0 0.8207236842105263 0.7874779541446209 0.009868421052631578 0.005291005291005291
0 0.4375 0.7883597883597884 0.006578947368421052 0.010582010582010581
0 0.8166118421052632 0.7821869488536155 0.001644736842105263 0.001763668430335097
0 0.8207236842105263 0.781305114638448 0.003289473684210526 0.003527336860670194
0 0.4621710526315789 0.781305114638448 0.003289473684210526 0.003527336860670194
0 0.4432565789473684 0.7865961199294532 0.008223684210526315 0.014109347442680775
0 0.8042763157894737 0.7698412698412699 0.003289473684210526 0.008818342151675485
0 0.6833881578947368 0.7663139329805997 0.001644736842105263 0.001763668430335097
0 0.3001644736842105 0.7689594356261023 0.004934210526315789 0.007054673721340388
0 0.7870065789473685 0.7627865961199295 0.001644736842105263 0.001763668430335097
0 0.6833881578947368 0.7627865961199295 0.001644736842105263 0.001763668430335097
0 0.6907894736842105 0.7971781305114638 0.039473684210526314 0.07054673721340388
0 0.29605263157894735 0.7645502645502645 0.003289473684210526 0.005291005291005291
0 0.28536184210526316 0.7627865961199295 0.001644736842105263 0.001763668430335097
0 0.7828947368421053 0.7610229276895943 0.003289473684210526 0.001763668430335097
0 0.12006578947368421 0.7627865961199295 0.003289473684210526 0.005291005291005291
0 0.2870065789473684 0.7592592592592593 0.001644736842105263 0.001763668430335097
0 0.7820723684210527 0.7574955908289241 0.001644736842105263 0.001763668430335097
0 0.4350328947368421 0.7574955908289241 0.001644736842105263 0.001763668430335097
0 0.8519736842105263 0.7583774250440917 0.006578947368421052 0.007054673721340388
0 0.8495065789473685 0.753968253968254 0.001644736842105263 0.001763668430335097
0 0.852796052631579 0.7522045855379189 0.001644736842105263 0.001763668430335097
0 0.7623355263157895 0.7522045855379189 0.001644736842105263 0.001763668430335097
0 0.2878289473684211 0.753968253968254 0.003289473684210526 0.005291005291005291
0 0.2886513157894737 0.7486772486772487 0.001644736842105263 0.001763668430335097
0 0.12088815789473684 0.7486772486772487 0.001644736842105263 0.001763668430335097
0 0.8544407894736842 0.7477954144620811 0.001644736842105263 0.003527336860670194
0 0.7606907894736842 0.7477954144620811 0.004934210526315789 0.003527336860670194
0 0.5649671052631579 0.7469135802469136 0.001644736842105263 0.001763668430335097
0 0.8067434210526315 0.746031746031746 0.001644736842105263 0.003527336860670194
0 0.11924342105263158 0.7451499118165785 0.001644736842105263 0.001763668430335097
0 0.5271381578947368 0.7433862433862434 0.001644736842105263 0.001763668430335097
0 0.7697368421052632 0.7433862433862434 0.006578947368421052 0.005291005291005291
0 0.4350328947368421 0.7416225749559083 0.001644736842105263 0.001763668430335097
0 0.5633223684210527 0.7354497354497355 0.004934210526315789 0.003527336860670194
0 0.11266447368421052 0.7310405643738977 0.001644736842105263 0.001763668430335097
0 0.522203947368421 0.7266313932980599 0.004934210526315789 0.007054673721340388
0 0.10608552631578948 0.7239858906525574 0.001644736842105263 0.001763668430335097
0 0.7401315789473685 0.7231040564373897 0.006578947368421052 0.007054673721340388
0 0.5493421052631579 0.7222222222222222 0.006578947368421052 0.005291005291005291
0 0.5435855263157895 0.7204585537918872 0.001644736842105263 0.001763668430335097
0 0.5337171052631579 0.7204585537918872 0.001644736842105263 0.001763668430335097
0 0.45148026315789475 0.7204585537918872 0.001644736842105263 0.001763668430335097
0 0.44819078947368424 0.7213403880070547 0.001644736842105263 0.003527336860670194
0 0.8577302631578947 0.7178130511463845 0.001644736842105263 0.003527336860670194
0 0.8445723684210527 0.716931216931217 0.008223684210526315 0.008818342151675485
0 0.5123355263157895 0.7134038800705468 0.001644736842105263 0.001763668430335097
0 0.4654605263157895 0.7125220458553791 0.003289473684210526 0.003527336860670194
0 0.4613486842105263 0.7116402116402116 0.001644736842105263 0.001763668430335097
0 0.8412828947368421 0.7098765432098766 0.001644736842105263 0.001763668430335097
0 0.509046052631579 0.7107583774250441 0.004934210526315789 0.003527336860670194
0 0.5106907894736842 0.7063492063492064 0.001644736842105263 0.001763668430335097
0 0.5074013157894737 0.7063492063492064 0.001644736842105263 0.001763668430335097
0 0.4868421052631579 0.7072310405643739 0.009868421052631578 0.003527336860670194
0 0.46957236842105265 0.7063492063492064 0.001644736842105263 0.001763668430335097
0 0.4654605263157895 0.7081128747795414 0.006578947368421052 0.005291005291005291
0 0.9202302631578947 0.6887125220458554 0.001644736842105263 0.001763668430335097
0 0.2886513157894737 0.6887125220458554 0.001644736842105263 0.001763668430335097
0 0.8083881578947368 0.6834215167548501 0.001644736842105263 0.001763668430335097
0 0.9169407894736842 0.6843033509700176 0.004934210526315789 0.007054673721340388
0 0.8799342105263158 0.6825396825396826 0.003289473684210526 0.003527336860670194
0 0.8067434210526315 0.6807760141093474 0.004934210526315789 0.003527336860670194
0 0.9194078947368421 0.6798941798941799 0.003289473684210526 0.005291005291005291
0 0.912828947368421 0.6790123456790124 0.003289473684210526 0.003527336860670194
0 0.8807565789473685 0.6781305114638448 0.001644736842105263 0.001763668430335097
0 0.8774671052631579 0.6781305114638448 0.001644736842105263 0.001763668430335097
0 0.6800986842105263 0.6781305114638448 0.001644736842105263 0.001763668430335097
0 0.884046052631579 0.6763668430335097 0.001644736842105263 0.001763668430335097
0 0.7171052631578947 0.6763668430335097 0.003289473684210526 0.001763668430335097
0 0.22121710526315788 0.6728395061728395 0.001644736842105263 0.001763668430335097
0 0.07976973684210527 0.6728395061728395 0.001644736842105263 0.001763668430335097
0 0.8050986842105263 0.6666666666666666 0.008223684210526315 0.007054673721340388
0 0.7976973684210527 0.6649029982363316 0.003289473684210526 0.003527336860670194
0 0.8108552631578947 0.7292768959435626 0.14802631578947367 0.13227513227513227
0 0.7771381578947368 0.6640211640211641 0.001644736842105263 0.001763668430335097
0 0.9202302631578947 0.6604938271604939 0.001644736842105263 0.001763668430335097
0 0.2754934210526316 0.6587301587301587 0.001644736842105263 0.001763668430335097
0 0.2738486842105263 0.6552028218694885 0.001644736842105263 0.001763668430335097
0 0.08470394736842106 0.6534391534391535 0.001644736842105263 0.001763668430335097
0 0.2754934210526316 0.6516754850088183 0.001644736842105263 0.001763668430335097
0 0.9161184210526315 0.6534391534391535 0.009868421052631578 0.008818342151675485
0 0.6842105263157895 0.691358024691358 0.07894736842105263 0.08465608465608465
0 0.6981907894736842 0.6525573192239859 0.001644736842105263 0.007054673721340388
0 0.24753289473684212 0.6507936507936508 0.001644736842105263 0.003527336860670194
0 0.0805921052631579 0.6525573192239859 0.003289473684210526 0.007054673721340388
0 0.07976973684210527 0.6428571428571429 0.001644736842105263 0.001763668430335097
0 0.9202302631578947 0.6340388007054674 0.001644736842105263 0.001763668430335097
0 0.9169407894736842 0.6340388007054674 0.001644736842105263 0.001763668430335097
0 0.8314144736842105 0.6340388007054674 0.001644736842105263 0.001763668430335097
0 0.9194078947368421 0.6296296296296297 0.003289473684210526 0.003527336860670194
0 0.23601973684210525 0.626984126984127 0.001644736842105263 0.001763668430335097
0 0.8305921052631579 0.6234567901234568 0.003289473684210526 0.001763668430335097
0 0.8297697368421053 0.6199294532627866 0.001644736842105263 0.001763668430335097
0 0.9202302631578947 0.609347442680776 0.001644736842105263 0.001763668430335097
0 0.23355263157894737 0.6128747795414462 0.006578947368421052 0.012345679012345678
0 0.23519736842105263 0.6049382716049383 0.003289473684210526 0.007054673721340388
0 0.17351973684210525 0.5970017636684304 0.001644736842105263 0.001763668430335097
0 0.8379934210526315 0.5934744268077602 0.001644736842105263 0.001763668430335097
0 0.8322368421052632 0.5952380952380952 0.006578947368421052 0.005291005291005291
0 0.26726973684210525 0.5934744268077602 0.001644736842105263 0.001763668430335097
0 0.9325657894736842 0.58994708994709 0.003289473684210526 0.001763668430335097
0 0.15707236842105263 0.58994708994709 0.001644736842105263 0.001763668430335097
0 0.18503289473684212 0.5846560846560847 0.001644736842105263 0.001763668430335097
0 0.15378289473684212 0.5855379188712522 0.004934210526315789 0.007054673721340388
0 0.2730263157894737 0.5802469135802469 0.003289473684210526 0.003527336860670194
0 0.14967105263157895 0.5802469135802469 0.003289473684210526 0.003527336860670194
0 0.2754934210526316 0.5758377425044092 0.001644736842105263 0.001763668430335097
0 0.9235197368421053 0.5740740740740741 0.001644736842105263 0.001763668430335097
0 0.25082236842105265 0.5705467372134039 0.001644736842105263 0.001763668430335097
0 0.25082236842105265 0.5670194003527337 0.001644736842105263 0.001763668430335097
0 0.19325657894736842 0.5652557319223986 0.001644736842105263 0.001763668430335097
0 0.18585526315789475 0.5661375661375662 0.003289473684210526 0.003527336860670194
0 0.9514802631578947 0.5634920634920635 0.004934210526315789 0.001763668430335097
0 0.24917763157894737 0.5634920634920635 0.001644736842105263 0.001763668430335097
0 0.1981907894736842 0.5634920634920635 0.001644736842105263 0.001763668430335097
0 0.9358552631578947 0.562610229276896 0.003289473684210526 0.003527336860670194
0 0.15542763157894737 0.5617283950617284 0.004934210526315789 0.005291005291005291
0 0.8453947368421053 0.5537918871252204 0.006578947368421052 0.007054673721340388
0 0.20970394736842105 0.5440917107583775 0.001644736842105263 0.001763668430335097
0 0.20559210526315788 0.544973544973545 0.003289473684210526 0.003527336860670194
0 0.2738486842105263 0.5458553791887125 0.004934210526315789 0.008818342151675485
0 0.1981907894736842 0.5405643738977073 0.001644736842105263 0.001763668430335097
0 0.013980263157894737 0.5405643738977073 0.001644736842105263 0.001763668430335097
0 0.8692434210526315 0.5370370370370371 0.001644736842105263 0.001763668430335097
0 0.1981907894736842 0.5370370370370371 0.001644736842105263 0.001763668430335097
0 0.01644736842105263 0.5343915343915344 0.006578947368421052 0.010582010582010581
0 0.8873355263157895 0.5264550264550265 0.001644736842105263 0.001763668430335097
0 0.2746710526315789 0.5255731922398589 0.003289473684210526 0.003527336860670194
0 0.8881578947368421 0.5229276895943563 0.003289473684210526 0.001763668430335097
0 0.8832236842105263 0.5255731922398589 0.003289473684210526 0.007054673721340388
0 0.21134868421052633 0.5123456790123457 0.001644736842105263 0.001763668430335097
0 0.14226973684210525 0.5105820105820106 0.001644736842105263 0.001763668430335097
0 0.13815789473684212 0.5114638447971781 0.003289473684210526 0.003527336860670194
0 0.13404605263157895 0.5105820105820106 0.001644736842105263 0.001763668430335097
0 0.9087171052631579 0.5088183421516755 0.001644736842105263 0.001763668430335097
0 0.017269736842105265 0.5167548500881834 0.008223684210526315 0.021164021164021163
0 0.13075657894736842 0.5052910052910053 0.001644736842105263 0.001763668430335097
0 0.017269736842105265 0.5044091710758377 0.008223684210526315 0.007054673721340388
0 0.3034539473684211 0.4929453262786596 0.001644736842105263 0.001763668430335097
0 0.3001644736842105 0.4929453262786596 0.001644736842105263 0.001763668430335097
0 0.15460526315789475 0.49029982363315694 0.006578947368421052 0.007054673721340388
0 0.027138157894736843 0.48853615520282184 0.001644736842105263 0.003527336860670194
0 0.029605263157894735 0.4858906525573192 0.003289473684210526 0.005291005291005291
0 0.17023026315789475 0.47883597883597884 0.001644736842105263 0.001763668430335097
0 0.18832236842105263 0.47178130511463845 0.001644736842105263 0.001763668430335097
0 0.2524671052631579 0.47001763668430335 0.001644736842105263 0.001763668430335097
0 0.946546052631579 0.4673721340388007 0.004934210526315789 0.003527336860670194
0 0.26069078947368424 0.4673721340388007 0.004934210526315789 0.003527336860670194
0 0.22615131578947367 0.46649029982363316 0.001644736842105263 0.001763668430335097
0 0.48273026315789475 0.46472663139329806 0.001644736842105263 0.001763668430335097
0 0.46957236842105265 0.46472663139329806 0.001644736842105263 0.001763668430335097
0 0.49917763157894735 0.46296296296296297 0.001644736842105263 0.001763668430335097
0 0.2582236842105263 0.46296296296296297 0.003289473684210526 0.001763668430335097
0 0.17023026315789475 0.46296296296296297 0.001644736842105263 0.001763668430335097
0 0.46381578947368424 0.46296296296296297 0.006578947368421052 0.005291005291005291
0 0.24342105263157895 0.46296296296296297 0.003289473684210526 0.005291005291005291
0 0.18914473684210525 0.4585537918871252 0.003289473684210526 0.003527336860670194
0 0.18503289473684212 0.4576719576719577 0.001644736842105263 0.001763668430335097
0 0.16858552631578946 0.4585537918871252 0.001644736842105263 0.003527336860670194
0 0.49588815789473684 0.4585537918871252 0.004934210526315789 0.007054673721340388
0 0.2393092105263158 0.4585537918871252 0.004934210526315789 0.007054673721340388
0 0.17023026315789475 0.4541446208112875 0.001644736842105263 0.001763668430335097
0 0.19325657894736842 0.4523809523809524 0.001644736842105263 0.001763668430335097
0 0.18914473684210525 0.4541446208112875 0.006578947368421052 0.005291005291005291
0 0.3149671052631579 0.4506172839506173 0.001644736842105263 0.001763668430335097
0 0.22450657894736842 0.4506172839506173 0.001644736842105263 0.001763668430335097
0 0.21628289473684212 0.4506172839506173 0.001644736842105263 0.001763668430335097
0 0.20888157894736842 0.4532627865961199 0.006578947368421052 0.007054673721340388
0 0.4917763157894737 0.4514991181657848 0.003289473684210526 0.007054673721340388
0 0.49835526315789475 0.4514991181657848 0.003289473684210526 0.010582010582010581
0 0.16940789473684212 0.4488536155202822 0.003289473684210526 0.005291005291005291
0 0.9457236842105263 0.445326278659612 0.003289473684210526 0.008818342151675485
0 0.49588815789473684 0.4444444444444444 0.004934210526315789 0.007054673721340388
0 0.31414473684210525 0.4444444444444444 0.003289473684210526 0.007054673721340388
0 0.49917763157894735 0.4400352733686067 0.001644736842105263 0.001763668430335097
0 0.946546052631579 0.4382716049382716 0.001644736842105263 0.001763668430335097
0 0.3149671052631579 0.4382716049382716 0.001644736842105263 0.001763668430335097
0 0.9613486842105263 0.4365079365079365 0.001644736842105263 0.001763668430335097
0 0.21134868421052633 0.4365079365079365 0.001644736842105263 0.001763668430335097
0 0.1768092105263158 0.4365079365079365 0.001644736842105263 0.001763668430335097
0 0.9613486842105263 0.4329805996472663 0.001644736842105263 0.001763668430335097
0 0.19407894736842105 0.43386243386243384 0.006578947368421052 0.007054673721340388
0 0.9449013157894737 0.4312169312169312 0.004934210526315789 0.005291005291005291
0 0.47944078947368424 0.42416225749559083 0.001644736842105263 0.001763668430335097
0 0.4786184210526316 0.4444444444444444 0.03618421052631579 0.042328042328042326
0 0.4629934210526316 0.42504409171075835 0.004934210526315789 0.003527336860670194
0 0.04358552631578947 0.42504409171075835 0.004934210526315789 0.003527336860670194
0 0.03782894736842105 0.42504409171075835 0.003289473684210526 0.003527336860670194
0 0.028782894736842105 0.42504409171075835 0.004934210526315789 0.003527336860670194
0 0.05345394736842105 0.42328042328042326 0.001644736842105263 0.003527336860670194
0 0.8963815789473685 0.42151675485008816 0.003289473684210526 0.003527336860670194
0 0.9416118421052632 0.41710758377425045 0.001644736842105263 0.001763668430335097
0 0.19325657894736842 0.41622574955908287 0.004934210526315789 0.007054673721340388
0 0.884046052631579 0.40828924162257496 0.001644736842105263 0.001763668430335097
0 0.20476973684210525 0.40828924162257496 0.001644736842105263 0.001763668430335097
0 0.20148026315789475 0.40652557319223986 0.001644736842105263 0.001763668430335097
0 0.13898026315789475 0.40652557319223986 0.001644736842105263 0.001763668430335097
0 0.9835526315789473 0.4074074074074074 0.006578947368421052 0.007054673721340388
0 0.8824013157894737 0.40476190476190477 0.001644736842105263 0.001763668430335097
0 0.06825657894736842 0.4056437389770723 0.004934210526315789 0.003527336860670194
0 0.17598684210526316 0.4038800705467372 0.003289473684210526 0.003527336860670194
0 0.1356907894736842 0.40299823633156967 0.001644736842105263 0.001763668430335097
0 0.06661184210526316 0.4012345679012346 0.001644736842105263 0.001763668430335097
0 0.18338815789473684 0.3994708994708995 0.001644736842105263 0.001763668430335097
0 0.9835526315789473 0.3985890652557319 0.006578947368421052 0.007054673721340388
0 0.18338815789473684 0.3959435626102293 0.001644736842105263 0.001763668430335097
0 0.17598684210526316 0.3977072310405644 0.009868421052631578 0.005291005291005291
0 0.13075657894736842 0.3959435626102293 0.001644736842105263 0.001763668430335097
0 0.8741776315789473 0.3941798941798942 0.001644736842105263 0.001763668430335097
0 0.8700657894736842 0.3941798941798942 0.003289473684210526 0.001763668430335097
0 0.359375 0.3941798941798942 0.001644736842105263 0.001763668430335097
0 0.8692434210526315 0.390652557319224 0.001644736842105263 0.001763668430335097
0 0.9728618421052632 0.3871252204585538 0.001644736842105263 0.001763668430335097
0 0.96875 0.3880070546737213 0.003289473684210526 0.003527336860670194
0 0.15542763157894737 0.3871252204585538 0.001644736842105263 0.001763668430335097
0 0.1513157894736842 0.3871252204585538 0.003289473684210526 0.001763668430335097
0 0.14720394736842105 0.3871252204585538 0.001644736842105263 0.001763668430335097
0 0.8717105263157895 0.3862433862433862 0.003289473684210526 0.003527336860670194
0 0.07319078947368421 0.3853615520282187 0.001644736842105263 0.001763668430335097
0 0.06661184210526316 0.3853615520282187 0.001644736842105263 0.001763668430335097
0 0.15542763157894737 0.3835978835978836 0.001644736842105263 0.001763668430335097
0 0.1513157894736842 0.3835978835978836 0.003289473684210526 0.001763668430335097
0 0.14720394736842105 0.3835978835978836 0.001644736842105263 0.001763668430335097
0 0.3560855263157895 0.3818342151675485 0.001644736842105263 0.001763668430335097
0 0.2870065789473684 0.3818342151675485 0.001644736842105263 0.001763668430335097
0 0.20230263157894737 0.3818342151675485 0.003289473684210526 0.001763668430335097
0 0.1981907894736842 0.3818342151675485 0.001644736842105263 0.001763668430335097
0 0.07319078947368421 0.3818342151675485 0.001644736842105263 0.001763668430335097
0 0.06990131578947369 0.3818342151675485 0.001644736842105263 0.001763668430335097
0 0.9860197368421053 0.3765432098765432 0.001644736842105263 0.001763668430335097
0 0.9835526315789473 0.3783068783068783 0.003289473684210526 0.005291005291005291
0 0.21134868421052633 0.373015873015873 0.001644736842105263 0.001763668430335097
0 0.3355263157894737 0.36596119929453264 0.003289473684210526 0.001763668430335097
0 0.6833881578947368 0.36507936507936506 0.001644736842105263 0.003527336860670194
0 0.3347039473684211 0.36243386243386244 0.001644736842105263 0.001763668430335097
0 0.0805921052631579 0.36507936507936506 0.003289473684210526 0.007054673721340388
0 0.3305921052631579 0.36331569664902996 0.003289473684210526 0.007054673721340388
0 0.8692434210526315 0.35890652557319225 0.001644736842105263 0.001763668430335097
0 0.08305921052631579 0.35978835978835977 0.004934210526315789 0.007054673721340388
0 0.07976973684210527 0.35537918871252205 0.001644736842105263 0.001763668430335097
0 0.14391447368421054 0.35185185185185186 0.001644736842105263 0.001763668430335097
0 0.7088815789473685 0.3509700176366843 0.003289473684210526 0.003527336860670194
0 0.9860197368421053 0.34832451499118167 0.001644736842105263 0.001763668430335097
0 0.709703947368421 0.34656084656084657 0.001644736842105263 0.001763668430335097
0 0.671875 0.3412698412698413 0.001644736842105263 0.001763668430335097
0 0.3807565789473684 0.3395061728395062 0.001644736842105263 0.001763668430335097
0 0.3379934210526316 0.3395061728395062 0.001644736842105263 0.001763668430335097
0 0.33223684210526316 0.3412698412698413 0.006578947368421052 0.005291005291005291
0 0.2730263157894737 0.3412698412698413 0.006578947368421052 0.005291005291005291
0 0.26069078947368424 0.3395061728395062 0.001644736842105263 0.001763668430335097
0 0.14226973684210525 0.3403880070546737 0.004934210526315789 0.003527336860670194
0 0.10608552631578948 0.3403880070546737 0.001644736842105263 0.003527336860670194
0 0.6620065789473685 0.3377425044091711 0.001644736842105263 0.001763668430335097
0 0.6587171052631579 0.3368606701940035 0.001644736842105263 0.003527336860670194
0 0.709703947368421 0.3342151675485009 0.001644736842105263 0.001763668430335097
0 0.21299342105263158 0.3324514991181658 0.001644736842105263 0.001763668430335097
0 0.24917763157894737 0.3306878306878307 0.001644736842105263 0.001763668430335097
0 0.984375 0.3315696649029982 0.004934210526315789 0.007054673721340388
0 0.12911184210526316 0.3315696649029982 0.004934210526315789 0.007054673721340388
0 0.24917763157894737 0.3271604938271605 0.001644736842105263 0.001763668430335097
0 0.3675986842105263 0.3253968253968254 0.001644736842105263 0.001763668430335097
0 0.3618421052631579 0.35978835978835977 0.06578947368421052 0.07054673721340388
0 0.125 0.3271604938271605 0.003289473684210526 0.005291005291005291
0 0.6537828947368421 0.3236331569664903 0.001644736842105263 0.001763668430335097
0 0.24588815789473684 0.3218694885361552 0.001644736842105263 0.001763668430335097
0 0.2138157894736842 0.32451499118165783 0.006578947368421052 0.010582010582010581
0 0.6570723684210527 0.318342151675485 0.001644736842105263 0.001763668430335097
0 0.5822368421052632 0.32098765432098764 0.006578947368421052 0.007054673721340388
0 0.21463815789473684 0.31746031746031744 0.004934210526315789 0.007054673721340388
0 0.21134868421052633 0.31305114638447973 0.001644736842105263 0.001763668430335097
0 0.6932565789473685 0.31128747795414463 0.001644736842105263 0.001763668430335097
0 0.6899671052631579 0.31128747795414463 0.001644736842105263 0.001763668430335097
0 0.24917763157894737 0.31128747795414463 0.001644736842105263 0.001763668430335097
0 0.22286184210526316 0.31128747795414463 0.001644736842105263 0.001763668430335097
0 0.7754934210526315 0.30952380952380953 0.001644736842105263 0.001763668430335097
0 0.765625 0.30952380952380953 0.001644736842105263 0.001763668430335097
0 0.22450657894736842 0.30423280423280424 0.001644736842105263 0.001763668430335097
0 0.8560855263157895 0.29717813051146386 0.001644736842105263 0.001763668430335097
0 0.24424342105263158 0.29894179894179895 0.008223684210526315 0.005291005291005291
0 0.2894736842105263 0.6349206349206349 0.5526315789473685 0.6772486772486772
0 0.2294407894736842 0.29717813051146386 0.001644736842105263 0.001763668430335097
0 0.22697368421052633 0.2998236331569665 0.006578947368421052 0.007054673721340388
0 0.8445723684210527 0.29541446208112876 0.001644736842105263 0.001763668430335097
0 0.7886513157894737 0.29541446208112876 0.001644736842105263 0.001763668430335097
0 0.3042763157894737 0.29365079365079366 0.003289473684210526 0.001763668430335097
0 0.7993421052631579 0.29188712522045857 0.006578947368421052 0.008818342151675485
0 0.7425986842105263 0.29188712522045857 0.011513157894736841 0.008818342151675485
0 0.5682565789473685 0.29188712522045857 0.004934210526315789 0.008818342151675485
0 0.84375 0.2848324514991182 0.003289473684210526 0.001763668430335097
0 0.8125 0.281305114638448 0.003289473684210526 0.001763668430335097
0 0.6998355263157895 0.281305114638448 0.001644736842105263 0.001763668430335097
0 0.8174342105263158 0.2804232804232804 0.003289473684210526 0.003527336860670194
0 0.2787828947368421 0.2804232804232804 0.001644736842105263 0.003527336860670194
0 0.3100328947368421 0.2777777777777778 0.001644736842105263 0.001763668430335097
0 0.6932565789473685 0.2786596119929453 0.008223684210526315 0.007054673721340388
0 0.5682565789473685 0.2742504409171076 0.001644736842105263 0.001763668430335097
0 0.3149671052631579 0.2689594356261023 0.001644736842105263 0.001763668430335097
0 0.3001644736842105 0.2689594356261023 0.001644736842105263 0.001763668430335097
0 0.296875 0.2671957671957672 0.001644736842105263 0.001763668430335097
0 0.27713815789473684 0.263668430335097 0.001644736842105263 0.001763668430335097
0 0.3001644736842105 0.263668430335097 0.004934210526315789 0.005291005291005291
0 0.5550986842105263 0.2583774250440917 0.004934210526315789 0.005291005291005291
0 0.5583881578947368 0.25485008818342153 0.001644736842105263 0.001763668430335097
0 0.8141447368421053 0.24691358024691357 0.003289473684210526 0.003527336860670194
0 0.8050986842105263 0.24426807760141092 0.001644736842105263 0.001763668430335097
0 0.8133223684210527 0.24162257495590828 0.004934210526315789 0.003527336860670194
0 0.8067434210526315 0.24074074074074073 0.001644736842105263 0.001763668430335097
0 0.7820723684210527 0.24074074074074073 0.001644736842105263 0.001763668430335097
0 0.28536184210526316 0.24074074074074073 0.001644736842105263 0.001763668430335097
0 0.27960526315789475 0.24250440917107582 0.006578947368421052 0.005291005291005291
0 0.540296052631579 0.23897707231040563 0.001644736842105263 0.001763668430335097
0 0.3149671052631579 0.23544973544973544 0.001644736842105263 0.001763668430335097
0 0.7754934210526315 0.2292768959435626 0.001644736842105263 0.007054673721340388
0 0.7639802631578947 0.22663139329805995 0.001644736842105263 0.001763668430335097
0 0.6899671052631579 0.2275132275132275 0.001644736842105263 0.003527336860670194
0 0.3067434210526316 0.22663139329805995 0.001644736842105263 0.001763668430335097
0 0.3034539473684211 0.22663139329805995 0.001644736842105263 0.001763668430335097
0 0.29605263157894735 0.26102292768959434 0.039473684210526314 0.07054673721340388
0 0.8133223684210527 0.22486772486772486 0.001644736842105263 0.001763668430335097
0 0.2754934210526316 0.22486772486772486 0.001644736842105263 0.001763668430335097
0 0.6833881578947368 0.22310405643738976 0.001644736842105263 0.001763668430335097
0 0.2713815789473684 0.2239858906525573 0.003289473684210526 0.003527336860670194
0 0.6833881578947368 0.21957671957671956 0.001644736842105263 0.001763668430335097
0 0.9695723684210527 0.21252204585537918 0.001644736842105263 0.001763668430335097
0 0.727796052631579 0.21252204585537918 0.001644736842105263 0.001763668430335097
0 0.7516447368421053 0.21164021164021163 0.003289473684210526 0.003527336860670194
0 0.540296052631579 0.2072310405643739 0.001644736842105263 0.001763668430335097
0 0.9350328947368421 0.2001763668430335 0.001644736842105263 0.001763668430335097
0 0.7508223684210527 0.2001763668430335 0.001644736842105263 0.001763668430335097
0 0.8248355263157895 0.1966490299823633 0.001644736842105263 0.001763668430335097
0 0.7491776315789473 0.1966490299823633 0.001644736842105263 0.001763668430335097
0 0.7376644736842105 0.1948853615520282 0.001644736842105263 0.001763668430335097
0 0.9375 0.19576719576719576 0.006578947368421052 0.007054673721340388
0 0.8207236842105263 0.1948853615520282 0.006578947368421052 0.005291005291005291
0 0.8166118421052632 0.19135802469135801 0.001644736842105263 0.001763668430335097
0 0.9588815789473685 0.18959435626102292 0.003289473684210526 0.001763668430335097
0 0.8207236842105263 0.19047619047619047 0.003289473684210526 0.003527336860670194
0 0.740953947368421 0.19047619047619047 0.004934210526315789 0.007054673721340388
0 0.9481907894736842 0.18430335097001763 0.001644736842105263 0.001763668430335097
0 0.9375 0.18694885361552027 0.006578947368421052 0.007054673721340388
0 0.8018092105263158 0.18430335097001763 0.001644736842105263 0.001763668430335097
0 0.8791118421052632 0.18077601410934743 0.004934210526315789 0.005291005291005291
0 0.8166118421052632 0.17548500881834214 0.001644736842105263 0.001763668430335097
0 0.6677631578947368 0.17195767195767195 0.006578947368421052 0.005291005291005291
0 0.6620065789473685 0.17019400352733685 0.001644736842105263 0.001763668430335097
0 0.5452302631578947 0.17019400352733685 0.001644736842105263 0.001763668430335097
0 0.2746710526315789 0.17019400352733685 0.003289473684210526 0.001763668430335097
0 0.2631578947368421 0.19753086419753085 0.02631578947368421 0.0564373897707231
0 0.881578947368421 0.1693121693121693 0.003289473684210526 0.003527336860670194
0 0.7376644736842105 0.16490299823633156 0.001644736842105263 0.001763668430335097
0 0.8889802631578947 0.16137566137566137 0.001644736842105263 0.001763668430335097
0 0.555921052631579 0.15961199294532627 0.003289473684210526 0.001763668430335097
0 0.9202302631578947 0.15784832451499117 0.001644736842105263 0.001763668430335097
0 0.8824013157894737 0.15696649029982362 0.001644736842105263 0.003527336860670194
0 0.8675986842105263 0.15696649029982362 0.001644736842105263 0.003527336860670194
0 0.8643092105263158 0.15608465608465608 0.001644736842105263 0.001763668430335097
0 0.8314144736842105 0.15873015873015872 0.004934210526315789 0.007054673721340388
0 0.6546052631578947 0.15873015873015872 0.006578947368421052 0.007054673721340388
0 0.9177631578947368 0.15343915343915343 0.006578947368421052 0.007054673721340388
0 0.553453947368421 0.15079365079365079 0.001644736842105263 0.001763668430335097
0 0.9013157894736842 0.1490299823633157 0.003289473684210526 0.001763668430335097
0 0.9013157894736842 0.41975308641975306 0.17105263157894737 0.5432098765432098
0 0.640625 0.14814814814814814 0.004934210526315789 0.007054673721340388
0 0.6439144736842105 0.1437389770723104 0.001644736842105263 0.001763668430335097
0 0.9177631578947368 0.14462081128747795 0.006578947368421052 0.007054673721340388
0 0.9111842105263158 0.14638447971781304 0.009868421052631578 0.010582010582010581
0 0.9021381578947368 0.14462081128747795 0.008223684210526315 0.007054673721340388
0 0.897203947368421 0.1419753086419753 0.001644736842105263 0.001763668430335097
0 0.6291118421052632 0.13051146384479717 0.004934210526315789 0.003527336860670194
0 0.4407894736842105 0.1349206349206349 0.013157894736842105 0.012345679012345678
0 0.7861842105263158 0.13051146384479717 0.006578947368421052 0.007054673721340388
0 0.7738486842105263 0.13227513227513227 0.02138157894736842 0.010582010582010581
0 0.7705592105263158 0.12786596119929453 0.001644736842105263 0.001763668430335097
0 0.765625 0.12786596119929453 0.001644736842105263 0.001763668430335097
0 0.4810855263157895 0.12610229276895943 0.001644736842105263 0.001763668430335097
0 0.4745065789473684 0.12610229276895943 0.001644736842105263 0.001763668430335097
0 0.46463815789473684 0.12610229276895943 0.001644736842105263 0.001763668430335097
0 0.4120065789473684 0.12610229276895943 0.001644736842105263 0.001763668430335097
0 0.546875 0.12522045855379188 0.004934210526315789 0.003527336860670194
0 0.5411184210526315 0.12522045855379188 0.003289473684210526 0.003527336860670194
0 0.6299342105263158 0.12433862433862433 0.003289473684210526 0.005291005291005291
0 0.5452302631578947 0.12257495590828923 0.001644736842105263 0.001763668430335097
0 0.48519736842105265 0.12257495590828923 0.003289473684210526 0.008818342151675485
0 0.48026315789473684 0.12257495590828923 0.006578947368421052 0.008818342151675485
0 0.6274671052631579 0.11992945326278659 0.004934210526315789 0.007054673721340388
0 0.6307565789473685 0.11552028218694885 0.001644736842105263 0.001763668430335097
0 0.40213815789473684 0.11199294532627865 0.001644736842105263 0.001763668430335097
0 0.3988486842105263 0.11199294532627865 0.001644736842105263 0.001763668430335097
0 0.3511513157894737 0.11199294532627865 0.001644736842105263 0.001763668430335097
0 0.33305921052631576 0.11199294532627865 0.001644736842105263 0.001763668430335097
0 0.49835526315789475 0.1111111111111111 0.003289473684210526 0.003527336860670194
0 0.4934210526315789 0.1111111111111111 0.003289473684210526 0.003527336860670194
0 0.35444078947368424 0.1111111111111111 0.001644736842105263 0.003527336860670194
0 0.32976973684210525 0.1111111111111111 0.001644736842105263 0.003527336860670194
0 0.40213815789473684 0.10846560846560846 0.001644736842105263 0.001763668430335097
0 0.39555921052631576 0.10846560846560846 0.001644736842105263 0.001763668430335097
0 0.49835526315789475 0.10670194003527336 0.003289473684210526 0.001763668430335097
0 0.35773026315789475 0.09700176366843033 0.001644736842105263 0.003527336860670194
0 0.6143092105263158 0.09171075837742504 0.004934210526315789 0.007054673721340388
0 0.3972039473684211 0.0890652557319224 0.001644736842105263 0.001763668430335097
0 0.6175986842105263 0.0873015873015873 0.001644736842105263 0.001763668430335097
0 0.32976973684210525 0.0873015873015873 0.001644736842105263 0.001763668430335097
0 0.6019736842105263 0.08641975308641975 0.003289473684210526 0.003527336860670194
0 0.3873355263157895 0.0837742504409171 0.001644736842105263 0.001763668430335097
0 0.3717105263157895 0.0837742504409171 0.003289473684210526 0.001763668430335097
0 0.3692434210526316 0.08024691358024691 0.001644736842105263 0.001763668430335097
0 0.5855263157894737 0.059964726631393295 0.003289473684210526 0.007054673721340388
0 0.546875 0.05731922398589065 0.001644736842105263 0.001763668430335097
0 0.34868421052631576 0.06261022927689594 0.013157894736842105 0.012345679012345678
0 0.5764802631578947 0.05202821869488536 0.001644736842105263 0.001763668430335097
0 0.5386513157894737 0.05026455026455026 0.001644736842105263 0.001763668430335097
0 0.42680921052631576 0.04497354497354497 0.001644736842105263 0.001763668430335097
0 0.571546052631579 0.043209876543209874 0.001644736842105263 0.001763668430335097
0 0.5361842105263158 0.04585537918871252 0.006578947368421052 0.007054673721340388
0 0.5337171052631579 0.043209876543209874 0.001644736842105263 0.001763668430335097
0 0.4449013157894737 0.043209876543209874 0.001644736842105263 0.001763668430335097
0 0.42023026315789475 0.04497354497354497 0.008223684210526315 0.005291005291005291
0 0.40707236842105265 0.03350970017636684 0.001644736842105263 0.003527336860670194
0 0.39226973684210525 0.030864197530864196 0.001644736842105263 0.001763668430335097
0 0.3881578947368421 0.030864197530864196 0.003289473684210526 0.001763668430335097
0 0.3840460526315789 0.030864197530864196 0.001644736842105263 0.001763668430335097
0 0.40707236842105265 0.0291005291005291 0.001644736842105263 0.001763668430335097
0 0.4029605263157895 0.031746031746031744 0.003289473684210526 0.007054673721340388
0 0.3963815789473684 0.030864197530864196 0.003289473684210526 0.005291005291005291
0 0.37993421052631576 0.029982363315696647 0.003289473684210526 0.003527336860670194
0 0.5789473684210527 0.19753086419753085 0.5 0.3386243386243386
