0 0.4337431693989071 0.9874517374517374 0.001366120218579235 0.0019305019305019305
0 0.4146174863387978 0.9864864864864865 0.004098360655737705 0.003861003861003861
0 0.4364754098360656 0.9835907335907336 0.001366120218579235 0.0019305019305019305
0 0.6823770491803278 0.972007722007722 0.001366120218579235 0.0019305019305019305
0 0.6591530054644809 0.972007722007722 0.001366120218579235 0.0019305019305019305
0 0.6338797814207651 0.972007722007722 0.00273224043715847 0.0019305019305019305
0 0.587431693989071 0.972007722007722 0.00273224043715847 0.0019305019305019305
0 0.5812841530054644 0.972007722007722 0.001366120218579235 0.0019305019305019305
0 0.4583333333333333 0.972007722007722 0.001366120218579235 0.0019305019305019305
0 0.6789617486338798 0.971042471042471 0.00273224043715847 0.003861003861003861
0 0.6290983606557377 0.971042471042471 0.004098360655737705 0.003861003861003861
0 0.6434426229508197 0.9691119691119691 0.00273224043715847 0.007722007722007722
0 0.6311475409836066 0.9662162162162162 0.00273224043715847 0.0019305019305019305
0 0.39617486338797814 0.9691119691119691 0.00546448087431694 0.007722007722007722
0 0.4542349726775956 0.9623552123552124 0.001366120218579235 0.0019305019305019305
0 0.4569672131147541 0.9633204633204633 0.004098360655737705 0.011583011583011582
0 0.7370218579234973 0.9565637065637066 0.001366120218579235 0.0019305019305019305
0 0.7342896174863388 0.9565637065637066 0.001366120218579235 0.0019305019305019305
0 0.6987704918032787 0.9565637065637066 0.001366120218579235 0.0019305019305019305
0 0.5744535519125683 0.9565637065637066 0.001366120218579235 0.0019305019305019305
0 0.3401639344262295 0.9565637065637066 0.00273224043715847 0.0019305019305019305
0 0.33674863387978143 0.9565637065637066 0.001366120218579235 0.0019305019305019305
0 0.33060109289617484 0.9565637065637066 0.00273224043715847 0.0019305019305019305
0 0.3271857923497268 0.9565637065637066 0.001366120218579235 0.0019305019305019305
0 0.7404371584699454 0.9555984555984556 0.00273224043715847 0.003861003861003861
0 0.7233606557377049 0.9555984555984556 0.001366120218579235 0.003861003861003861
0 0.7274590163934426 0.9546332046332047 0.004098360655737705 0.005791505791505791
0 0.32786885245901637 0.9527027027027027 0.00273224043715847 0.0019305019305019305
0 0.773224043715847 0.9536679536679536 0.00546448087431694 0.007722007722007722
0 0.3722677595628415 0.9507722007722008 0.001366120218579235 0.0019305019305019305
0 0.3176229508196721 0.946911196911197 0.001366120218579235 0.0019305019305019305
0 0.5580601092896175 0.9411196911196911 0.001366120218579235 0.0019305019305019305
0 0.5327868852459017 0.9411196911196911 0.00273224043715847 0.0019305019305019305
0 0.5129781420765027 0.9411196911196911 0.001366120218579235 0.0019305019305019305
0 0.5047814207650273 0.9411196911196911 0.001366120218579235 0.0019305019305019305
0 0.49658469945355194 0.9411196911196911 0.001366120218579235 0.0019305019305019305
0 0.3599726775956284 0.9411196911196911 0.001366120218579235 0.0019305019305019305
0 0.26024590163934425 0.9401544401544402 0.001366120218579235 0.003861003861003861
0 0.17418032786885246 0.9391891891891891 0.001366120218579235 0.0019305019305019305
0 0.4993169398907104 0.9382239382239382 0.001366120218579235 0.003861003861003861
0 0.7841530054644809 0.9382239382239382 0.00546448087431694 0.007722007722007722
0 0.5491803278688525 0.9382239382239382 0.00546448087431694 0.007722007722007722
0 0.2616120218579235 0.9353281853281853 0.001366120218579235 0.0019305019305019305
0 0.1557377049180328 0.9382239382239382 0.00546448087431694 0.007722007722007722
0 0.17418032786885246 0.9343629343629344 0.001366120218579235 0.003861003861003861
0 0.23702185792349728 0.9256756756756757 0.001366120218579235 0.0019305019305019305
0 0.22745901639344263 0.9256756756756757 0.001366120218579235 0.0019305019305019305
0 0.2151639344262295 0.9256756756756757 0.001366120218579235 0.0019305019305019305
0 0.17827868852459017 0.9256756756756757 0.001366120218579235 0.0019305019305019305
0 0.10587431693989072 0.9256756756756757 0.001366120218579235 0.0019305019305019305
0 0.23975409836065573 0.9247104247104247 0.001366120218579235 0.003861003861003861
0 0.20833333333333334 0.9247104247104247 0.001366120218579235 0.003861003861003861
0 0.1830601092896175 0.9247104247104247 0.00546448087431694 0.003861003861003861
0 0.10245901639344263 0.9237451737451737 0.00546448087431694 0.005791505791505791
0 0.2103825136612022 0.9227799227799228 0.00546448087431694 0.007722007722007722
0 0.09904371584699453 0.9198841698841699 0.001366120218579235 0.0019305019305019305
0 0.10245901639344263 0.918918918918919 0.00273224043715847 0.003861003861003861
0 0.07513661202185792 0.9073359073359073 0.00273224043715847 0.007722007722007722
0 0.8189890710382514 0.8957528957528957 0.001366120218579235 0.003861003861003861
0 0.8299180327868853 0.8638996138996139 0.001366120218579235 0.0019305019305019305
0 0.8401639344262295 0.862934362934363 0.00273224043715847 0.003861003861003861
0 0.8353825136612022 0.862934362934363 0.004098360655737705 0.003861003861003861
0 0.8367486338797814 0.86003861003861 0.001366120218579235 0.0019305019305019305
0 0.8886612021857924 0.833011583011583 0.001366120218579235 0.0019305019305019305
0 0.880464480874317 0.833011583011583 0.001366120218579235 0.0019305019305019305
0 0.05669398907103825 0.833011583011583 0.001366120218579235 0.0019305019305019305
0 0.8941256830601093 0.832046332046332 0.004098360655737705 0.003861003861003861
0 0.8872950819672131 0.8291505791505791 0.001366120218579235 0.0019305019305019305
0 0.894808743169399 0.8262548262548263 0.00273224043715847 0.003861003861003861
0 0.950136612021858 0.8137065637065637 0.001366120218579235 0.0019305019305019305
0 0.9453551912568307 0.8146718146718147 0.00819672131147541 0.007722007722007722
0 0.055327868852459015 0.8117760617760618 0.001366120218579235 0.0019305019305019305
0 0.9706284153005464 0.8011583011583011 0.004098360655737705 0.003861003861003861
0 0.055327868852459015 0.7982625482625483 0.001366120218579235 0.0019305019305019305
0 0.055327868852459015 0.6843629343629344 0.001366120218579235 0.0019305019305019305
0 0.06147540983606557 0.6814671814671814 0.00273224043715847 0.003861003861003861
0 0.9610655737704918 0.666988416988417 0.001366120218579235 0.0019305019305019305
0 0.9610655737704918 0.6534749034749034 0.001366120218579235 0.0019305019305019305
0 0.03551912568306011 0.6447876447876448 0.00546448087431694 0.007722007722007722
0 0.9487704918032787 0.6138996138996139 0.004098360655737705 0.003861003861003861
0 0.03346994535519126 0.612934362934363 0.001366120218579235 0.0019305019305019305
0 0.950136612021858 0.609073359073359 0.001366120218579235 0.0019305019305019305
0 0.022540983606557378 0.5955598455598455 0.001366120218579235 0.0019305019305019305
0 0.01366120218579235 0.5762548262548263 0.00546448087431694 0.009652509652509652
0 0.9392076502732241 0.5704633204633205 0.001366120218579235 0.0019305019305019305
0 0.9392076502732241 0.5666023166023166 0.001366120218579235 0.0019305019305019305
0 0.011612021857923498 0.5453667953667953 0.001366120218579235 0.0019305019305019305
0 0.015027322404371584 0.5453667953667953 0.00819672131147541 0.021235521235521235
0 0.01366120218579235 0.528957528957529 0.00546448087431694 0.007722007722007722
0 0.9392076502732241 0.4971042471042471 0.001366120218579235 0.0019305019305019305
0 0.04439890710382514 0.47393822393822393 0.001366120218579235 0.0019305019305019305
0 0.9433060109289617 0.4469111969111969 0.001366120218579235 0.0019305019305019305
0 0.9480874316939891 0.444980694980695 0.00546448087431694 0.005791505791505791
0 0.045081967213114756 0.4305019305019305 0.00273224043715847 0.003861003861003861
0 0.045081967213114756 0.42277992277992277 0.00273224043715847 0.007722007722007722
0 0.9542349726775956 0.40057915057915056 0.004098360655737705 0.0019305019305019305
0 0.04439890710382514 0.3967181467181467 0.001366120218579235 0.0019305019305019305
0 0.9590163934426229 0.3745173745173745 0.00546448087431694 0.007722007722007722
0 0.950136612021858 0.36776061776061775 0.001366120218579235 0.0019305019305019305
0 0.03551912568306011 0.3667953667953668 0.00546448087431694 0.007722007722007722
0 0.950136612021858 0.36293436293436293 0.001366120218579235 0.003861003861003861
0 0.950136612021858 0.3581081081081081 0.001366120218579235 0.0019305019305019305
0 0.9467213114754098 0.3465250965250965 0.00819672131147541 0.013513513513513514
0 0.9419398907103825 0.3407335907335907 0.001366120218579235 0.0019305019305019305
0 0.03346994535519126 0.2982625482625483 0.001366120218579235 0.0019305019305019305
0 0.03346994535519126 0.2905405405405405 0.001366120218579235 0.0019305019305019305
0 0.036202185792349725 0.2857142857142857 0.004098360655737705 0.007722007722007722
0 0.03415300546448088 0.2799227799227799 0.00273224043715847 0.007722007722007722
0 0.8558743169398907 0.2693050193050193 0.001366120218579235 0.0019305019305019305
0 0.9337431693989071 0.27123552123552125 0.012295081967213115 0.013513513513513514
0 0.9392076502732241 0.2644787644787645 0.001366120218579235 0.003861003861003861
0 0.9364754098360656 0.2635135135135135 0.001366120218579235 0.0019305019305019305
0 0.9269125683060109 0.2635135135135135 0.001366120218579235 0.0019305019305019305
0 0.9105191256830601 0.2635135135135135 0.001366120218579235 0.0019305019305019305
0 0.907103825136612 0.26544401544401547 0.00273224043715847 0.005791505791505791
0 0.9036885245901639 0.2635135135135135 0.001366120218579235 0.0019305019305019305
0 0.8818306010928961 0.26640926640926643 0.004098360655737705 0.007722007722007722
0 0.8763661202185792 0.2635135135135135 0.001366120218579235 0.0019305019305019305
0 0.8729508196721312 0.2644787644787645 0.00273224043715847 0.003861003861003861
0 0.8504098360655737 0.2644787644787645 0.001366120218579235 0.003861003861003861
0 0.03483606557377049 0.2644787644787645 0.004098360655737705 0.003861003861003861
0 0.04439890710382514 0.24420849420849422 0.001366120218579235 0.0019305019305019305
0 0.04439890710382514 0.23938223938223938 0.001366120218579235 0.003861003861003861
0 0.04439890710382514 0.23455598455598456 0.001366120218579235 0.0019305019305019305
0 0.8504098360655737 0.2306949806949807 0.004098360655737705 0.009652509652509652
0 0.851775956284153 0.22297297297297297 0.001366120218579235 0.0019305019305019305
0 0.04439890710382514 0.22104247104247104 0.001366120218579235 0.0019305019305019305
0 0.851775956284153 0.20173745173745175 0.001366120218579235 0.0019305019305019305
0 0.5239071038251366 0.1476833976833977 0.001366120218579235 0.0019305019305019305
0 0.7424863387978142 0.1438223938223938 0.001366120218579235 0.0019305019305019305
0 0.5648907103825137 0.1438223938223938 0.001366120218579235 0.0019305019305019305
0 0.5218579234972678 0.1438223938223938 0.00273224043715847 0.0019305019305019305
0 0.8387978142076503 0.14285714285714285 0.00546448087431694 0.007722007722007722
0 0.7561475409836066 0.14092664092664092 0.004098360655737705 0.003861003861003861
0 0.5601092896174863 0.14285714285714285 0.00546448087431694 0.007722007722007722
0 0.5239071038251366 0.13996138996138996 0.001366120218579235 0.0019305019305019305
0 0.5191256830601093 0.14092664092664092 0.00273224043715847 0.003861003861003861
0 0.6844262295081968 0.1303088803088803 0.00273224043715847 0.0019305019305019305
0 0.5689890710382514 0.1303088803088803 0.001366120218579235 0.0019305019305019305
0 0.5689890710382514 0.12644787644787644 0.001366120218579235 0.0019305019305019305
0 0.7185792349726776 0.12934362934362933 0.00546448087431694 0.011583011583011582
0 0.6974043715846995 0.12451737451737452 0.001366120218579235 0.0019305019305019305
0 0.694672131147541 0.12451737451737452 0.001366120218579235 0.0019305019305019305
0 0.6912568306010929 0.12548262548262548 0.00273224043715847 0.003861003861003861
0 0.6871584699453552 0.12644787644787644 0.00273224043715847 0.005791505791505791
0 0.6796448087431693 0.12837837837837837 0.009562841530054645 0.009652509652509652
0 0.6550546448087432 0.1167953667953668 0.001366120218579235 0.0019305019305019305
0 0.6523224043715847 0.1138996138996139 0.004098360655737705 0.003861003861003861
0 0.6536885245901639 0.10907335907335908 0.001366120218579235 0.0019305019305019305
0 0.6509562841530054 0.10907335907335908 0.001366120218579235 0.0019305019305019305
0 0.5730874316939891 0.10907335907335908 0.001366120218579235 0.0019305019305019305
0 0.055327868852459015 0.10907335907335908 0.001366120218579235 0.0019305019305019305
0 0.05122950819672131 0.10907335907335908 0.001366120218579235 0.0019305019305019305
0 0.04644808743169399 0.111003861003861 0.00546448087431694 0.005791505791505791
0 0.6331967213114754 0.09749034749034749 0.001366120218579235 0.0019305019305019305
0 0.5129781420765027 0.09749034749034749 0.001366120218579235 0.0019305019305019305
0 0.6318306010928961 0.09362934362934362 0.001366120218579235 0.0019305019305019305
0 0.6284153005464481 0.0945945945945946 0.00273224043715847 0.003861003861003861
0 0.1133879781420765 0.0945945945945946 0.00273224043715847 0.003861003861003861
0 0.49863387978142076 0.08783783783783784 0.00819672131147541 0.013513513513513514
0 0.5922131147540983 0.08011583011583012 0.001366120218579235 0.0019305019305019305
0 0.6202185792349727 0.08108108108108109 0.00546448087431694 0.007722007722007722
0 0.5799180327868853 0.07915057915057915 0.001366120218579235 0.003861003861003861
0 0.5 0.08011583011583012 0.00546448087431694 0.005791505791505791
0 0.4952185792349727 0.07818532818532818 0.001366120218579235 0.0019305019305019305
0 0.14002732240437157 0.07818532818532818 0.001366120218579235 0.0019305019305019305
0 0.13524590163934427 0.08397683397683398 0.00819672131147541 0.013513513513513514
0 0.10655737704918032 0.08108108108108109 0.00546448087431694 0.007722007722007722
0 0.0976775956284153 0.07818532818532818 0.001366120218579235 0.0019305019305019305
0 0.09494535519125682 0.07818532818532818 0.001366120218579235 0.0019305019305019305
0 0.15095628415300547 0.06756756756756757 0.009562841530054645 0.011583011583011582
0 0.1448087431693989 0.06563706563706563 0.00546448087431694 0.007722007722007722
0 0.17144808743169399 0.0472972972972973 0.001366120218579235 0.0019305019305019305
0 0.16666666666666666 0.04922779922779923 0.00546448087431694 0.005791505791505791
0 0.2889344262295082 0.037644787644787646 0.001366120218579235 0.0019305019305019305
0 0.2916666666666667 0.03667953667953668 0.004098360655737705 0.007722007722007722
0 0.2807377049180328 0.03474903474903475 0.015027322404371584 0.007722007722007722
0 0.2957650273224044 0.01833976833976834 0.001366120218579235 0.0019305019305019305
0 0.37636612021857924 0.016409266409266408 0.001366120218579235 0.0019305019305019305
0 0.20901639344262296 0.017374517374517374 0.00273224043715847 0.003861003861003861
0 0.1953551912568306 0.017374517374517374 0.00273224043715847 0.003861003861003861
0 0.33060109289617484 0.008687258687258687 0.00546448087431694 0.005791505791505791
0 0.35040983606557374 0.0009652509652509653 0.001366120218579235 0.0019305019305019305
0 0.3469945355191257 0.0019305019305019305 0.00273224043715847 0.003861003861003861
0 0.4924863387978142 0.4942084942084942 0.9603825136612022 0.9884169884169884
0 0.3312841530054645 0.0009652509652509653 0.001366120218579235 0.0019305019305019305
0 0.328551912568306 0.0009652509652509653 0.001366120218579235 0.0019305019305019305
