0 0.45091623036649214 0.9869337979094077 0.0013089005235602095 0.0017421602787456446
0 0.45091623036649214 0.9825783972125436 0.0013089005235602095 0.003484320557491289
0 0.4744764397905759 0.9747386759581882 0.0013089005235602095 0.0017421602787456446
0 0.41164921465968585 0.9747386759581882 0.0013089005235602095 0.0017421602787456446
0 0.40772251308900526 0.9747386759581882 0.0013089005235602095 0.0017421602787456446
0 0.3776178010471204 0.9747386759581882 0.0013089005235602095 0.0017421602787456446
0 0.3854712041884817 0.9729965156794426 0.0013089005235602095 0.0017421602787456446
0 0.31348167539267013 0.9738675958188153 0.0013089005235602095 0.003484320557491289
0 0.4790575916230366 0.9729965156794426 0.005235602094240838 0.005226480836236934
0 0.4162303664921466 0.9729965156794426 0.005235602094240838 0.005226480836236934
0 0.36910994764397903 0.9721254355400697 0.005235602094240838 0.006968641114982578
0 0.3606020942408377 0.960801393728223 0.0013089005235602095 0.0017421602787456446
0 0.3239528795811518 0.960801393728223 0.0013089005235602095 0.0017421602787456446
0 0.26897905759162305 0.960801393728223 0.0013089005235602095 0.0017421602787456446
0 0.26570680628272253 0.9590592334494773 0.005235602094240838 0.005226480836236934
0 0.262434554973822 0.955574912891986 0.0013089005235602095 0.0017421602787456446
0 0.26570680628272253 0.9547038327526133 0.002617801047120419 0.003484320557491289
0 0.4836387434554974 0.9468641114982579 0.0013089005235602095 0.0017421602787456446
0 0.11845549738219895 0.9468641114982579 0.0013089005235602095 0.0017421602787456446
0 0.07526178010471204 0.9468641114982579 0.0013089005235602095 0.0017421602787456446
0 0.15641361256544503 0.9451219512195121 0.0013089005235602095 0.0017421602787456446
0 0.12696335078534032 0.945993031358885 0.002617801047120419 0.003484320557491289
0 0.07198952879581152 0.945993031358885 0.002617801047120419 0.003484320557491289
0 0.4856020942408377 0.9451219512195121 0.002617801047120419 0.005226480836236934
0 0.49018324607329844 0.9433797909407665 0.003926701570680628 0.005226480836236934
0 0.15641361256544503 0.9407665505226481 0.0013089005235602095 0.003484320557491289
0 0.487565445026178 0.936411149825784 0.0013089005235602095 0.0017421602787456446
0 0.4895287958115183 0.936411149825784 0.005235602094240838 0.008710801393728223
0 0.512434554973822 0.931184668989547 0.0013089005235602095 0.0017421602787456446
0 0.2094240837696335 0.931184668989547 0.002617801047120419 0.0017421602787456446
0 0.18979057591623036 0.9320557491289199 0.005235602094240838 0.003484320557491289
0 0.512434554973822 0.9277003484320557 0.0013089005235602095 0.0017421602787456446
0 0.2100785340314136 0.9277003484320557 0.0013089005235602095 0.0017421602787456446
0 0.19044502617801048 0.9277003484320557 0.0013089005235602095 0.0017421602787456446
0 0.055628272251308904 0.9085365853658537 0.0013089005235602095 0.0017421602787456446
0 0.05301047120418848 0.9085365853658537 0.0013089005235602095 0.0017421602787456446
0 0.05301047120418848 0.9041811846689896 0.0013089005235602095 0.003484320557491289
0 0.6681937172774869 0.8911149825783972 0.0013089005235602095 0.0017421602787456446
0 0.6446335078534031 0.8911149825783972 0.0013089005235602095 0.0017421602787456446
0 0.6289267015706806 0.8911149825783972 0.0013089005235602095 0.0017421602787456446
0 0.6263089005235603 0.8911149825783972 0.0013089005235602095 0.0017421602787456446
0 0.6236910994764397 0.8911149825783972 0.0013089005235602095 0.0017421602787456446
0 0.537303664921466 0.8911149825783972 0.0013089005235602095 0.0017421602787456446
0 0.6204188481675392 0.8902439024390244 0.002617801047120419 0.003484320557491289
0 0.05366492146596859 0.8858885017421603 0.002617801047120419 0.005226480836236934
0 0.668848167539267 0.8806620209059234 0.002617801047120419 0.0017421602787456446
0 0.06086387434554974 0.8789198606271778 0.0013089005235602095 0.0017421602787456446
0 0.599476439790576 0.8763066202090593 0.005235602094240838 0.003484320557491289
0 0.606020942408377 0.8754355400696864 0.002617801047120419 0.005226480836236934
0 0.6040575916230366 0.8719512195121951 0.0013089005235602095 0.0017421602787456446
0 0.5988219895287958 0.8719512195121951 0.003926701570680628 0.0017421602787456446
0 0.5975130890052356 0.8684668989547039 0.0013089005235602095 0.0017421602787456446
0 0.5569371727748691 0.8632404181184669 0.0013089005235602095 0.0017421602787456446
0 0.06348167539267016 0.8597560975609756 0.0013089005235602095 0.0017421602787456446
0 0.5602094240837696 0.8562717770034843 0.010471204188481676 0.0156794425087108
0 0.5647905759162304 0.8475609756097561 0.0013089005235602095 0.0017421602787456446
0 0.6695026178010471 0.8266550522648084 0.0013089005235602095 0.0017421602787456446
0 0.5641361256544503 0.8292682926829268 0.002617801047120419 0.006968641114982578
0 0.6695026178010471 0.823170731707317 0.0013089005235602095 0.0017421602787456446
0 0.6027486910994765 0.8249128919860628 0.006544502617801047 0.005226480836236934
0 0.5975130890052356 0.823170731707317 0.0013089005235602095 0.0017421602787456446
0 0.6079842931937173 0.8196864111498258 0.0013089005235602095 0.0017421602787456446
0 0.5674083769633508 0.8066202090592335 0.0013089005235602095 0.003484320557491289
0 0.05301047120418848 0.8057491289198606 0.0013089005235602095 0.0017421602787456446
0 0.6668848167539267 0.804006968641115 0.003926701570680628 0.005226480836236934
0 0.6695026178010471 0.8005226480836237 0.0013089005235602095 0.0017421602787456446
0 0.6361256544502618 0.8005226480836237 0.002617801047120419 0.0017421602787456446
0 0.055628272251308904 0.8013937282229965 0.003926701570680628 0.006968641114982578
0 0.6695026178010471 0.7970383275261324 0.0013089005235602095 0.0017421602787456446
0 0.6636125654450262 0.7979094076655052 0.007853403141361256 0.006968641114982578
0 0.6380890052356021 0.7952961672473867 0.0013089005235602095 0.0017421602787456446
0 0.6341623036649214 0.7961672473867596 0.003926701570680628 0.003484320557491289
0 0.6335078534031413 0.8432055749128919 0.07329842931937172 0.0975609756097561
0 0.04581151832460733 0.7926829268292683 0.002617801047120419 0.003484320557491289
0 0.032722513089005235 0.7926829268292683 0.002617801047120419 0.003484320557491289
0 0.03337696335078534 0.7848432055749129 0.0013089005235602095 0.0017421602787456446
0 0.02225130890052356 0.764808362369338 0.002617801047120419 0.003484320557491289
0 0.021596858638743454 0.7604529616724739 0.0013089005235602095 0.0017421602787456446
0 0.5942408376963351 0.7491289198606271 0.005235602094240838 0.006968641114982578
0 0.5883507853403142 0.7473867595818815 0.009162303664921465 0.010452961672473868
0 0.013089005235602094 0.735191637630662 0.005235602094240838 0.006968641114982578
0 0.002617801047120419 0.7073170731707317 0.005235602094240838 0.006968641114982578
0 0.002617801047120419 0.6994773519163763 0.005235602094240838 0.005226480836236934
0 0.6158376963350786 0.695993031358885 0.0013089005235602095 0.0017421602787456446
0 0.6276178010471204 0.671602787456446 0.0013089005235602095 0.0017421602787456446
0 0.01112565445026178 0.6646341463414634 0.0013089005235602095 0.0017421602787456446
0 0.6269633507853403 0.6655052264808362 0.002617801047120419 0.006968641114982578
0 0.6243455497382199 0.662020905923345 0.002617801047120419 0.003484320557491289
0 0.6269633507853403 0.6585365853658537 0.002617801047120419 0.003484320557491289
0 0.7218586387434555 0.6541811846689896 0.0013089005235602095 0.0017421602787456446
0 0.6367801047120419 0.6541811846689896 0.0013089005235602095 0.0017421602787456446
0 0.7172774869109948 0.6533101045296167 0.002617801047120419 0.003484320557491289
0 0.7035340314136126 0.6533101045296167 0.003926701570680628 0.003484320557491289
0 0.6472513089005235 0.6533101045296167 0.003926701570680628 0.003484320557491289
0 0.6335078534031413 0.6533101045296167 0.002617801047120419 0.003484320557491289
0 0.7198952879581152 0.6506968641114983 0.002617801047120419 0.0017421602787456446
0 0.7218586387434555 0.6472125435540069 0.0013089005235602095 0.0017421602787456446
0 0.7925392670157068 0.6402439024390244 0.0013089005235602095 0.0017421602787456446
0 0.8160994764397905 0.6393728222996515 0.0013089005235602095 0.003484320557491289
0 0.7814136125654451 0.6393728222996515 0.002617801047120419 0.003484320557491289
0 0.7709424083769634 0.6393728222996515 0.002617801047120419 0.003484320557491289
0 0.7951570680628273 0.6385017421602788 0.0013089005235602095 0.005226480836236934
0 0.8160994764397905 0.6315331010452961 0.0013089005235602095 0.0017421602787456446
0 0.01112565445026178 0.6289198606271778 0.0013089005235602095 0.003484320557491289
0 0.8553664921465969 0.6263066202090593 0.0013089005235602095 0.0017421602787456446
0 0.8442408376963351 0.6254355400696864 0.002617801047120419 0.003484320557491289
0 0.01112565445026178 0.6245644599303136 0.0013089005235602095 0.0017421602787456446
0 0.8579842931937173 0.6245644599303136 0.0013089005235602095 0.005226480836236934
0 0.900523560209424 0.6123693379790941 0.002617801047120419 0.0017421602787456446
0 0.8854712041884817 0.6123693379790941 0.0013089005235602095 0.0017421602787456446
0 0.9096858638743456 0.6097560975609756 0.002617801047120419 0.006968641114982578
0 0.949607329842932 0.5984320557491289 0.0013089005235602095 0.0017421602787456446
0 0.9522251308900523 0.5975609756097561 0.0013089005235602095 0.003484320557491289
0 0.962696335078534 0.5844947735191638 0.0013089005235602095 0.0017421602787456446
0 0.9600785340314136 0.5844947735191638 0.0013089005235602095 0.0017421602787456446
0 0.9620418848167539 0.5801393728222997 0.002617801047120419 0.003484320557491289
0 0.9725130890052356 0.5696864111498258 0.002617801047120419 0.003484320557491289
0 0.01112565445026178 0.5653310104529616 0.0013089005235602095 0.0017421602787456446
0 0.9718586387434555 0.5618466898954704 0.0013089005235602095 0.0017421602787456446
0 0.011780104712041885 0.5618466898954704 0.002617801047120419 0.0017421602787456446
0 0.9836387434554974 0.554006968641115 0.0013089005235602095 0.006968641114982578
0 0.9790575916230366 0.554006968641115 0.005235602094240838 0.006968641114982578
0 0.01112565445026178 0.5479094076655052 0.0013089005235602095 0.0017421602787456446
0 0.020287958115183247 0.5461672473867596 0.009162303664921465 0.005226480836236934
0 0.987565445026178 0.5426829268292683 0.0013089005235602095 0.0017421602787456446
0 0.9836387434554974 0.5426829268292683 0.0013089005235602095 0.0017421602787456446
0 0.9921465968586387 0.5409407665505227 0.005235602094240838 0.005226480836236934
0 0.9849476439790575 0.5374564459930313 0.0013089005235602095 0.0017421602787456446
0 0.9908376963350786 0.5348432055749129 0.007853403141361256 0.010452961672473868
0 0.03206806282722513 0.5252613240418118 0.0013089005235602095 0.0017421602787456446
0 0.9928010471204188 0.5026132404181185 0.0013089005235602095 0.0017421602787456446
0 0.9895287958115183 0.5043554006968641 0.002617801047120419 0.005226480836236934
0 0.04712041884816754 0.4886759581881533 0.002617801047120419 0.0017421602787456446
0 0.04319371727748691 0.490418118466899 0.002617801047120419 0.005226480836236934
0 0.9836387434554974 0.48257839721254353 0.0013089005235602095 0.003484320557491289
0 0.05301047120418848 0.4764808362369338 0.0013089005235602095 0.0017421602787456446
0 0.06740837696335078 0.4625435540069686 0.0013089005235602095 0.0017421602787456446
0 0.981675392670157 0.4634146341463415 0.005235602094240838 0.006968641114982578
0 0.9731675392670157 0.460801393728223 0.0013089005235602095 0.0017421602787456446
0 0.05955497382198953 0.460801393728223 0.0013089005235602095 0.0017421602787456446
0 0.0549738219895288 0.4625435540069686 0.005235602094240838 0.005226480836236934
0 0.962696335078534 0.44860627177700346 0.0013089005235602095 0.0017421602787456446
0 0.9712041884816754 0.44860627177700346 0.005235602094240838 0.005226480836236934
0 0.9666230366492147 0.44686411149825783 0.0013089005235602095 0.0017421602787456446
0 0.06544502617801047 0.44947735191637633 0.005235602094240838 0.006968641114982578
0 0.07657068062827226 0.4329268292682927 0.0013089005235602095 0.0017421602787456446
0 0.07395287958115183 0.4337979094076655 0.0013089005235602095 0.003484320557491289
0 0.0844240837696335 0.4294425087108014 0.0013089005235602095 0.0017421602787456446
0 0.9417539267015707 0.4189895470383275 0.0013089005235602095 0.0017421602787456446
0 0.9391361256544503 0.4189895470383275 0.0013089005235602095 0.0017421602787456446
0 0.9260471204188482 0.40505226480836237 0.0013089005235602095 0.0017421602787456446
0 0.09096858638743456 0.40505226480836237 0.0013089005235602095 0.0017421602787456446
0 0.08638743455497382 0.406794425087108 0.005235602094240838 0.005226480836236934
0 0.9201570680628273 0.3980836236933798 0.002617801047120419 0.005226480836236934
0 0.9208115183246073 0.3911149825783972 0.0013089005235602095 0.0017421602787456446
0 0.10340314136125654 0.39198606271777003 0.002617801047120419 0.003484320557491289
0 0.899869109947644 0.3806620209059233 0.0013089005235602095 0.0017421602787456446
0 0.8985602094240838 0.37717770034843207 0.0013089005235602095 0.0017421602787456446
0 0.8952879581151832 0.3780487804878049 0.002617801047120419 0.003484320557491289
0 0.1243455497382199 0.3780487804878049 0.002617801047120419 0.003484320557491289
0 0.8488219895287958 0.3641114982578397 0.003926701570680628 0.003484320557491289
0 0.8429319371727748 0.3641114982578397 0.002617801047120419 0.003484320557491289
0 0.8396596858638743 0.3632404181184669 0.0013089005235602095 0.0017421602787456446
0 0.819371727748691 0.3641114982578397 0.002617801047120419 0.003484320557491289
0 0.13285340314136126 0.3632404181184669 0.0013089005235602095 0.0017421602787456446
0 0.12827225130890052 0.36498257839721254 0.005235602094240838 0.005226480836236934
0 0.14725130890052357 0.35452961672473865 0.0013089005235602095 0.0017421602787456446
0 0.7094240837696335 0.3519163763066202 0.005235602094240838 0.006968641114982578
0 0.7009162303664922 0.3344947735191638 0.0013089005235602095 0.003484320557491289
0 0.6963350785340314 0.29878048780487804 0.002617801047120419 0.0017421602787456446
0 0.6969895287958116 0.2952961672473868 0.0013089005235602095 0.0017421602787456446
0 0.19240837696335078 0.2952961672473868 0.007853403141361256 0.005226480836236934
0 0.7009162303664922 0.28310104529616725 0.0013089005235602095 0.0017421602787456446
0 0.6956806282722513 0.28310104529616725 0.0013089005235602095 0.0017421602787456446
0 0.20157068062827224 0.28222996515679444 0.005235602094240838 0.006968641114982578
0 0.7009162303664922 0.2761324041811847 0.0013089005235602095 0.0017421602787456446
0 0.7009162303664922 0.27264808362369336 0.0013089005235602095 0.0017421602787456446
0 0.21138743455497383 0.27264808362369336 0.0013089005235602095 0.0017421602787456446
0 0.6982984293193717 0.2691637630662021 0.003926701570680628 0.005226480836236934
0 0.7041884816753927 0.26393728222996515 0.002617801047120419 0.0017421602787456446
0 0.7113874345549738 0.2621951219512195 0.0013089005235602095 0.0017421602787456446
0 0.7081151832460733 0.2621951219512195 0.002617801047120419 0.0017421602787456446
0 0.22905759162303665 0.25261324041811845 0.002617801047120419 0.003484320557491289
0 0.7185863874345549 0.24825783972125434 0.007853403141361256 0.005226480836236934
0 0.24149214659685864 0.24477351916376305 0.0013089005235602095 0.0017421602787456446
0 0.24410994764397906 0.24128919860627177 0.0013089005235602095 0.005226480836236934
0 0.24149214659685864 0.23954703832752614 0.0013089005235602095 0.0017421602787456446
0 0.2532722513089005 0.22909407665505227 0.003926701570680628 0.005226480836236934
0 0.2545811518324607 0.2221254355400697 0.006544502617801047 0.008710801393728223
0 0.25392670157068065 0.21254355400696864 0.005235602094240838 0.006968641114982578
0 0.6956806282722513 0.20121951219512196 0.0013089005235602095 0.0017421602787456446
0 0.6982984293193717 0.20034843205574912 0.003926701570680628 0.006968641114982578
0 0.7015706806282722 0.19686411149825783 0.005235602094240838 0.003484320557491289
0 0.3219895287958115 0.19686411149825783 0.002617801047120419 0.003484320557491289
0 0.2964659685863874 0.19599303135888502 0.0013089005235602095 0.0017421602787456446
0 0.2905759162303665 0.20034843205574912 0.007853403141361256 0.010452961672473868
0 0.28534031413612565 0.1986062717770035 0.005235602094240838 0.006968641114982578
0 0.3462041884816754 0.18728222996515678 0.0013089005235602095 0.0017421602787456446
0 0.6695026178010471 0.18205574912891986 0.0013089005235602095 0.0017421602787456446
0 0.3462041884816754 0.1803135888501742 0.0013089005235602095 0.0017421602787456446
0 0.6695026178010471 0.17857142857142858 0.0013089005235602095 0.0017421602787456446
0 0.668848167539267 0.17421602787456447 0.002617801047120419 0.003484320557491289
0 0.3468586387434555 0.16289198606271776 0.002617801047120419 0.005226480836236934
0 0.3475130890052356 0.156794425087108 0.003926701570680628 0.003484320557491289
0 0.4731675392670157 0.15418118466898956 0.0013089005235602095 0.0017421602787456446
0 0.6668848167539267 0.14634146341463414 0.003926701570680628 0.006968641114982578
0 0.47054973821989526 0.1437282229965157 0.0013089005235602095 0.0017421602787456446
0 0.6695026178010471 0.14198606271777003 0.0013089005235602095 0.0017421602787456446
0 0.4653141361256545 0.13937282229965156 0.003926701570680628 0.006968641114982578
0 0.4698952879581152 0.13763066202090593 0.002617801047120419 0.006968641114982578
0 0.46793193717277487 0.13240418118466898 0.003926701570680628 0.006968641114982578
0 0.47054973821989526 0.12804878048780488 0.0013089005235602095 0.0017421602787456446
0 0.4980366492146597 0.12804878048780488 0.006544502617801047 0.005226480836236934
0 0.49280104712041883 0.12630662020905922 0.0013089005235602095 0.0017421602787456446
0 0.3566753926701571 0.12630662020905922 0.0013089005235602095 0.0017421602787456446
0 0.4594240837696335 0.12282229965156795 0.002617801047120419 0.0017421602787456446
0 0.5137434554973822 0.11933797909407666 0.0013089005235602095 0.0017421602787456446
0 0.5137434554973822 0.11585365853658537 0.0013089005235602095 0.0017421602787456446
0 0.4587696335078534 0.11236933797909408 0.0013089005235602095 0.0017421602787456446
0 0.3645287958115183 0.11236933797909408 0.0013089005235602095 0.0017421602787456446
0 0.5163612565445026 0.10975609756097561 0.006544502617801047 0.006968641114982578
0 0.36976439790575916 0.10801393728222997 0.003926701570680628 0.003484320557491289
0 0.5274869109947644 0.1019163763066202 0.002617801047120419 0.005226480836236934
0 0.42342931937172773 0.10017421602787456 0.0013089005235602095 0.0017421602787456446
0 0.5242146596858639 0.09843205574912892 0.0013089005235602095 0.0017421602787456446
0 0.5209424083769634 0.10278745644599303 0.007853403141361256 0.010452961672473868
0 0.5157068062827225 0.10104529616724739 0.005235602094240838 0.006968641114982578
0 0.42081151832460734 0.09843205574912892 0.0013089005235602095 0.0017421602787456446
0 0.6537958115183246 0.09843205574912892 0.003926701570680628 0.008710801393728223
0 0.6583769633507853 0.09581881533101046 0.002617801047120419 0.006968641114982578
0 0.3880890052356021 0.09320557491289198 0.0013089005235602095 0.0017421602787456446
0 0.6564136125654451 0.09059233449477352 0.003926701570680628 0.006968641114982578
0 0.6590314136125655 0.08623693379790941 0.0013089005235602095 0.0017421602787456446
0 0.3880890052356021 0.08536585365853659 0.0013089005235602095 0.003484320557491289
0 0.5346858638743456 0.08101045296167247 0.0013089005235602095 0.0017421602787456446
0 0.6465968586387435 0.05836236933797909 0.005235602094240838 0.005226480836236934
0 0.6420157068062827 0.05662020905923345 0.0013089005235602095 0.0017421602787456446
0 0.5458115183246073 0.047038327526132406 0.002617801047120419 0.006968641114982578
0 0.6361256544502618 0.03048780487804878 0.005235602094240838 0.005226480836236934
0 0.631544502617801 0.028745644599303136 0.0013089005235602095 0.0017421602787456446
0 0.5582460732984293 0.028745644599303136 0.0013089005235602095 0.0017421602787456446
0 0.6263089005235603 0.0156794425087108 0.003926701570680628 0.003484320557491289
0 0.5948952879581152 0.014808362369337979 0.0013089005235602095 0.0017421602787456446
0 0.4993455497382199 0.5017421602787456 0.9908376963350786 0.975609756097561
