0 0.36133768352365414 0.999034749034749 0.0016313213703099511 0.0019305019305019305
0 0.3646003262642741 0.9980694980694981 0.0016313213703099511 0.003861003861003861
0 0.3743882544861338 0.9874517374517374 0.0016313213703099511 0.0019305019305019305
0 0.36786296900489396 0.9874517374517374 0.0016313213703099511 0.0019305019305019305
0 0.3907014681892333 0.9855212355212355 0.0016313213703099511 0.0019305019305019305
0 0.28629690048939643 0.9864864864864865 0.0016313213703099511 0.003861003861003861
0 0.2724306688417618 0.9864864864864865 0.0032626427406199023 0.003861003861003861
0 0.2634584013050571 0.9864864864864865 0.004893964110929853 0.003861003861003861
0 0.3907014681892333 0.9806949806949807 0.0016313213703099511 0.003861003861003861
0 0.4290375203915171 0.9700772200772201 0.0032626427406199023 0.005791505791505791
0 0.4298531810766721 0.9642857142857143 0.0016313213703099511 0.0019305019305019305
0 0.24877650897226752 0.9642857142857143 0.0016313213703099511 0.0019305019305019305
0 0.4641109298531811 0.9565637065637066 0.0016313213703099511 0.0019305019305019305
0 0.4730831973898858 0.9555984555984556 0.0032626427406199023 0.003861003861003861
0 0.46818923327895595 0.9555984555984556 0.0032626427406199023 0.003861003861003861
0 0.21941272430668843 0.9555984555984556 0.0016313213703099511 0.003861003861003861
0 0.4453507340946166 0.9536679536679536 0.009787928221859706 0.007722007722007722
0 0.199836867862969 0.9411196911196911 0.0016313213703099511 0.0019305019305019305
0 0.1965742251223491 0.9411196911196911 0.0016313213703099511 0.0019305019305019305
0 0.2039151712887439 0.9401544401544402 0.0032626427406199023 0.003861003861003861
0 0.49510603588907015 0.9372586872586872 0.0016313213703099511 0.0019305019305019305
0 0.1965742251223491 0.9333976833976834 0.0016313213703099511 0.0019305019305019305
0 0.49510603588907015 0.9256756756756757 0.0016313213703099511 0.0019305019305019305
0 0.18433931484502447 0.9247104247104247 0.0032626427406199023 0.003861003861003861
0 0.17536704730831973 0.9092664092664092 0.004893964110929853 0.003861003861003861
0 0.46900489396411094 0.8986486486486487 0.0016313213703099511 0.0019305019305019305
0 0.17210440456769985 0.9025096525096525 0.004893964110929853 0.009652509652509652
0 0.49510603588907015 0.8976833976833977 0.0016313213703099511 0.003861003861003861
0 0.49184339314845027 0.8967181467181468 0.0016313213703099511 0.0019305019305019305
0 0.7218597063621534 0.8947876447876448 0.0016313213703099511 0.0019305019305019305
0 0.6451876019575856 0.8938223938223938 0.004893964110929853 0.003861003861003861
0 0.7185970636215334 0.8928571428571429 0.0016313213703099511 0.005791505791505791
0 0.666394779771615 0.8928571428571429 0.004893964110929853 0.005791505791505791
0 0.16231647634584012 0.8928571428571429 0.008156606851549755 0.005791505791505791
0 0.7430668841761827 0.888996138996139 0.0016313213703099511 0.0019305019305019305
0 0.7030995106035889 0.8918918918918919 0.0032626427406199023 0.007722007722007722
0 0.40375203915171287 0.888996138996139 0.0016313213703099511 0.0019305019305019305
0 0.400489396411093 0.8861003861003861 0.004893964110929853 0.003861003861003861
0 0.15823817292006526 0.887065637065637 0.0032626427406199023 0.009652509652509652
0 0.40212071778140296 0.8812741312741312 0.0016313213703099511 0.0019305019305019305
0 0.398858075040783 0.8812741312741312 0.0016313213703099511 0.0019305019305019305
0 0.32871125611745516 0.8812741312741312 0.0016313213703099511 0.0019305019305019305
0 0.31566068515497553 0.8822393822393823 0.004893964110929853 0.003861003861003861
0 0.7610114192495921 0.8793436293436293 0.0016313213703099511 0.0019305019305019305
0 0.3425774877650897 0.8822393822393823 0.0065252854812398045 0.007722007722007722
0 0.766721044045677 0.8774131274131274 0.0065252854812398045 0.005791505791505791
0 0.34176182707993474 0.8754826254826255 0.0016313213703099511 0.0019305019305019305
0 0.299347471451876 0.8754826254826255 0.0016313213703099511 0.0019305019305019305
0 0.3450244698205546 0.8735521235521235 0.0016313213703099511 0.0019305019305019305
0 0.3898858075040783 0.8706563706563707 0.0032626427406199023 0.003861003861003861
0 0.765089722675367 0.8706563706563707 0.009787928221859706 0.011583011583011582
0 0.3907014681892333 0.8658301158301158 0.0016313213703099511 0.0019305019305019305
0 0.38743882544861336 0.8658301158301158 0.0016313213703099511 0.0019305019305019305
0 0.3425774877650897 0.8687258687258688 0.0065252854812398045 0.007722007722007722
0 0.2634584013050571 0.8667953667953668 0.0016313213703099511 0.003861003861003861
0 0.7691680261011419 0.8638996138996139 0.0016313213703099511 0.0019305019305019305
0 0.1468189233278956 0.8687258687258688 0.0065252854812398045 0.011583011583011582
0 0.11827079934747145 0.8638996138996139 0.0016313213703099511 0.0019305019305019305
0 0.7814029363784666 0.862934362934363 0.0032626427406199023 0.003861003861003861
0 0.13376835236541598 0.862934362934363 0.0032626427406199023 0.003861003861003861
0 0.6402936378466558 0.86003861003861 0.0016313213703099511 0.0019305019305019305
0 0.21941272430668843 0.862934362934363 0.004893964110929853 0.007722007722007722
0 0.7822185970636215 0.8581081081081081 0.0016313213703099511 0.0019305019305019305
0 0.10766721044045677 0.861003861003861 0.0065252854812398045 0.007722007722007722
0 0.6468189233278956 0.8503861003861004 0.0016313213703099511 0.0019305019305019305
0 0.6419249592169658 0.8532818532818532 0.004893964110929853 0.007722007722007722
0 0.2969004893964111 0.8571428571428571 0.0065252854812398045 0.015444015444015444
0 0.22104404567699837 0.8503861003861004 0.0016313213703099511 0.0019305019305019305
0 0.37765089722675366 0.8445945945945946 0.0016313213703099511 0.0019305019305019305
0 0.09461663947797716 0.8455598455598455 0.0065252854812398045 0.007722007722007722
0 0.37601957585644374 0.8407335907335908 0.004893964110929853 0.0019305019305019305
0 0.3694942903752039 0.8407335907335908 0.0016313213703099511 0.0019305019305019305
0 0.6566068515497553 0.8388030888030888 0.0016313213703099511 0.0019305019305019305
0 0.6533442088091354 0.8388030888030888 0.0016313213703099511 0.0019305019305019305
0 0.7243066884176182 0.8359073359073359 0.0032626427406199023 0.003861003861003861
0 0.7079934747145188 0.8368725868725869 0.009787928221859706 0.005791505791505791
0 0.700652528548124 0.834942084942085 0.0016313213703099511 0.0019305019305019305
0 0.6933115823817292 0.8368725868725869 0.0032626427406199023 0.005791505791505791
0 0.6549755301794453 0.834942084942085 0.0016313213703099511 0.0019305019305019305
0 0.37520391517128876 0.8359073359073359 0.0065252854812398045 0.003861003861003861
0 0.08156606851549755 0.8301158301158301 0.0065252854812398045 0.007722007722007722
0 0.7740619902120718 0.8194980694980695 0.0016313213703099511 0.0019305019305019305
0 0.6884176182707994 0.8214285714285714 0.0065252854812398045 0.005791505791505791
0 0.6827079934747146 0.8194980694980695 0.0016313213703099511 0.0019305019305019305
0 0.6761827079934747 0.8194980694980695 0.0016313213703099511 0.0019305019305019305
0 0.7104404567699837 0.8571428571428571 0.16802610114192496 0.07722007722007722
0 0.07096247960848287 0.8175675675675675 0.0016313213703099511 0.0019305019305019305
0 0.25856443719412725 0.8166023166023166 0.004893964110929853 0.003861003861003861
0 0.07096247960848287 0.8137065637065637 0.0016313213703099511 0.0019305019305019305
0 0.05301794453507341 0.7905405405405406 0.0016313213703099511 0.0019305019305019305
0 0.25774877650897227 0.7924710424710425 0.0065252854812398045 0.009652509652509652
0 0.18515497553017946 0.7886100386100386 0.0016313213703099511 0.0019305019305019305
0 0.18107667210440456 0.7895752895752896 0.0032626427406199023 0.003861003861003861
0 0.1769983686786297 0.7886100386100386 0.0016313213703099511 0.0019305019305019305
0 0.1737357259380098 0.7886100386100386 0.0016313213703099511 0.0019305019305019305
0 0.6353996737357259 0.7866795366795367 0.0016313213703099511 0.0019305019305019305
0 0.5995106035889071 0.7866795366795367 0.0016313213703099511 0.0019305019305019305
0 0.5962479608482871 0.7866795366795367 0.0016313213703099511 0.0019305019305019305
0 0.049755301794453505 0.7866795366795367 0.0016313213703099511 0.0019305019305019305
0 0.6386623164763459 0.7857142857142857 0.0016313213703099511 0.003861003861003861
0 0.5750407830342578 0.7857142857142857 0.0016313213703099511 0.003861003861003861
0 0.20799347471451876 0.7808880308880309 0.0016313213703099511 0.0019305019305019305
0 0.2039151712887439 0.7818532818532818 0.0032626427406199023 0.003861003861003861
0 0.5970636215334421 0.778957528957529 0.0065252854812398045 0.005791505791505791
0 0.5750407830342578 0.777027027027027 0.0016313213703099511 0.0019305019305019305
0 0.1965742251223491 0.777027027027027 0.0016313213703099511 0.0019305019305019305
0 0.24469820554649266 0.7760617760617761 0.0065252854812398045 0.007722007722007722
0 0.2234910277324633 0.7741312741312741 0.0032626427406199023 0.003861003861003861
0 0.21533442088091354 0.7741312741312741 0.0032626427406199023 0.003861003861003861
0 0.21125611745513867 0.7731660231660231 0.0016313213703099511 0.0019305019305019305
0 0.20473083197389885 0.775096525096525 0.011419249592169658 0.005791505791505791
0 0.1965742251223491 0.7731660231660231 0.0016313213703099511 0.0019305019305019305
0 0.5146818923327896 0.7712355212355212 0.0016313213703099511 0.0019305019305019305
0 0.5114192495921697 0.7712355212355212 0.0016313213703099511 0.0019305019305019305
0 0.04241435562805873 0.7712355212355212 0.0032626427406199023 0.005791505791505791
0 0.5130505709624796 0.7664092664092664 0.004893964110929853 0.003861003861003861
0 0.0399673735725938 0.7654440154440154 0.0016313213703099511 0.0019305019305019305
0 0.5097879282218597 0.7635135135135135 0.0016313213703099511 0.0019305019305019305
0 0.14437194127243066 0.7615830115830116 0.0016313213703099511 0.0019305019305019305
0 0.13947797716150082 0.7615830115830116 0.0016313213703099511 0.0019305019305019305
0 0.4967373572593801 0.7557915057915058 0.0016313213703099511 0.0019305019305019305
0 0.3605220228384992 0.7557915057915058 0.0032626427406199023 0.0019305019305019305
0 0.17781402936378465 0.7557915057915058 0.0032626427406199023 0.0019305019305019305
0 0.5032626427406199 0.7548262548262549 0.004893964110929853 0.003861003861003861
0 0.37601957585644374 0.7548262548262549 0.0016313213703099511 0.003861003861003861
0 0.34910277324632955 0.7548262548262549 0.009787928221859706 0.003861003861003861
0 0.16150081566068517 0.7548262548262549 0.0032626427406199023 0.003861003861003861
0 0.49836867862969003 0.7519305019305019 0.0016313213703099511 0.0019305019305019305
0 0.37112561174551384 0.7538610038610039 0.004893964110929853 0.005791505791505791
0 0.03425774877650897 0.752895752895753 0.0032626427406199023 0.003861003861003861
0 0.02936378466557912 0.7538610038610039 0.0065252854812398045 0.005791505791505791
0 0.19494290375203915 0.75 0.0016313213703099511 0.0019305019305019305
0 0.23246329526916804 0.7403474903474904 0.0016313213703099511 0.0019305019305019305
0 0.22920065252854813 0.7403474903474904 0.0016313213703099511 0.0019305019305019305
0 0.2895595432300163 0.7393822393822393 0.0016313213703099511 0.003861003861003861
0 0.2765089722675367 0.7393822393822393 0.0016313213703099511 0.003861003861003861
0 0.6639477977161501 0.7384169884169884 0.0032626427406199023 0.005791505791505791
0 0.29445350734094616 0.7384169884169884 0.004893964110929853 0.005791505791505791
0 0.25774877650897227 0.7384169884169884 0.0032626427406199023 0.005791505791505791
0 0.23083197389885807 0.7355212355212355 0.004893964110929853 0.003861003861003861
0 0.21615008156606852 0.7364864864864865 0.008156606851549755 0.005791505791505791
0 0.664763458401305 0.7326254826254827 0.0016313213703099511 0.0019305019305019305
0 0.033442088091353996 0.7287644787644788 0.0016313213703099511 0.0019305019305019305
0 0.6794453507340946 0.724903474903475 0.0016313213703099511 0.0019305019305019305
0 0.666394779771615 0.724903474903475 0.0016313213703099511 0.0019305019305019305
0 0.03425774877650897 0.724903474903475 0.0032626427406199023 0.0019305019305019305
0 0.030179445350734094 0.722972972972973 0.0016313213703099511 0.0019305019305019305
0 0.6794453507340946 0.721042471042471 0.0016313213703099511 0.0019305019305019305
0 0.026916802610114192 0.721042471042471 0.0016313213703099511 0.0019305019305019305
0 0.03181076672104405 0.7191119691119691 0.004893964110929853 0.005791505791505791
0 0.6908646003262643 0.7152509652509652 0.0016313213703099511 0.0019305019305019305
0 0.702283849918434 0.7084942084942085 0.004893964110929853 0.003861003861003861
0 0.7243066884176182 0.6756756756756757 0.0032626427406199023 0.007722007722007722
0 0.7283849918433931 0.6737451737451737 0.0016313213703099511 0.007722007722007722
0 0.7283849918433931 0.6640926640926641 0.004893964110929853 0.007722007722007722
0 0.7300163132137031 0.6544401544401545 0.0016313213703099511 0.003861003861003861
0 0.01794453507340946 0.6476833976833977 0.0032626427406199023 0.0019305019305019305
0 0.7911908646003263 0.6322393822393823 0.0032626427406199023 0.0019305019305019305
0 0.7822185970636215 0.6322393822393823 0.0016313213703099511 0.0019305019305019305
0 0.8075040783034257 0.6293436293436293 0.0032626427406199023 0.007722007722007722
0 0.831973898858075 0.6138996138996139 0.0065252854812398045 0.007722007722007722
0 0.8262642740619902 0.611969111969112 0.008156606851549755 0.011583011583011582
0 0.01631321370309951 0.584942084942085 0.0065252854812398045 0.003861003861003861
0 0.01794453507340946 0.5762548262548263 0.009787928221859706 0.009652509652509652
0 0.9021207177814029 0.5694980694980695 0.0032626427406199023 0.003861003861003861
0 0.9070146818923328 0.5685328185328186 0.0032626427406199023 0.005791505791505791
0 0.9029363784665579 0.5588803088803089 0.004893964110929853 0.0019305019305019305
0 0.8442088091353996 0.555019305019305 0.0016313213703099511 0.0019305019305019305
0 0.9143556280587276 0.5472972972972973 0.0016313213703099511 0.0019305019305019305
0 0.0367047308319739 0.5415057915057915 0.0016313213703099511 0.0019305019305019305
0 0.03099510603588907 0.5472972972972973 0.009787928221859706 0.013513513513513514
0 0.8931484502446982 0.5395752895752896 0.0016313213703099511 0.0019305019305019305
0 0.8849918433931484 0.5395752895752896 0.0016313213703099511 0.0019305019305019305
0 0.9061990212071778 0.5386100386100386 0.008156606851549755 0.003861003861003861
0 0.8686786296900489 0.5386100386100386 0.004893964110929853 0.003861003861003861
0 0.8629690048939641 0.5386100386100386 0.0032626427406199023 0.003861003861003861
0 0.867047308319739 0.5357142857142857 0.0016313213703099511 0.0019305019305019305
0 0.9526916802610114 0.5318532818532818 0.0032626427406199023 0.0019305019305019305
0 0.9070146818923328 0.5328185328185329 0.0032626427406199023 0.003861003861003861
0 0.9477977161500816 0.5299227799227799 0.0032626427406199023 0.005791505791505791
0 0.9624796084828712 0.527992277992278 0.0065252854812398045 0.005791505791505791
0 0.9567699836867863 0.5260617760617761 0.0016313213703099511 0.0019305019305019305
0 0.9510603588907015 0.527027027027027 0.0032626427406199023 0.003861003861003861
0 0.9420880913539967 0.527027027027027 0.004893964110929853 0.003861003861003861
0 0.8646003262642741 0.5222007722007722 0.0032626427406199023 0.0019305019305019305
0 0.044861337683523655 0.5183397683397684 0.0016313213703099511 0.0019305019305019305
0 0.041598694942903754 0.5125482625482626 0.004893964110929853 0.005791505791505791
0 0.9388254486133768 0.5048262548262549 0.0016313213703099511 0.0019305019305019305
0 0.04812398042414356 0.49324324324324326 0.004893964110929853 0.0019305019305019305
0 0.041598694942903754 0.4623552123552124 0.0016313213703099511 0.0019305019305019305
0 0.0399673735725938 0.4527027027027027 0.0016313213703099511 0.0019305019305019305
0 0.0399673735725938 0.4411196911196911 0.0016313213703099511 0.0019305019305019305
0 0.044861337683523655 0.4218146718146718 0.0016313213703099511 0.0019305019305019305
0 0.9510603588907015 0.4189189189189189 0.0032626427406199023 0.003861003861003861
0 0.0464926590538336 0.4189189189189189 0.004893964110929853 0.003861003861003861
0 0.040783034257748776 0.4189189189189189 0.0032626427406199023 0.003861003861003861
0 0.9363784665579119 0.38996138996138996 0.0065252854812398045 0.007722007722007722
0 0.05546492659053834 0.38996138996138996 0.0065252854812398045 0.007722007722007722
0 0.9257748776508973 0.37258687258687256 0.0016313213703099511 0.003861003861003861
0 0.9225122349102773 0.3716216216216216 0.0016313213703099511 0.0019305019305019305
0 0.9127243066884176 0.36776061776061775 0.0016313213703099511 0.0019305019305019305
0 0.9110929853181077 0.3638996138996139 0.0016313213703099511 0.0019305019305019305
0 0.9110929853181077 0.36003861003861004 0.0016313213703099511 0.0019305019305019305
0 0.9110929853181077 0.3561776061776062 0.0016313213703099511 0.0019305019305019305
0 0.9078303425774877 0.3561776061776062 0.0016313213703099511 0.0019305019305019305
0 0.06606851549755302 0.3561776061776062 0.0016313213703099511 0.0019305019305019305
0 0.06606851549755302 0.35231660231660233 0.0016313213703099511 0.0019305019305019305
0 0.07911908646003263 0.32722007722007723 0.0016313213703099511 0.0019305019305019305
0 0.8898858075040783 0.3252895752895753 0.0016313213703099511 0.0019305019305019305
0 0.08075040783034258 0.305019305019305 0.004893964110929853 0.003861003861003861
0 0.07911908646003263 0.3001930501930502 0.0016313213703099511 0.0019305019305019305
0 0.8735725938009788 0.27895752895752896 0.0016313213703099511 0.0019305019305019305
0 0.12479608482871125 0.2635135135135135 0.0016313213703099511 0.0019305019305019305
0 0.10848287112561175 0.2635135135135135 0.0016313213703099511 0.0019305019305019305
0 0.8588907014681892 0.25965250965250963 0.004893964110929853 0.005791505791505791
0 0.8556280587275693 0.2557915057915058 0.0016313213703099511 0.0019305019305019305
0 0.13132137030995106 0.2519305019305019 0.0016313213703099511 0.0019305019305019305
0 0.8588907014681892 0.25 0.004893964110929853 0.005791505791505791
0 0.13132137030995106 0.23648648648648649 0.0016313213703099511 0.0019305019305019305
0 0.8474714518760196 0.2335907335907336 0.0016313213703099511 0.003861003861003861
0 0.8442088091353996 0.23262548262548263 0.0016313213703099511 0.0019305019305019305
0 0.1402936378466558 0.23455598455598456 0.0065252854812398045 0.005791505791505791
0 0.831973898858075 0.22007722007722008 0.0065252854812398045 0.007722007722007722
0 0.25774877650897227 0.21814671814671815 0.009787928221859706 0.003861003861003861
0 0.24388254486133767 0.2171814671814672 0.0016313213703099511 0.0019305019305019305
0 0.2169657422512235 0.2171814671814672 0.0032626427406199023 0.0019305019305019305
0 0.1639477977161501 0.21525096525096524 0.004893964110929853 0.005791505791505791
0 0.16068515497553018 0.2084942084942085 0.004893964110929853 0.007722007722007722
0 0.15742251223491027 0.20366795366795368 0.0016313213703099511 0.0019305019305019305
0 0.24714518760195758 0.19594594594594594 0.0016313213703099511 0.0019305019305019305
0 0.24469820554649266 0.19787644787644787 0.0032626427406199023 0.005791505791505791
0 0.7952691680261011 0.18629343629343628 0.0016313213703099511 0.0019305019305019305
0 0.31402936378466556 0.18629343629343628 0.0016313213703099511 0.0019305019305019305
0 0.17047308319738988 0.18629343629343628 0.0016313213703099511 0.0019305019305019305
0 0.18433931484502447 0.17277992277992277 0.0032626427406199023 0.0019305019305019305
0 0.2814029363784666 0.166988416988417 0.008156606851549755 0.005791505791505791
0 0.7952691680261011 0.1611969111969112 0.0016313213703099511 0.0019305019305019305
0 0.3931484502446982 0.15926640926640925 0.0032626427406199023 0.005791505791505791
0 0.28629690048939643 0.1554054054054054 0.0016313213703099511 0.0019305019305019305
0 0.1965742251223491 0.1554054054054054 0.0016313213703099511 0.0019305019305019305
0 0.1859706362153344 0.15926640926640925 0.0065252854812398045 0.009652509652509652
0 0.8083197389885808 0.15154440154440155 0.0016313213703099511 0.0019305019305019305
0 0.8050570962479608 0.14671814671814673 0.004893964110929853 0.007722007722007722
0 0.8075040783034257 0.14189189189189189 0.0032626427406199023 0.005791505791505791
0 0.800978792822186 0.14092664092664092 0.0032626427406199023 0.003861003861003861
0 0.4094616639477977 0.14189189189189189 0.009787928221859706 0.005791505791505791
0 0.2732463295269168 0.13996138996138996 0.0016313213703099511 0.0019305019305019305
0 0.20636215334420882 0.13996138996138996 0.0016313213703099511 0.0019305019305019305
0 0.200652528548124 0.14575289575289574 0.009787928221859706 0.013513513513513514
0 0.43148450244698205 0.12837837837837837 0.0016313213703099511 0.0019305019305019305
0 0.43148450244698205 0.12451737451737452 0.0016313213703099511 0.0019305019305019305
0 0.21778140293637846 0.12451737451737452 0.0016313213703099511 0.0019305019305019305
0 0.21207177814029363 0.12644787644787644 0.0065252854812398045 0.005791505791505791
0 0.2634584013050571 0.12162162162162163 0.0016313213703099511 0.003861003861003861
0 0.45758564437194127 0.11196911196911197 0.0016313213703099511 0.007722007722007722
0 0.23898858075040783 0.10714285714285714 0.0016313213703099511 0.0019305019305019305
0 0.2601957585644372 0.09942084942084942 0.0016313213703099511 0.0019305019305019305
0 0.4812398042414356 0.0945945945945946 0.0032626427406199023 0.003861003861003861
0 0.4730831973898858 0.09555984555984556 0.0065252854812398045 0.005791505791505791
0 0.2601957585644372 0.09362934362934362 0.0016313213703099511 0.0019305019305019305
0 0.24551386623164764 0.09362934362934362 0.0016313213703099511 0.0019305019305019305
0 0.2398042414355628 0.09942084942084942 0.009787928221859706 0.013513513513513514
0 0.48450244698205547 0.08976833976833977 0.0032626427406199023 0.0019305019305019305
0 0.48531810766721045 0.0859073359073359 0.0016313213703099511 0.0019305019305019305
0 0.7944535073409462 0.08397683397683398 0.0032626427406199023 0.013513513513513514
0 0.49184339314845027 0.07818532818532818 0.0016313213703099511 0.0019305019305019305
0 0.48776508972267535 0.08011583011583012 0.0032626427406199023 0.005791505791505791
0 0.48450244698205547 0.08011583011583012 0.0032626427406199023 0.005791505791505791
0 0.7887438825448614 0.07625482625482626 0.0016313213703099511 0.0019305019305019305
0 0.4967373572593801 0.07239382239382239 0.0016313213703099511 0.0019305019305019305
0 0.5212071778140294 0.06660231660231661 0.0016313213703099511 0.0019305019305019305
0 0.7854812398042414 0.06274131274131274 0.0016313213703099511 0.0019305019305019305
0 0.566884176182708 0.06274131274131274 0.0016313213703099511 0.0019305019305019305
0 0.5619902120717781 0.06274131274131274 0.0016313213703099511 0.0019305019305019305
0 0.5130505709624796 0.0637065637065637 0.004893964110929853 0.003861003861003861
0 0.5081566068515497 0.06274131274131274 0.0016313213703099511 0.0019305019305019305
0 0.5889070146818923 0.05501930501930502 0.0032626427406199023 0.005791505791505791
0 0.7797716150081566 0.05019305019305019 0.0065252854812398045 0.007722007722007722
0 0.6109298531810766 0.04826254826254826 0.008156606851549755 0.003861003861003861
0 0.5897226753670473 0.04826254826254826 0.004893964110929853 0.003861003861003861
0 0.7512234910277324 0.03571428571428571 0.0016313213703099511 0.0019305019305019305
0 0.6549755301794453 0.033783783783783786 0.0016313213703099511 0.0019305019305019305
0 0.6451876019575856 0.03571428571428571 0.008156606851549755 0.005791505791505791
0 0.766721044045677 0.033783783783783786 0.0065252854812398045 0.005791505791505791
0 0.7610114192495921 0.03185328185328185 0.0016313213703099511 0.0019305019305019305
0 0.7536704730831973 0.032818532818532815 0.0032626427406199023 0.003861003861003861
0 0.6305057096247961 0.03185328185328185 0.0016313213703099511 0.0019305019305019305
0 0.7047308319738989 0.017374517374517374 0.0065252854812398045 0.003861003861003861
0 0.4893964110929853 0.5077220077220077 0.9526916802610114 0.9845559845559846
