0 0.540520984081042 0.9974358974358974 0.001447178002894356 0.0017094017094017094
0 0.15412445730824892 0.9974358974358974 0.001447178002894356 0.0017094017094017094
0 0.4913169319826339 0.9965811965811966 0.004341534008683068 0.003418803418803419
0 0.1512301013024602 0.9965811965811966 0.001447178002894356 0.003418803418803419
0 0.6244573082489147 0.9923076923076923 0.001447178002894356 0.0017094017094017094
0 0.48842257597684513 0.9905982905982906 0.004341534008683068 0.008547008547008548
0 0.19536903039073805 0.9829059829059829 0.002894356005788712 0.003418803418803419
0 0.48842257597684513 0.9700854700854701 0.001447178002894356 0.0017094017094017094
0 0.20622286541244572 0.9700854700854701 0.001447178002894356 0.0017094017094017094
0 0.6497829232995659 0.9692307692307692 0.002894356005788712 0.003418803418803419
0 0.2076700434153401 0.9666666666666667 0.001447178002894356 0.0017094017094017094
0 0.4869753979739508 0.9632478632478633 0.001447178002894356 0.0017094017094017094
0 0.658465991316932 0.9572649572649573 0.002894356005788712 0.003418803418803419
0 0.4681620839363242 0.9564102564102565 0.001447178002894356 0.0017094017094017094
0 0.1353111432706223 0.9564102564102565 0.001447178002894356 0.0017094017094017094
0 0.4638205499276411 0.9547008547008548 0.001447178002894356 0.0017094017094017094
0 0.13024602026049203 0.9547008547008548 0.005788712011577424 0.005128205128205128
0 0.6685962373371924 0.9538461538461539 0.005788712011577424 0.006837606837606838
0 0.2178002894356006 0.9427350427350427 0.001447178002894356 0.0017094017094017094
0 0.6823444283646889 0.941025641025641 0.001447178002894356 0.0017094017094017094
0 0.6765557163531114 0.9418803418803419 0.00723589001447178 0.003418803418803419
0 0.6772793053545586 0.9367521367521368 0.002894356005788712 0.003418803418803419
0 0.4544138929088278 0.9393162393162393 0.005788712011577424 0.008547008547008548
0 0.45296671490593343 0.935042735042735 0.002894356005788712 0.003418803418803419
0 0.6808972503617945 0.935042735042735 0.004341534008683068 0.006837606837606838
0 0.45224312590448623 0.9299145299145299 0.001447178002894356 0.003418803418803419
0 0.23082489146164978 0.9273504273504274 0.001447178002894356 0.0017094017094017094
0 0.23082489146164978 0.923931623931624 0.001447178002894356 0.0017094017094017094
0 0.22793053545586106 0.9205128205128205 0.004341534008683068 0.005128205128205128
0 0.4406657018813314 0.9153846153846154 0.001447178002894356 0.0017094017094017094
0 0.4406657018813314 0.911965811965812 0.001447178002894356 0.0017094017094017094
0 0.6888567293777135 0.9128205128205128 0.002894356005788712 0.006837606837606838
0 0.6924746743849494 0.9111111111111111 0.001447178002894356 0.006837606837606838
0 0.2539797395079595 0.8982905982905983 0.001447178002894356 0.0017094017094017094
0 0.24457308248914617 0.9 0.008683068017366137 0.005128205128205128
0 0.11360347322720694 0.888034188034188 0.001447178002894356 0.0017094017094017094
0 0.44138929088277856 0.8871794871794871 0.002894356005788712 0.003418803418803419
0 0.26483357452966716 0.8871794871794871 0.002894356005788712 0.003418803418803419
0 0.44211287988422576 0.8837606837606837 0.004341534008683068 0.003418803418803419
0 0.4406657018813314 0.8794871794871795 0.001447178002894356 0.0017094017094017094
0 0.26410998552821996 0.8794871794871795 0.001447178002894356 0.0017094017094017094
0 0.6939218523878437 0.8777777777777778 0.001447178002894356 0.0017094017094017094
0 0.691027496382055 0.8777777777777778 0.001447178002894356 0.0017094017094017094
0 0.42908827785817655 0.8743589743589744 0.001447178002894356 0.0017094017094017094
0 0.2865412445730825 0.8717948717948718 0.005788712011577424 0.006837606837606838
0 0.11070911722141824 0.8692307692307693 0.001447178002894356 0.015384615384615385
0 0.2865412445730825 0.8623931623931624 0.005788712011577424 0.008547008547008548
0 0.10636758321273516 0.8589743589743589 0.001447178002894356 0.0017094017094017094
0 0.28871201157742404 0.8555555555555555 0.001447178002894356 0.0017094017094017094
0 0.30028943560057886 0.8435897435897436 0.001447178002894356 0.0017094017094017094
0 0.39652677279305354 0.8444444444444444 0.005788712011577424 0.006837606837606838
0 0.09334298118668596 0.8367521367521368 0.001447178002894356 0.0017094017094017094
0 0.6917510853835022 0.8376068376068376 0.005788712011577424 0.006837606837606838
0 0.09334298118668596 0.8316239316239317 0.001447178002894356 0.0017094017094017094
0 0.39290882778581765 0.8196581196581196 0.001447178002894356 0.0017094017094017094
0 0.3827785817655572 0.8179487179487179 0.001447178002894356 0.0017094017094017094
0 0.6664254703328509 0.8111111111111111 0.001447178002894356 0.0017094017094017094
0 0.38567293777134587 0.8136752136752137 0.004341534008683068 0.006837606837606838
0 0.08176555716353111 0.8111111111111111 0.001447178002894356 0.0017094017094017094
0 0.6664254703328509 0.8076923076923077 0.001447178002894356 0.0017094017094017094
0 0.08176555716353111 0.8076923076923077 0.001447178002894356 0.0017094017094017094
0 0.3219971056439942 0.805982905982906 0.001447178002894356 0.0017094017094017094
0 0.3227206946454414 0.8025641025641026 0.002894356005788712 0.0017094017094017094
0 0.0824891461649783 0.8025641025641026 0.002894356005788712 0.005128205128205128
0 0.3219971056439942 0.7974358974358975 0.004341534008683068 0.005128205128205128
0 0.6570188133140377 0.7957264957264957 0.005788712011577424 0.005128205128205128
0 0.6519536903039074 0.794017094017094 0.001447178002894356 0.0017094017094017094
0 0.32054992764109985 0.794017094017094 0.001447178002894356 0.0017094017094017094
0 0.3784370477568741 0.7923076923076923 0.001447178002894356 0.0017094017094017094
0 0.37337192474674386 0.7905982905982906 0.005788712011577424 0.005128205128205128
0 0.6345875542691751 0.7871794871794872 0.004341534008683068 0.005128205128205128
0 0.6360347322720694 0.782051282051282 0.001447178002894356 0.0017094017094017094
0 0.3219971056439942 0.7786324786324786 0.001447178002894356 0.0017094017094017094
0 0.060781476121562955 0.7760683760683761 0.005788712011577424 0.006837606837606838
0 0.6338639652677279 0.7692307692307693 0.005788712011577424 0.006837606837606838
0 0.3299565846599132 0.7623931623931623 0.002894356005788712 0.006837606837606838
0 0.33357452966714907 0.7606837606837606 0.001447178002894356 0.006837606837606838
0 0.6208393632416788 0.7615384615384615 0.008683068017366137 0.011965811965811967
0 0.37337192474674386 0.7547008547008547 0.002894356005788712 0.0017094017094017094
0 0.622286541244573 0.7547008547008547 0.005788712011577424 0.005128205128205128
0 0.6172214182344429 0.752991452991453 0.001447178002894356 0.0017094017094017094
0 0.3748191027496382 0.7504273504273504 0.002894356005788712 0.003418803418803419
0 0.05861070911722142 0.7478632478632479 0.001447178002894356 0.0017094017094017094
0 0.04703328509406657 0.735897435897436 0.001447178002894356 0.0017094017094017094
0 0.049927641099855286 0.7341880341880341 0.001447178002894356 0.005128205128205128
0 0.04703328509406657 0.7307692307692307 0.001447178002894356 0.0017094017094017094
0 0.5998552821997105 0.7273504273504273 0.004341534008683068 0.005128205128205128
0 0.5940665701881331 0.7256410256410256 0.001447178002894356 0.0017094017094017094
0 0.3784370477568741 0.7256410256410256 0.001447178002894356 0.0017094017094017094
0 0.37337192474674386 0.7273504273504273 0.005788712011577424 0.005128205128205128
0 0.3451519536903039 0.7230769230769231 0.004341534008683068 0.003418803418803419
0 0.585383502170767 0.7136752136752137 0.00723589001447178 0.005128205128205128
0 0.414616497829233 0.711965811965812 0.001447178002894356 0.0017094017094017094
0 0.4015918958031838 0.711965811965812 0.001447178002894356 0.0017094017094017094
0 0.03545586107091172 0.7102564102564103 0.001447178002894356 0.0017094017094017094
0 0.565123010130246 0.705982905982906 0.004341534008683068 0.006837606837606838
0 0.5615050651230101 0.7042735042735043 0.002894356005788712 0.003418803418803419
0 0.0361794500723589 0.7042735042735043 0.002894356005788712 0.006837606837606838
0 0.5665701881331404 0.7 0.001447178002894356 0.0017094017094017094
0 0.5607814761215629 0.6991452991452991 0.00723589001447178 0.003418803418803419
0 0.4305354558610709 0.6982905982905983 0.001447178002894356 0.0017094017094017094
0 0.5549927641099855 0.6897435897435897 0.001447178002894356 0.0017094017094017094
0 0.42908827785817655 0.6829059829059829 0.001447178002894356 0.0017094017094017094
0 0.03256150506512301 0.6829059829059829 0.001447178002894356 0.0017094017094017094
0 0.029667149059334298 0.6829059829059829 0.001447178002894356 0.0017094017094017094
0 0.5542691751085383 0.6820512820512821 0.002894356005788712 0.006837606837606838
0 0.023878437047756874 0.6777777777777778 0.001447178002894356 0.0017094017094017094
0 0.5520984081041969 0.676923076923077 0.004341534008683068 0.006837606837606838
0 0.5549927641099855 0.6726495726495727 0.001447178002894356 0.0017094017094017094
0 0.026772793053545588 0.6777777777777778 0.00723589001447178 0.011965811965811967
0 0.34442836468885674 0.6726495726495727 0.005788712011577424 0.005128205128205128
0 0.3393632416787265 0.6709401709401709 0.001447178002894356 0.0017094017094017094
0 0.4305354558610709 0.6623931623931624 0.001447178002894356 0.0017094017094017094
0 0.5434153400868307 0.658974358974359 0.001447178002894356 0.0017094017094017094
0 0.5397973950795948 0.658974358974359 0.002894356005788712 0.0017094017094017094
0 0.5354558610709117 0.6572649572649573 0.002894356005788712 0.0017094017094017094
0 0.42908827785817655 0.6555555555555556 0.001447178002894356 0.0017094017094017094
0 0.01808972503617945 0.6538461538461539 0.001447178002894356 0.0017094017094017094
0 0.3350217076700434 0.6521367521367522 0.001447178002894356 0.0017094017094017094
0 0.5318379160636758 0.6504273504273504 0.001447178002894356 0.0017094017094017094
0 0.5311143270622286 0.6452991452991453 0.002894356005788712 0.005128205128205128
0 0.3350217076700434 0.6435897435897436 0.001447178002894356 0.0017094017094017094
0 0.5202604920405209 0.6384615384615384 0.001447178002894356 0.0017094017094017094
0 0.48842257597684513 0.6205128205128205 0.004341534008683068 0.003418803418803419
0 0.532561505065123 0.8076923076923077 0.32416787264833574 0.38461538461538464
0 0.487698986975398 0.6162393162393163 0.002894356005788712 0.0017094017094017094
0 0.04848046309696093 0.6076923076923076 0.001447178002894356 0.0017094017094017094
0 0.03545586107091172 0.6059829059829059 0.001447178002894356 0.0017094017094017094
0 0.08755426917510854 0.6025641025641025 0.001447178002894356 0.0017094017094017094
0 0.06874095513748191 0.6025641025641025 0.001447178002894356 0.0017094017094017094
0 0.04052098408104197 0.6051282051282051 0.008683068017366137 0.006837606837606838
0 0.17872648335745298 0.594017094017094 0.001447178002894356 0.0017094017094017094
0 0.11649782923299566 0.5948717948717949 0.001447178002894356 0.003418803418803419
0 0.11649782923299566 0.5905982905982906 0.001447178002894356 0.0017094017094017094
0 0.1309696092619392 0.5897435897435898 0.004341534008683068 0.003418803418803419
0 0.22503617945007237 0.5786324786324787 0.00723589001447178 0.005128205128205128
0 0.23082489146164978 0.5769230769230769 0.004341534008683068 0.005128205128205128
0 0.21273516642547033 0.5752136752136752 0.002894356005788712 0.0017094017094017094
0 0.17945007235890015 0.7863247863247863 0.3357452966714906 0.4239316239316239
0 0.5361794500723589 0.5598290598290598 0.001447178002894356 0.0017094017094017094
0 0.5043415340086831 0.5598290598290598 0.001447178002894356 0.0017094017094017094
0 0.45803183791606367 0.5598290598290598 0.001447178002894356 0.0017094017094017094
0 0.4312590448625181 0.5598290598290598 0.002894356005788712 0.0017094017094017094
0 0.4276410998552822 0.5598290598290598 0.001447178002894356 0.0017094017094017094
0 0.4247467438494935 0.5598290598290598 0.001447178002894356 0.0017094017094017094
0 0.22793053545586106 0.5598290598290598 0.001447178002894356 0.0017094017094017094
0 0.5296671490593343 0.558974358974359 0.002894356005788712 0.003418803418803419
0 0.21852387843704776 0.558974358974359 0.002894356005788712 0.003418803418803419
0 0.18668596237337193 0.558974358974359 0.002894356005788712 0.003418803418803419
0 0.15050651230101303 0.558974358974359 0.005788712011577424 0.003418803418803419
0 0.14327062228654125 0.558974358974359 0.002894356005788712 0.003418803418803419
0 0.5412445730824892 0.5581196581196581 0.005788712011577424 0.005128205128205128
0 0.5274963820549927 0.5564102564102564 0.001447178002894356 0.0017094017094017094
0 0.2402315484804631 0.5572649572649573 0.005788712011577424 0.006837606837606838
0 0.23444283646888567 0.5555555555555556 0.008683068017366137 0.010256410256410256
0 0.565123010130246 0.5461538461538461 0.001447178002894356 0.0017094017094017094
0 0.5607814761215629 0.5461538461538461 0.001447178002894356 0.0017094017094017094
0 0.5520984081041969 0.5461538461538461 0.001447178002894356 0.0017094017094017094
0 0.09696092619392185 0.5444444444444444 0.008683068017366137 0.005128205128205128
0 0.3350217076700434 0.5316239316239316 0.004341534008683068 0.003418803418803419
0 0.34008683068017365 0.5299145299145299 0.002894356005788712 0.003418803418803419
0 0.25108538350217074 0.5307692307692308 0.004341534008683068 0.005128205128205128
0 0.2633863965267728 0.5299145299145299 0.005788712011577424 0.006837606837606838
0 0.2568740955137482 0.5282051282051282 0.010130246020260492 0.010256410256410256
0 0.3219971056439942 0.5188034188034188 0.001447178002894356 0.0017094017094017094
0 0.2698986975397974 0.5188034188034188 0.001447178002894356 0.0017094017094017094
0 0.29667149059334297 0.517948717948718 0.002894356005788712 0.003418803418803419
0 0.08176555716353111 0.5170940170940171 0.001447178002894356 0.0017094017094017094
0 0.605643994211288 0.5051282051282051 0.001447178002894356 0.0017094017094017094
0 0.07308248914616498 0.5051282051282051 0.001447178002894356 0.0017094017094017094
0 0.6114327062228654 0.5042735042735043 0.004341534008683068 0.003418803418803419
0 0.07018813314037627 0.5042735042735043 0.001447178002894356 0.003418803418803419
0 0.6041968162083936 0.5017094017094017 0.001447178002894356 0.0017094017094017094
0 0.6121562952243126 0.49914529914529915 0.002894356005788712 0.003418803418803419
0 0.6316931982633864 0.4897435897435897 0.00723589001447178 0.005128205128205128
0 0.6403762662807525 0.4777777777777778 0.001447178002894356 0.0017094017094017094
0 0.6454413892908828 0.47606837606837604 0.005788712011577424 0.005128205128205128
0 0.060781476121562955 0.4547008547008547 0.005788712011577424 0.006837606837606838
0 0.07525325615050651 0.45213675213675214 0.002894356005788712 0.005128205128205128
0 0.6685962373371924 0.4478632478632479 0.005788712011577424 0.006837606837606838
0 0.0788712011577424 0.43846153846153846 0.001447178002894356 0.0017094017094017094
0 0.670767004341534 0.42905982905982903 0.001447178002894356 0.003418803418803419
0 0.6780028943560058 0.4230769230769231 0.001447178002894356 0.0017094017094017094
0 0.6722141823444283 0.4230769230769231 0.001447178002894356 0.0017094017094017094
0 0.6758321273516642 0.4205128205128205 0.002894356005788712 0.003418803418803419
0 0.08393632416787265 0.41965811965811967 0.005788712011577424 0.008547008547008548
0 0.6852387843704776 0.40854700854700854 0.001447178002894356 0.003418803418803419
0 0.09334298118668596 0.4025641025641026 0.001447178002894356 0.0017094017094017094
0 0.6939218523878437 0.3837606837606838 0.001447178002894356 0.0017094017094017094
0 0.0955137481910275 0.38632478632478634 0.005788712011577424 0.006837606837606838
0 0.11649782923299566 0.3752136752136752 0.001447178002894356 0.0017094017094017094
0 0.11794500723589002 0.37094017094017095 0.004341534008683068 0.003418803418803419
0 0.12807525325615052 0.36324786324786323 0.001447178002894356 0.0017094017094017094
0 0.6939218523878437 0.32905982905982906 0.001447178002894356 0.0017094017094017094
0 0.13675832127351664 0.32905982905982906 0.001447178002894356 0.0017094017094017094
0 0.6939218523878437 0.32564102564102565 0.001447178002894356 0.0017094017094017094
0 0.6939218523878437 0.3153846153846154 0.001447178002894356 0.0017094017094017094
0 0.13024602026049203 0.3111111111111111 0.005788712011577424 0.006837606837606838
0 0.6903039073806078 0.3111111111111111 0.008683068017366137 0.013675213675213675
0 0.6917510853835022 0.3034188034188034 0.005788712011577424 0.005128205128205128
0 0.6866859623733719 0.3017094017094017 0.001447178002894356 0.0017094017094017094
0 0.6823444283646889 0.30085470085470084 0.001447178002894356 0.003418803418803419
0 0.1309696092619392 0.29743589743589743 0.00723589001447178 0.017094017094017096
0 0.6186685962373372 0.288034188034188 0.001447178002894356 0.0017094017094017094
0 0.625904486251809 0.28034188034188035 0.001447178002894356 0.003418803418803419
0 0.6490593342981187 0.2777777777777778 0.001447178002894356 0.0017094017094017094
0 0.6490593342981187 0.2743589743589744 0.001447178002894356 0.0017094017094017094
0 0.1309696092619392 0.28034188034188035 0.001447178002894356 0.013675213675213675
0 0.5781476121562952 0.2641025641025641 0.001447178002894356 0.0017094017094017094
0 0.5658465991316932 0.25384615384615383 0.002894356005788712 0.005128205128205128
0 0.5578871201157742 0.24700854700854702 0.001447178002894356 0.0017094017094017094
0 0.12807525325615052 0.24700854700854702 0.001447178002894356 0.0017094017094017094
0 0.11866859623733719 0.24273504273504273 0.005788712011577424 0.006837606837606838
0 0.1049204052098408 0.23162393162393163 0.001447178002894356 0.0017094017094017094
0 0.11070911722141824 0.2299145299145299 0.00723589001447178 0.005128205128205128
0 0.08972503617945007 0.21623931623931625 0.005788712011577424 0.005128205128205128
0 0.08176555716353111 0.21452991452991452 0.001447178002894356 0.0017094017094017094
0 0.5332850940665702 0.2111111111111111 0.001447178002894356 0.0017094017094017094
0 0.5318379160636758 0.2076923076923077 0.001447178002894356 0.0017094017094017094
0 0.5412445730824892 0.2076923076923077 0.005788712011577424 0.005128205128205128
0 0.5361794500723589 0.20598290598290597 0.001447178002894356 0.0017094017094017094
0 0.5289435600578871 0.20683760683760682 0.001447178002894356 0.003418803418803419
0 0.5202604920405209 0.20085470085470086 0.001447178002894356 0.0017094017094017094
0 0.07742402315484805 0.20085470085470086 0.001447178002894356 0.0017094017094017094
0 0.0723589001447178 0.20170940170940171 0.005788712011577424 0.006837606837606838
0 0.5202604920405209 0.19743589743589743 0.001447178002894356 0.0017094017094017094
0 0.5180897250361794 0.1811965811965812 0.005788712011577424 0.006837606837606838
0 0.05861070911722142 0.17863247863247864 0.001447178002894356 0.0017094017094017094
0 0.04703328509406657 0.16153846153846155 0.001447178002894356 0.0017094017094017094
0 0.03545586107091172 0.14957264957264957 0.001447178002894356 0.0017094017094017094
0 0.03545586107091172 0.14615384615384616 0.001447178002894356 0.0017094017094017094
0 0.4971056439942113 0.1358974358974359 0.001447178002894356 0.0017094017094017094
0 0.4971056439942113 0.13162393162393163 0.001447178002894356 0.003418803418803419
0 0.48552821997105644 0.1188034188034188 0.001447178002894356 0.0017094017094017094
0 0.0361794500723589 0.11367521367521367 0.002894356005788712 0.008547008547008548
0 0.04703328509406657 0.09829059829059829 0.001447178002894356 0.0017094017094017094
0 0.4833574529667149 0.09914529914529914 0.005788712011577424 0.006837606837606838
0 0.47395079594790157 0.09572649572649573 0.015918958031837915 0.020512820512820513
0 0.4717800289435601 0.08461538461538462 0.005788712011577424 0.005128205128205128
0 0.4667149059334298 0.0829059829059829 0.001447178002894356 0.0017094017094017094
0 0.07163531114327062 0.08376068376068375 0.001447178002894356 0.003418803418803419
0 0.049204052098408106 0.08547008547008547 0.005788712011577424 0.006837606837606838
0 0.41606367583212733 0.06923076923076923 0.001447178002894356 0.0017094017094017094
0 0.39290882778581765 0.05897435897435897 0.001447178002894356 0.0017094017094017094
0 0.3914616497829233 0.05555555555555555 0.001447178002894356 0.0017094017094017094
0 0.3878437047756874 0.05641025641025641 0.002894356005788712 0.003418803418803419
0 0.2858176555716353 0.05641025641025641 0.004341534008683068 0.003418803418803419
0 0.09623733719247468 0.05555555555555555 0.001447178002894356 0.0017094017094017094
0 0.09334298118668596 0.05641025641025641 0.001447178002894356 0.003418803418803419
0 0.23227206946454415 0.05042735042735043 0.001447178002894356 0.0017094017094017094
0 0.2590448625180897 0.04957264957264957 0.002894356005788712 0.003418803418803419
0 0.35672937771345875 0.04700854700854701 0.001447178002894356 0.0017094017094017094
0 0.19464544138929088 0.04700854700854701 0.004341534008683068 0.0017094017094017094
0 0.19030390738060782 0.04700854700854701 0.001447178002894356 0.0017094017094017094
0 0.2655571635311143 0.0452991452991453 0.001447178002894356 0.0017094017094017094
0 0.36107091172214184 0.04188034188034188 0.001447178002894356 0.0017094017094017094
0 0.3299565846599132 0.044444444444444446 0.005788712011577424 0.006837606837606838
0 0.32489146164978294 0.044444444444444446 0.001447178002894356 0.006837606837606838
0 0.2655571635311143 0.04188034188034188 0.001447178002894356 0.0017094017094017094
0 0.2583212735166425 0.04358974358974359 0.010130246020260492 0.005128205128205128
0 0.23227206946454415 0.042735042735042736 0.001447178002894356 0.003418803418803419
0 0.19536903039073805 0.042735042735042736 0.002894356005788712 0.003418803418803419
0 0.191027496382055 0.042735042735042736 0.002894356005788712 0.003418803418803419
0 0.10709117221418235 0.044444444444444446 0.005788712011577424 0.006837606837606838
0 0.18234442836468887 0.03076923076923077 0.005788712011577424 0.006837606837606838
0 0.11866859623733719 0.03076923076923077 0.005788712011577424 0.006837606837606838
0 0.12807525325615052 0.017948717948717947 0.001447178002894356 0.0017094017094017094
0 0.1613603473227207 0.01452991452991453 0.001447178002894356 0.0017094017094017094
0 0.138205499276411 0.01623931623931624 0.010130246020260492 0.005128205128205128
0 0.36468885672937773 0.28717948717948716 0.6599131693198264 0.5470085470085471
