0 0.3735224586288416 0.9887278582930756 0.009456264775413711 0.00644122383252818
0 0.2695035460992908 0.9887278582930756 0.009456264775413711 0.00644122383252818
0 0.3888888888888889 0.9782608695652174 0.002364066193853428 0.001610305958132045
0 0.3888888888888889 0.9750402576489533 0.002364066193853428 0.001610305958132045
0 0.2695035460992908 0.9790660225442834 0.009456264775413711 0.00966183574879227
0 0.2635933806146572 0.965378421900161 0.002364066193853428 0.001610305958132045
0 0.2470449172576832 0.9637681159420289 0.002364066193853428 0.001610305958132045
0 0.41252955082742315 0.9605475040257649 0.002364066193853428 0.001610305958132045
0 0.25177304964539005 0.9597423510466989 0.0070921985815602835 0.00644122383252818
0 0.24231678486997635 0.9524959742351047 0.002364066193853428 0.001610305958132045
0 0.43617021276595747 0.9516908212560387 0.0070921985815602835 0.00322061191626409
0 0.23404255319148937 0.9476650563607085 0.014184397163120567 0.011272141706924315
0 0.22695035460992907 0.9396135265700483 0.004728132387706856 0.001610305958132045
0 0.22104018912529552 0.9396135265700483 0.002364066193853428 0.001610305958132045
0 0.4645390070921986 0.9380032206119162 0.01182033096926714 0.004830917874396135
0 0.4739952718676123 0.926731078904992 0.002364066193853428 0.001610305958132045
0 0.19148936170212766 0.9251207729468599 0.004728132387706856 0.004830917874396135
0 0.4905437352245863 0.9243156199677939 0.002364066193853428 0.00644122383252818
0 0.48226950354609927 0.9243156199677939 0.009456264775413711 0.00644122383252818
0 0.19030732860520094 0.9202898550724637 0.002364066193853428 0.001610305958132045
0 0.4929078014184397 0.9138486312399355 0.002364066193853428 0.001610305958132045
0 0.17139479905437352 0.9122383252818036 0.002364066193853428 0.001610305958132045
0 0.5094562647754137 0.9114331723027376 0.002364066193853428 0.00644122383252818
0 0.5011820330969267 0.9114331723027376 0.009456264775413711 0.00644122383252818
0 0.17612293144208038 0.9106280193236715 0.002364066193853428 0.004830917874396135
0 0.17139479905437352 0.9074074074074074 0.002364066193853428 0.001610305958132045
0 0.5283687943262412 0.9009661835748792 0.002364066193853428 0.001610305958132045
0 0.16666666666666666 0.9009661835748792 0.002364066193853428 0.001610305958132045
0 0.5200945626477541 0.9001610305958132 0.004728132387706856 0.00322061191626409
0 0.5283687943262412 0.8961352657004831 0.002364066193853428 0.001610305958132045
0 0.15839243498817968 0.8961352657004831 0.014184397163120567 0.011272141706924315
0 0.566193853427896 0.8848631239935588 0.002364066193853428 0.001610305958132045
0 0.5685579196217494 0.8752012882447665 0.002364066193853428 0.001610305958132045
0 0.13829787234042554 0.8752012882447665 0.002364066193853428 0.001610305958132045
0 0.5851063829787234 0.8727858293075684 0.002364066193853428 0.00644122383252818
0 0.5768321513002365 0.8727858293075684 0.009456264775413711 0.00644122383252818
0 0.6040189125295509 0.8623188405797102 0.002364066193853428 0.001610305958132045
0 0.599290780141844 0.8623188405797102 0.002364066193853428 0.001610305958132045
0 0.13356973995271867 0.8607085346215781 0.002364066193853428 0.001610305958132045
0 0.6040189125295509 0.857487922705314 0.002364066193853428 0.001610305958132045
0 0.6193853427895981 0.8478260869565217 0.009456264775413711 0.004830917874396135
0 0.11465721040189125 0.8397745571658615 0.002364066193853428 0.001610305958132045
0 0.640661938534279 0.8341384863123994 0.004728132387706856 0.00644122383252818
0 0.11938534278959811 0.8268921095008052 0.002364066193853428 0.001610305958132045
0 0.11465721040189125 0.8268921095008052 0.002364066193853428 0.001610305958132045
0 0.6607565011820331 0.820450885668277 0.002364066193853428 0.001610305958132045
0 0.6973995271867612 0.7971014492753623 0.004728132387706856 0.00322061191626409
0 0.6985815602836879 0.7930756843800322 0.002364066193853428 0.001610305958132045
0 0.09692671394799054 0.7818035426731079 0.004728132387706856 0.004830917874396135
0 0.08392434988179669 0.7721417069243156 0.002364066193853428 0.001610305958132045
0 0.7340425531914894 0.7705314009661836 0.0070921985815602835 0.004830917874396135
0 0.7293144208037825 0.7657004830917874 0.002364066193853428 0.001610305958132045
0 0.7553191489361702 0.7560386473429952 0.002364066193853428 0.001610305958132045
0 0.08156028368794327 0.749597423510467 0.002364066193853428 0.001610305958132045
0 0.0768321513002364 0.749597423510467 0.002364066193853428 0.001610305958132045
0 0.057919621749408984 0.710950080515298 0.002364066193853428 0.001610305958132045
0 0.057919621749408984 0.7061191626409018 0.002364066193853428 0.001610305958132045
0 0.7742316784869976 0.6932367149758454 0.002364066193853428 0.001610305958132045
0 0.7907801418439716 0.6811594202898551 0.0070921985815602835 0.00322061191626409
0 0.793144208037825 0.6706924315619968 0.002364066193853428 0.001610305958132045
0 0.793144208037825 0.6545893719806763 0.002364066193853428 0.001610305958132045
0 0.7884160756501182 0.6553945249597424 0.002364066193853428 0.00322061191626409
0 0.793144208037825 0.6513687600644122 0.002364066193853428 0.001610305958132045
0 0.04018912529550828 0.6521739130434783 0.004728132387706856 0.01288244766505636
0 0.793144208037825 0.6384863123993558 0.002364066193853428 0.001610305958132045
0 0.03900709219858156 0.6320450885668277 0.002364066193853428 0.001610305958132045
0 0.793144208037825 0.5917874396135265 0.002364066193853428 0.001610305958132045
0 0.03900709219858156 0.57085346215781 0.002364066193853428 0.001610305958132045
0 0.8711583924349882 0.5644122383252818 0.002364066193853428 0.001610305958132045
0 0.04373522458628842 0.5660225442834138 0.01182033096926714 0.008051529790660225
0 0.9799054373522459 0.5595813204508857 0.002364066193853428 0.001610305958132045
0 0.875886524822695 0.5603864734299517 0.0070921985815602835 0.00644122383252818
0 0.0425531914893617 0.5571658615136876 0.009456264775413711 0.00644122383252818
0 0.793144208037825 0.5434782608695652 0.002364066193853428 0.001610305958132045
0 0.10756501182033097 0.5418679549114331 0.002364066193853428 0.001610305958132045
0 0.10283687943262411 0.5418679549114331 0.002364066193853428 0.001610305958132045
0 0.06973995271867613 0.5418679549114331 0.002364066193853428 0.001610305958132045
0 0.061465721040189124 0.5434782608695652 0.009456264775413711 0.004830917874396135
0 0.13356973995271867 0.5289855072463768 0.002364066193853428 0.001610305958132045
0 0.1182033096926714 0.5314009661835749 0.009456264775413711 0.00644122383252818
0 0.9822695035460993 0.5273752012882448 0.002364066193853428 0.001610305958132045
0 0.13356973995271867 0.5257648953301127 0.002364066193853428 0.001610305958132045
0 0.793144208037825 0.5185185185185185 0.002364066193853428 0.00322061191626409
0 0.13711583924349882 0.5193236714975845 0.009456264775413711 0.008051529790660225
0 0.9822695035460993 0.5136876006441223 0.002364066193853428 0.00322061191626409
0 0.8900709219858156 0.5112721417069244 0.002364066193853428 0.001610305958132045
0 0.9799054373522459 0.5096618357487923 0.002364066193853428 0.001610305958132045
0 0.9787234042553191 0.5024154589371981 0.009456264775413711 0.00966183574879227
0 0.9078014184397163 0.4943639291465378 0.004728132387706856 0.00322061191626409
0 0.793144208037825 0.4943639291465378 0.002364066193853428 0.00322061191626409
0 0.9787234042553191 0.4927536231884058 0.009456264775413711 0.00644122383252818
0 0.9692671394799054 0.4943639291465378 0.014184397163120567 0.00966183574879227
0 0.958628841607565 0.49033816425120774 0.002364066193853428 0.001610305958132045
0 0.9397163120567376 0.49033816425120774 0.002364066193853428 0.001610305958132045
0 0.9267139479905437 0.5281803542673108 0.11347517730496454 0.07729468599033816
0 0.9113475177304965 0.49033816425120774 0.002364066193853428 0.001610305958132045
0 0.9018912529550828 0.49033816425120774 0.002364066193853428 0.001610305958132045
0 0.8936170212765957 0.4919484702093398 0.009456264775413711 0.004830917874396135
0 0.13829787234042554 0.48711755233494364 0.002364066193853428 0.001610305958132045
0 0.13356973995271867 0.48711755233494364 0.002364066193853428 0.001610305958132045
0 0.1524822695035461 0.45169082125603865 0.002364066193853428 0.001610305958132045
0 0.16666666666666666 0.42592592592592593 0.002364066193853428 0.001610305958132045
0 0.7907801418439716 0.4138486312399356 0.0070921985815602835 0.00322061191626409
0 0.793144208037825 0.39855072463768115 0.002364066193853428 0.001610305958132045
0 0.7884160756501182 0.39855072463768115 0.002364066193853428 0.001610305958132045
0 0.17139479905437352 0.39855072463768115 0.002364066193853428 0.001610305958132045
0 0.17139479905437352 0.3776167471819646 0.002364066193853428 0.001610305958132045
0 0.789598108747045 0.37681159420289856 0.009456264775413711 0.00644122383252818
0 0.7671394799054374 0.3743961352657005 0.002364066193853428 0.001610305958132045
0 0.7600472813238771 0.3743961352657005 0.002364066193853428 0.001610305958132045
0 0.17139479905437352 0.321256038647343 0.002364066193853428 0.001610305958132045
0 0.17139479905437352 0.3035426731078905 0.002364066193853428 0.001610305958132045
0 0.7434988179669031 0.2971014492753623 0.0070921985815602835 0.001610305958132045
0 0.7434988179669031 0.2826086956521739 0.0070921985815602835 0.001610305958132045
0 0.17375886524822695 0.285829307568438 0.0070921985815602835 0.030595813204508857
0 0.7446808510638298 0.2560386473429952 0.004728132387706856 0.00322061191626409
0 0.7541371158392435 0.25523349436392917 0.004728132387706856 0.004830917874396135
0 0.17375886524822695 0.25201288244766507 0.002364066193853428 0.001610305958132045
0 0.7505910165484634 0.25120772946859904 0.0070921985815602835 0.00644122383252818
0 0.7553191489361702 0.2471819645732689 0.002364066193853428 0.001610305958132045
0 0.17494089834515367 0.2471819645732689 0.009456264775413711 0.004830917874396135
0 0.18321513002364065 0.21980676328502416 0.0070921985815602835 0.001610305958132045
0 0.19030732860520094 0.18760064412238325 0.002364066193853428 0.001610305958132045
0 0.7328605200945626 0.17391304347826086 0.009456264775413711 0.00966183574879227
0 0.19030732860520094 0.1457326892109501 0.002364066193853428 0.001610305958132045
0 0.7328605200945626 0.14492753623188406 0.009456264775413711 0.00644122383252818
0 0.20094562647754138 0.143317230273752 0.004728132387706856 0.00322061191626409
0 0.1938534278959811 0.14895330112721417 0.009456264775413711 0.014492753623188406
0 0.7139479905437353 0.13285024154589373 0.009456264775413711 0.008051529790660225
0 0.6985815602836879 0.12640901771336555 0.002364066193853428 0.001610305958132045
0 0.22695035460992907 0.11674718196457327 0.004728132387706856 0.001610305958132045
0 0.21749408983451538 0.11916264090177134 0.009456264775413711 0.00644122383252818
0 0.20921985815602837 0.11916264090177134 0.002364066193853428 0.00644122383252818
0 0.6784869976359338 0.107085346215781 0.004728132387706856 0.001610305958132045
0 0.2624113475177305 0.10466988727858294 0.004728132387706856 0.00322061191626409
0 0.6796690307328606 0.09420289855072464 0.002364066193853428 0.001610305958132045
0 0.28841607565011823 0.09339774557165861 0.009456264775413711 0.00644122383252818
0 0.3073286052009456 0.08051529790660225 0.009456264775413711 0.00644122383252818
0 0.6300236406619385 0.06602254428341385 0.002364066193853428 0.00322061191626409
0 0.3262411347517731 0.06763285024154589 0.009456264775413711 0.00644122383252818
0 0.6028368794326241 0.05555555555555555 0.004728132387706856 0.004830917874396135
0 0.3605200945626478 0.05233494363929147 0.002364066193853428 0.001610305958132045
0 0.34515366430260047 0.05475040257648953 0.009456264775413711 0.00644122383252818
0 0.40070921985815605 0.0426731078904992 0.002364066193853428 0.001610305958132045
0 0.5709219858156028 0.04186795491143317 0.0070921985815602835 0.00644122383252818
0 0.4078014184397163 0.040257648953301126 0.0070921985815602835 0.00322061191626409
0 0.3959810874704492 0.040257648953301126 0.0070921985815602835 0.00322061191626409
0 0.3817966903073286 0.040257648953301126 0.0070921985815602835 0.00322061191626409
0 0.48817966903073284 0.02818035426731079 0.002364066193853428 0.001610305958132045
0 0.5153664302600472 0.02818035426731079 0.004728132387706856 0.004830917874396135
0 0.5094562647754137 0.026570048309178744 0.002364066193853428 0.001610305958132045
0 0.4739952718676123 0.027375201288244767 0.0070921985815602835 0.00322061191626409
0 0.4066193853427896 0.5088566827697263 0.7754137115839244 0.966183574879227
