0 0.5548986486486487 0.9824723247232472 0.0016891891891891893 0.0018450184501845018
0 0.7432432432432432 0.9732472324723247 0.0033783783783783786 0.0018450184501845018
0 0.7390202702702703 0.9732472324723247 0.0016891891891891893 0.0018450184501845018
0 0.6984797297297297 0.9732472324723247 0.0016891891891891893 0.0018450184501845018
0 0.5515202702702703 0.9732472324723247 0.0016891891891891893 0.0018450184501845018
0 0.6790540540540541 0.9723247232472325 0.0033783783783783786 0.0036900369003690036
0 0.7018581081081081 0.9695571955719557 0.0016891891891891893 0.0018450184501845018
0 0.5456081081081081 0.9677121771217713 0.010135135135135136 0.012915129151291513
0 0.5886824324324325 0.9603321033210332 0.0016891891891891893 0.0018450184501845018
0 0.5278716216216216 0.9584870848708487 0.0016891891891891893 0.0018450184501845018
0 0.5337837837837838 0.9575645756457565 0.0033783783783783786 0.0036900369003690036
0 0.5971283783783784 0.9529520295202952 0.0016891891891891893 0.0018450184501845018
0 0.5278716216216216 0.9529520295202952 0.0016891891891891893 0.0018450184501845018
0 0.5971283783783784 0.9492619926199262 0.005067567567567568 0.0018450184501845018
0 0.8099662162162162 0.9437269372693727 0.0016891891891891893 0.0018450184501845018
0 0.5143581081081081 0.9437269372693727 0.0016891891891891893 0.0018450184501845018
0 0.5515202702702703 0.9400369003690037 0.0016891891891891893 0.0018450184501845018
0 0.808277027027027 0.9317343173431735 0.005067567567567568 0.0036900369003690036
0 0.5523648648648649 0.9317343173431735 0.0033783783783783786 0.0036900369003690036
0 0.41807432432432434 0.9142066420664207 0.0016891891891891893 0.0018450184501845018
0 0.40118243243243246 0.9142066420664207 0.0016891891891891893 0.0018450184501845018
0 0.3893581081081081 0.9142066420664207 0.0016891891891891893 0.0018450184501845018
0 0.3640202702702703 0.9142066420664207 0.0016891891891891893 0.0018450184501845018
0 0.2829391891891892 0.9142066420664207 0.0016891891891891893 0.0018450184501845018
0 0.24577702702702703 0.9142066420664207 0.0016891891891891893 0.0018450184501845018
0 0.41216216216216217 0.9132841328413284 0.0033783783783783786 0.0036900369003690036
0 0.34881756756756754 0.9123616236162362 0.0016891891891891893 0.0018450184501845018
0 0.31841216216216217 0.9132841328413284 0.005067567567567568 0.0036900369003690036
0 0.24155405405405406 0.9132841328413284 0.0033783783783783786 0.0036900369003690036
0 0.4155405405405405 0.9105166051660517 0.0033783783783783786 0.0018450184501845018
0 0.36824324324324326 0.9123616236162362 0.0033783783783783786 0.005535055350553505
0 0.41807432432432434 0.9068265682656826 0.0016891891891891893 0.0018450184501845018
0 0.7778716216216216 0.9059040590405905 0.0016891891891891893 0.0036900369003690036
0 0.78125 0.9012915129151291 0.0016891891891891893 0.0018450184501845018
0 0.7778716216216216 0.9012915129151291 0.0016891891891891893 0.0018450184501845018
0 0.21368243243243243 0.8994464944649446 0.0016891891891891893 0.0018450184501845018
0 0.20692567567567569 0.8994464944649446 0.0016891891891891893 0.0018450184501845018
0 0.597972972972973 0.8966789667896679 0.006756756756756757 0.007380073800738007
0 0.5413851351351351 0.8846863468634686 0.0016891891891891893 0.0018450184501845018
0 0.18496621621621623 0.8846863468634686 0.0016891891891891893 0.0018450184501845018
0 0.597972972972973 0.8865313653136532 0.006756756756756757 0.00922509225092251
0 0.18158783783783783 0.8828413284132841 0.0016891891891891893 0.0018450184501845018
0 0.5971283783783784 0.8763837638376384 0.0016891891891891893 0.007380073800738007
0 0.13513513513513514 0.8690036900369004 0.006756756756756757 0.0036900369003690036
0 0.5464527027027027 0.8607011070110702 0.0016891891891891893 0.0018450184501845018
0 0.543918918918919 0.8579335793357934 0.0033783783783783786 0.0036900369003690036
0 0.4282094594594595 0.8570110701107011 0.005067567567567568 0.005535055350553505
0 0.1089527027027027 0.8514760147601476 0.0016891891891891893 0.0018450184501845018
0 0.5548986486486487 0.8496309963099631 0.0016891891891891893 0.0018450184501845018
0 0.43158783783783783 0.8496309963099631 0.0016891891891891893 0.0018450184501845018
0 0.42989864864864863 0.8450184501845018 0.005067567567567568 0.0036900369003690036
0 0.7305743243243243 0.8422509225092251 0.0016891891891891893 0.0018450184501845018
0 0.7119932432432432 0.8422509225092251 0.0016891891891891893 0.0018450184501845018
0 0.5548986486486487 0.8422509225092251 0.0016891891891891893 0.0018450184501845018
0 0.43158783783783783 0.8330258302583026 0.0016891891891891893 0.0018450184501845018
0 0.7271959459459459 0.8256457564575646 0.0016891891891891893 0.0018450184501845018
0 0.7204391891891891 0.8256457564575646 0.0016891891891891893 0.0018450184501845018
0 0.09543918918918919 0.8219557195571956 0.0016891891891891893 0.0018450184501845018
0 0.7094594594594594 0.8219557195571956 0.006756756756756757 0.005535055350553505
0 0.7018581081081081 0.8238007380073801 0.011824324324324325 0.016605166051660517
0 0.5701013513513513 0.816420664206642 0.0016891891891891893 0.0018450184501845018
0 0.43158783783783783 0.8154981549815498 0.0016891891891891893 0.0036900369003690036
0 0.8234797297297297 0.809040590405904 0.0016891891891891893 0.0018450184501845018
0 0.5684121621621622 0.809040590405904 0.0016891891891891893 0.0018450184501845018
0 0.08445945945945946 0.8081180811808119 0.006756756756756757 0.007380073800738007
0 0.08192567567567567 0.7924354243542435 0.0016891891891891893 0.0018450184501845018
0 0.8226351351351351 0.772140221402214 0.0033783783783783786 0.005535055350553505
0 0.5920608108108109 0.7693726937269373 0.0016891891891891893 0.0036900369003690036
0 0.43158783783783783 0.7666051660516605 0.0016891891891891893 0.0018450184501845018
0 0.42905405405405406 0.7693726937269373 0.006756756756756757 0.007380073800738007
0 0.07516891891891891 0.7656826568265682 0.005067567567567568 0.0036900369003690036
0 0.06925675675675676 0.7656826568265682 0.0033783783783783786 0.0036900369003690036
0 0.07347972972972973 0.7629151291512916 0.0016891891891891893 0.0018450184501845018
0 0.43496621621621623 0.7518450184501845 0.0016891891891891893 0.0018450184501845018
0 0.4408783783783784 0.746309963099631 0.010135135135135136 0.012915129151291513
0 0.8234797297297297 0.738929889298893 0.0016891891891891893 0.0018450184501845018
0 0.0633445945945946 0.7370848708487084 0.0016891891891891893 0.0018450184501845018
0 0.4484797297297297 0.7361623616236163 0.0016891891891891893 0.0036900369003690036
0 0.057432432432432436 0.7361623616236163 0.006756756756756757 0.0036900369003690036
0 0.5954391891891891 0.7297047970479705 0.0016891891891891893 0.0018450184501845018
0 0.5954391891891891 0.7260147601476015 0.0016891891891891893 0.0018450184501845018
0 0.8234797297297297 0.7186346863468634 0.0016891891891891893 0.0018450184501845018
0 0.6089527027027027 0.716789667896679 0.0016891891891891893 0.0018450184501845018
0 0.04391891891891892 0.7195571955719557 0.006756756756756757 0.007380073800738007
0 0.8234797297297297 0.7149446494464945 0.0016891891891891893 0.0018450184501845018
0 0.612331081081081 0.7140221402214022 0.005067567567567568 0.0036900369003690036
0 0.4484797297297297 0.7103321033210332 0.0016891891891891893 0.0036900369003690036
0 0.5903716216216216 0.7075645756457565 0.0016891891891891893 0.0018450184501845018
0 0.44425675675675674 0.7075645756457565 0.0033783783783783786 0.005535055350553505
0 0.5844594594594594 0.705719557195572 0.006756756756756757 0.005535055350553505
0 0.8226351351351351 0.7001845018450185 0.0033783783783783786 0.005535055350553505
0 0.5861486486486487 0.6992619926199262 0.010135135135135136 0.01107011070110701
0 0.8234797297297297 0.6798892988929889 0.0016891891891891893 0.0018450184501845018
0 0.5836148648648649 0.6854243542435424 0.005067567567567568 0.012915129151291513
0 0.43158783783783783 0.6780442804428044 0.0016891891891891893 0.0018450184501845018
0 0.5827702702702703 0.6614391143911439 0.0033783783783783786 0.005535055350553505
0 0.43158783783783783 0.6595940959409594 0.0016891891891891893 0.0018450184501845018
0 0.5853040540540541 0.6568265682656826 0.005067567567567568 0.007380073800738007
0 0.5819256756756757 0.6522140221402214 0.0016891891891891893 0.0018450184501845018
0 0.8175675675675675 0.6531365313653137 0.0033783783783783786 0.007380073800738007
0 0.59375 0.6503690036900369 0.0016891891891891893 0.0018450184501845018
0 0.6038851351351351 0.6485239852398524 0.0016891891891891893 0.0018450184501845018
0 0.43496621621621623 0.6476014760147601 0.0016891891891891893 0.0036900369003690036
0 0.021114864864864864 0.6466789667896679 0.0016891891891891893 0.0018450184501845018
0 0.597972972972973 0.6476014760147601 0.006756756756756757 0.007380073800738007
0 0.014358108108108109 0.6392988929889298 0.0016891891891891893 0.0018450184501845018
0 0.017736486486486486 0.6356088560885609 0.0016891891891891893 0.0018450184501845018
0 0.8099662162162162 0.6245387453874539 0.0016891891891891893 0.0018450184501845018
0 0.5954391891891891 0.6245387453874539 0.0016891891891891893 0.0018450184501845018
0 0.8065878378378378 0.6208487084870848 0.0016891891891891893 0.0018450184501845018
0 0.8032094594594594 0.6208487084870848 0.0016891891891891893 0.0018450184501845018
0 0.5954391891891891 0.6171586715867159 0.0016891891891891893 0.0018450184501845018
0 0.4518581081081081 0.6171586715867159 0.0016891891891891893 0.0018450184501845018
0 0.5954391891891891 0.6134686346863468 0.0016891891891891893 0.0018450184501845018
0 0.7964527027027027 0.6097785977859779 0.0016891891891891893 0.0018450184501845018
0 0.45861486486486486 0.6097785977859779 0.0016891891891891893 0.0018450184501845018
0 0.009290540540540541 0.6042435424354243 0.005067567567567568 0.0018450184501845018
0 0.4577702702702703 0.6033210332103321 0.0033783783783783786 0.0036900369003690036
0 0.5684121621621622 0.6005535055350554 0.0016891891891891893 0.0018450184501845018
0 0.45861486486486486 0.5987084870848709 0.0016891891891891893 0.0018450184501845018
0 0.7947635135135135 0.5922509225092251 0.005067567567567568 0.0036900369003690036
0 0.8471283783783784 0.5894833948339483 0.0016891891891891893 0.0018450184501845018
0 0.4721283783783784 0.5894833948339483 0.0016891891891891893 0.0018450184501845018
0 0.825168918918919 0.5876383763837638 0.0016891891891891893 0.0018450184501845018
0 0.5599662162162162 0.5885608856088561 0.005067567567567568 0.0036900369003690036
0 0.8581081081081081 0.5876383763837638 0.010135135135135136 0.005535055350553505
0 0.825168918918919 0.5830258302583026 0.0016891891891891893 0.0036900369003690036
0 0.9028716216216216 0.5747232472324724 0.0016891891891891893 0.0018450184501845018
0 0.8986486486486487 0.5738007380073801 0.0033783783783783786 0.0036900369003690036
0 0.7863175675675675 0.5728782287822878 0.0016891891891891893 0.0018450184501845018
0 0.5346283783783784 0.5738007380073801 0.005067567567567568 0.0036900369003690036
0 0.4831081081081081 0.5738007380073801 0.0033783783783783786 0.0036900369003690036
0 0.9045608108108109 0.5710332103321033 0.0016891891891891893 0.0018450184501845018
0 0.5253378378378378 0.5728782287822878 0.010135135135135136 0.005535055350553505
0 0.5143581081081081 0.5710332103321033 0.0016891891891891893 0.0018450184501845018
0 0.48057432432432434 0.5710332103321033 0.0016891891891891893 0.0018450184501845018
0 0.0033783783783783786 0.5728782287822878 0.006756756756756757 0.005535055350553505
0 0.9290540540540541 0.5719557195571956 0.006756756756756757 0.007380073800738007
0 0.4966216216216216 0.5719557195571956 0.006756756756756757 0.007380073800738007
0 0.9231418918918919 0.5701107011070111 0.008445945945945946 0.01107011070110701
0 0.7525337837837838 0.5682656826568265 0.005067567567567568 0.007380073800738007
0 0.0033783783783783786 0.5645756457564576 0.006756756756756757 0.007380073800738007
0 0.9451013513513513 0.5599630996309963 0.0016891891891891893 0.0018450184501845018
0 0.941722972972973 0.5599630996309963 0.0016891891891891893 0.0018450184501845018
0 0.9375 0.559040590405904 0.0033783783783783786 0.0036900369003690036
0 0.49408783783783783 0.5581180811808119 0.0016891891891891893 0.0018450184501845018
0 0.9451013513513513 0.5525830258302583 0.0016891891891891893 0.0018450184501845018
0 0.014358108108108109 0.5230627306273062 0.0016891891891891893 0.0018450184501845018
0 0.014358108108108109 0.5193726937269373 0.0016891891891891893 0.0018450184501845018
0 0.9451013513513513 0.5083025830258303 0.0016891891891891893 0.0018450184501845018
0 0.019425675675675675 0.5027675276752768 0.0016891891891891893 0.0018450184501845018
0 0.9298986486486487 0.48985239852398527 0.0016891891891891893 0.0018450184501845018
0 0.9434121621621622 0.488929889298893 0.005067567567567568 0.0036900369003690036
0 0.9341216216216216 0.488929889298893 0.0033783783783783786 0.0036900369003690036
0 0.9315878378378378 0.4769372693726937 0.0016891891891891893 0.0018450184501845018
0 0.8902027027027027 0.4474169741697417 0.0033783783783783786 0.005535055350553505
0 0.02956081081081081 0.4446494464944649 0.005067567567567568 0.0036900369003690036
0 0.8775337837837838 0.43634686346863466 0.0016891891891891893 0.0018450184501845018
0 0.04307432432432432 0.4345018450184502 0.0016891891891891893 0.0018450184501845018
0 0.8775337837837838 0.4289667896678967 0.0016891891891891893 0.0018450184501845018
0 0.8741554054054054 0.4289667896678967 0.0016891891891891893 0.0018450184501845018
0 0.8699324324324325 0.42988929889298894 0.0033783783783783786 0.0036900369003690036
0 0.044763513513513514 0.42988929889298894 0.008445945945945946 0.0036900369003690036
0 0.9907094594594594 0.42712177121771217 0.0016891891891891893 0.0018450184501845018
0 0.9856418918918919 0.42712177121771217 0.0016891891891891893 0.0018450184501845018
0 0.9484797297297297 0.4261992619926199 0.005067567567567568 0.0036900369003690036
0 0.9966216216216216 0.4252767527675277 0.006756756756756757 0.005535055350553505
0 0.8640202702702703 0.4215867158671587 0.0016891891891891893 0.0018450184501845018
0 0.05489864864864865 0.41789667896678967 0.0016891891891891893 0.0018450184501845018
0 0.9949324324324325 0.4188191881918819 0.010135135135135136 0.01107011070110701
0 0.8640202702702703 0.40313653136531363 0.0016891891891891893 0.0018450184501845018
0 0.9991554054054054 0.3994464944649446 0.0016891891891891893 0.0018450184501845018
0 0.059966216216216214 0.39760147601476015 0.0016891891891891893 0.0018450184501845018
0 0.059966216216216214 0.39391143911439114 0.0016891891891891893 0.0018450184501845018
0 0.056587837837837836 0.3929889298892989 0.005067567567567568 0.01107011070110701
0 0.9991554054054054 0.3874538745387454 0.0016891891891891893 0.0036900369003690036
0 0.8631756756756757 0.3856088560885609 0.0033783783783783786 0.0036900369003690036
0 0.05489864864864865 0.38468634686346864 0.0016891891891891893 0.0018450184501845018
0 0.933277027027027 0.3773062730627306 0.0016891891891891893 0.0018450184501845018
0 0.8631756756756757 0.37915129151291516 0.0033783783783783786 0.005535055350553505
0 0.8234797297297297 0.37546125461254615 0.0016891891891891893 0.0018450184501845018
0 0.862331081081081 0.3726937269372694 0.005067567567567568 0.0036900369003690036
0 0.825168918918919 0.3699261992619926 0.0016891891891891893 0.0018450184501845018
0 0.8201013513513513 0.3699261992619926 0.0016891891891891893 0.0018450184501845018
0 0.7010135135135135 0.3726937269372694 0.010135135135135136 0.007380073800738007
0 0.8505067567567568 0.3643911439114391 0.0016891891891891893 0.0018450184501845018
0 0.8471283783783784 0.3625461254612546 0.0016891891891891893 0.0018450184501845018
0 0.8091216216216216 0.35793357933579334 0.0033783783783783786 0.0036900369003690036
0 0.9974662162162162 0.35608856088560886 0.005067567567567568 0.0036900369003690036
0 0.9881756756756757 0.35608856088560886 0.0033783783783783786 0.0036900369003690036
0 0.8488175675675675 0.35793357933579334 0.005067567567567568 0.007380073800738007
0 0.07094594594594594 0.35793357933579334 0.006756756756756757 0.007380073800738007
0 0.9856418918918919 0.3496309963099631 0.0016891891891891893 0.0018450184501845018
0 0.933277027027027 0.3440959409594096 0.0016891891891891893 0.0018450184501845018
0 0.8099662162162162 0.3440959409594096 0.0016891891891891893 0.0018450184501845018
0 0.6883445945945946 0.3440959409594096 0.0016891891891891893 0.0018450184501845018
0 0.933277027027027 0.33948339483394835 0.0016891891891891893 0.0036900369003690036
0 0.6883445945945946 0.33302583025830257 0.0016891891891891893 0.0018450184501845018
0 0.6883445945945946 0.3274907749077491 0.0016891891891891893 0.0018450184501845018
0 0.6849662162162162 0.32933579335793356 0.0016891891891891893 0.005535055350553505
0 0.9856418918918919 0.32564575645756455 0.0016891891891891893 0.0018450184501845018
0 0.9822635135135135 0.32564575645756455 0.0016891891891891893 0.0018450184501845018
0 0.7407094594594594 0.32564575645756455 0.0016891891891891893 0.0018450184501845018
0 0.9586148648648649 0.3182656826568266 0.0016891891891891893 0.0018450184501845018
0 0.09543918918918919 0.3182656826568266 0.0016891891891891893 0.0018450184501845018
0 0.9586148648648649 0.3145756457564576 0.0016891891891891893 0.0018450184501845018
0 0.933277027027027 0.3145756457564576 0.0016891891891891893 0.0018450184501845018
0 0.09881756756756757 0.3145756457564576 0.0016891891891891893 0.005535055350553505
0 0.09543918918918919 0.31273062730627305 0.0016891891891891893 0.0018450184501845018
0 0.9586148648648649 0.31088560885608857 0.0016891891891891893 0.0018450184501845018
0 0.9425675675675675 0.31273062730627305 0.006756756756756757 0.005535055350553505
0 0.9662162162162162 0.36900369003690037 0.06756756756756757 0.11808118081180811
0 0.7559121621621622 0.31088560885608857 0.0016891891891891893 0.0018450184501845018
0 0.75 0.31365313653136534 0.006756756756756757 0.007380073800738007
0 0.7440878378378378 0.31365313653136534 0.0016891891891891893 0.007380073800738007
0 0.7694256756756757 0.29612546125461253 0.0016891891891891893 0.0018450184501845018
0 0.7635135135135135 0.2988929889298893 0.006756756756756757 0.007380073800738007
0 0.7576013513513513 0.2988929889298893 0.0016891891891891893 0.007380073800738007
0 0.1089527027027027 0.29428044280442806 0.0016891891891891893 0.0018450184501845018
0 0.674831081081081 0.2887453874538745 0.0016891891891891893 0.0018450184501845018
0 0.674831081081081 0.283210332103321 0.0016891891891891893 0.0018450184501845018
0 0.6714527027027027 0.28505535055350556 0.0016891891891891893 0.005535055350553505
0 0.7863175675675675 0.2822878228782288 0.011824324324324325 0.0036900369003690036
0 0.7728040540540541 0.2822878228782288 0.005067567567567568 0.0036900369003690036
0 0.11739864864864864 0.2518450184501845 0.0016891891891891893 0.0018450184501845018
0 0.11148648648648649 0.253690036900369 0.006756756756756757 0.005535055350553505
0 0.14358108108108109 0.23800738007380073 0.0033783783783783786 0.0036900369003690036
0 0.13091216216216217 0.2370848708487085 0.0016891891891891893 0.0018450184501845018
0 0.125 0.238929889298893 0.006756756756756757 0.005535055350553505
0 0.6554054054054054 0.23247232472324722 0.0033783783783783786 0.007380073800738007
0 0.15287162162162163 0.22601476014760147 0.0016891891891891893 0.0018450184501845018
0 0.14949324324324326 0.22601476014760147 0.0016891891891891893 0.0018450184501845018
0 0.15118243243243243 0.22232472324723246 0.0016891891891891893 0.0018450184501845018
0 0.16300675675675674 0.20940959409594095 0.0016891891891891893 0.0018450184501845018
0 0.6469594594594594 0.20018450184501846 0.0033783783783783786 0.005535055350553505
0 0.16722972972972974 0.1974169741697417 0.0033783783783783786 0.01845018450184502
0 0.6309121621621622 0.18081180811808117 0.008445945945945946 0.007380073800738007
0 0.6241554054054054 0.17804428044280443 0.0016891891891891893 0.0018450184501845018
0 0.620777027027027 0.1688191881918819 0.0016891891891891893 0.0018450184501845018
0 0.6165540540540541 0.16974169741697417 0.0033783783783783786 0.0036900369003690036
0 0.6165540540540541 0.16512915129151293 0.006756756756756757 0.005535055350553505
0 0.612331081081081 0.16328413284132842 0.0016891891891891893 0.0018450184501845018
0 0.17314189189189189 0.16328413284132842 0.0016891891891891893 0.0018450184501845018
0 0.17905405405405406 0.13653136531365315 0.006756756756756757 0.007380073800738007
0 0.59375 0.12269372693726938 0.0016891891891891893 0.0018450184501845018
0 0.5836148648648649 0.12084870848708487 0.008445945945945946 0.005535055350553505
0 0.5760135135135135 0.10977859778597786 0.010135135135135136 0.012915129151291513
0 0.5701013513513513 0.10424354243542436 0.0016891891891891893 0.0018450184501845018
0 0.20354729729729729 0.08948339483394833 0.0016891891891891893 0.0018450184501845018
0 0.2170608108108108 0.07656826568265683 0.0016891891891891893 0.0018450184501845018
0 0.5371621621621622 0.07749077490774908 0.02364864864864865 0.007380073800738007
0 0.5228040540540541 0.07564575645756458 0.005067567567567568 0.0036900369003690036
0 0.5084459459459459 0.06826568265682657 0.010135135135135136 0.01107011070110701
0 0.5101351351351351 0.061808118081180814 0.006756756756756757 0.005535055350553505
0 0.504222972972973 0.05996309963099631 0.0016891891891891893 0.0018450184501845018
0 0.2829391891891892 0.0507380073800738 0.0016891891891891893 0.0018450184501845018
0 0.4856418918918919 0.046125461254612546 0.0016891891891891893 0.0036900369003690036
0 0.4822635135135135 0.045202952029520294 0.0016891891891891893 0.0018450184501845018
0 0.29307432432432434 0.045202952029520294 0.0016891891891891893 0.0018450184501845018
0 0.2795608108108108 0.045202952029520294 0.0016891891891891893 0.0018450184501845018
0 0.27364864864864863 0.0470479704797048 0.006756756756756757 0.005535055350553505
0 0.3927364864864865 0.03228782287822878 0.0016891891891891893 0.0018450184501845018
0 0.46959459459459457 0.033210332103321034 0.006756756756756757 0.007380073800738007
0 0.46030405405405406 0.03505535055350553 0.015202702702702704 0.01107011070110701
0 0.4518581081081081 0.03044280442804428 0.0016891891891891893 0.0018450184501845018
0 0.47297297297297297 0.5092250922509225 0.9459459459459459 0.959409594095941
0 0.3969594594594595 0.03505535055350553 0.010135135135135136 0.01107011070110701
