0 0.518235294117647 0.9845995893223819 0.001176470588235294 0.002053388090349076
0 0.5629411764705883 0.9681724845995893 0.001176470588235294 0.002053388090349076
0 0.5076470588235295 0.9681724845995893 0.001176470588235294 0.002053388090349076
0 0.5735294117647058 0.9661190965092402 0.001176470588235294 0.002053388090349076
0 0.5705882352941176 0.9630390143737166 0.007058823529411765 0.012320328542094456
0 0.49 0.9414784394250514 0.001176470588235294 0.002053388090349076
0 0.4641176470588235 0.9353182751540041 0.001176470588235294 0.002053388090349076
0 0.46176470588235297 0.9342915811088296 0.001176470588235294 0.004106776180698152
0 0.591764705882353 0.9332648870636551 0.002352941176470588 0.006160164271047228
0 0.59 0.9312114989733059 0.0035294117647058825 0.01026694045174538
0 0.6041176470588235 0.9168377823408624 0.001176470588235294 0.002053388090349076
0 0.46176470588235297 0.9086242299794661 0.001176470588235294 0.002053388090349076
0 0.638235294117647 0.9024640657084189 0.001176470588235294 0.002053388090349076
0 0.6252941176470588 0.9024640657084189 0.001176470588235294 0.002053388090349076
0 0.6388235294117647 0.8901437371663244 0.002352941176470588 0.002053388090349076
0 0.46176470588235297 0.87782340862423 0.001176470588235294 0.002053388090349076
0 0.43941176470588234 0.8696098562628337 0.001176470588235294 0.002053388090349076
0 0.3511764705882353 0.8696098562628337 0.001176470588235294 0.002053388090349076
0 0.6488235294117647 0.8685831622176592 0.001176470588235294 0.004106776180698152
0 0.44176470588235295 0.8685831622176592 0.001176470588235294 0.004106776180698152
0 0.43176470588235294 0.8685831622176592 0.002352941176470588 0.004106776180698152
0 0.3664705882352941 0.8675564681724846 0.001176470588235294 0.002053388090349076
0 0.36176470588235293 0.8685831622176592 0.0058823529411764705 0.004106776180698152
0 0.3488235294117647 0.8685831622176592 0.001176470588235294 0.004106776180698152
0 0.6488235294117647 0.8634496919917864 0.001176470588235294 0.002053388090349076
0 0.3623529411764706 0.8624229979466119 0.002352941176470588 0.004106776180698152
0 0.3652941176470588 0.8603696098562629 0.0035294117647058825 0.008213552361396304
0 0.46176470588235297 0.8531827515400411 0.001176470588235294 0.002053388090349076
0 0.2958823529411765 0.8531827515400411 0.001176470588235294 0.002053388090349076
0 0.4258823529411765 0.851129363449692 0.002352941176470588 0.002053388090349076
0 0.2923529411764706 0.851129363449692 0.001176470588235294 0.002053388090349076
0 0.6476470588235295 0.8531827515400411 0.0035294117647058825 0.01026694045174538
0 0.6464705882352941 0.8459958932238193 0.0035294117647058825 0.008213552361396304
0 0.6488235294117647 0.8408624229979466 0.001176470588235294 0.002053388090349076
0 0.4535294117647059 0.8367556468172485 0.001176470588235294 0.002053388090349076
0 0.4441176470588235 0.8367556468172485 0.001176470588235294 0.002053388090349076
0 0.2641176470588235 0.8367556468172485 0.001176470588235294 0.002053388090349076
0 0.6488235294117647 0.8347022587268994 0.001176470588235294 0.002053388090349076
0 0.25941176470588234 0.8357289527720739 0.0035294117647058825 0.004106776180698152
0 0.25529411764705884 0.8357289527720739 0.002352941176470588 0.004106776180698152
0 0.45647058823529413 0.8347022587268994 0.002352941176470588 0.006160164271047228
0 0.25823529411764706 0.8326488706365504 0.001176470588235294 0.002053388090349076
0 0.6464705882352941 0.8295687885010267 0.0035294117647058825 0.008213552361396304
0 0.648235294117647 0.824435318275154 0.002352941176470588 0.006160164271047228
0 0.6435294117647059 0.8234086242299795 0.002352941176470588 0.004106776180698152
0 0.3688235294117647 0.8223819301848049 0.001176470588235294 0.002053388090349076
0 0.45 0.8162217659137577 0.001176470588235294 0.002053388090349076
0 0.4476470588235294 0.8141683778234087 0.001176470588235294 0.002053388090349076
0 0.3635294117647059 0.8151950718685832 0.007058823529411765 0.012320328542094456
0 0.44941176470588234 0.8090349075975359 0.004705882352941176 0.008213552361396304
0 0.4370588235294118 0.8059548254620124 0.001176470588235294 0.002053388090349076
0 0.42764705882352944 0.8069815195071869 0.0035294117647058825 0.004106776180698152
0 0.4376470588235294 0.837782340862423 0.02823529411764706 0.06570841889117043
0 0.36470588235294116 0.8080082135523614 0.004705882352941176 0.006160164271047228
0 0.36058823529411765 0.8059548254620124 0.001176470588235294 0.002053388090349076
0 0.2188235294117647 0.8008213552361396 0.004705882352941176 0.008213552361396304
0 0.45529411764705885 0.7987679671457906 0.007058823529411765 0.012320328542094456
0 0.2235294117647059 0.7987679671457906 0.007058823529411765 0.012320328542094456
0 0.45294117647058824 0.7854209445585215 0.002352941176470588 0.006160164271047228
0 0.6394117647058823 0.7731006160164271 0.001176470588235294 0.002053388090349076
0 0.2 0.7679671457905544 0.004705882352941176 0.008213552361396304
0 0.20176470588235293 0.7628336755646817 0.001176470588235294 0.002053388090349076
0 0.19941176470588234 0.7607802874743327 0.001176470588235294 0.002053388090349076
0 0.6376470588235295 0.7638603696098563 0.004705882352941176 0.012320328542094456
0 0.19823529411764707 0.7566735112936345 0.001176470588235294 0.002053388090349076
0 0.2011764705882353 0.7546201232032854 0.004705882352941176 0.006160164271047228
0 0.6376470588235295 0.7525667351129364 0.004705882352941176 0.006160164271047228
0 0.638235294117647 0.74435318275154 0.0035294117647058825 0.01026694045174538
0 0.4547058823529412 0.7402464065708418 0.001176470588235294 0.002053388090349076
0 0.45235294117647057 0.7412731006160165 0.001176470588235294 0.004106776180698152
0 0.3270588235294118 0.7433264887063655 0.004705882352941176 0.008213552361396304
0 0.17941176470588235 0.7361396303901437 0.001176470588235294 0.002053388090349076
0 0.31941176470588234 0.7340862422997947 0.001176470588235294 0.002053388090349076
0 0.17941176470588235 0.7320328542094456 0.001176470588235294 0.002053388090349076
0 0.3288235294117647 0.7197125256673511 0.001176470588235294 0.002053388090349076
0 0.32588235294117646 0.7166324435318275 0.007058823529411765 0.012320328542094456
0 0.4723529411764706 0.7073921971252567 0.001176470588235294 0.002053388090349076
0 0.4641176470588235 0.7073921971252567 0.001176470588235294 0.002053388090349076
0 0.46176470588235297 0.7084188911704312 0.001176470588235294 0.004106776180698152
0 0.48411764705882354 0.6950718685831622 0.001176470588235294 0.002053388090349076
0 0.48176470588235293 0.6950718685831622 0.001176470588235294 0.002053388090349076
0 0.19294117647058823 0.6950718685831622 0.004705882352941176 0.006160164271047228
0 0.18 0.6960985626283368 0.002352941176470588 0.008213552361396304
0 0.6323529411764706 0.688911704312115 0.001176470588235294 0.002053388090349076
0 0.4823529411764706 0.6878850102669405 0.004705882352941176 0.008213552361396304
0 0.4823529411764706 0.6776180698151951 0.004705882352941176 0.008213552361396304
0 0.3417647058823529 0.6724845995893224 0.0035294117647058825 0.002053388090349076
0 0.20647058823529413 0.6683778234086243 0.001176470588235294 0.002053388090349076
0 0.19823529411764707 0.6642710472279261 0.001176470588235294 0.002053388090349076
0 0.49176470588235294 0.6611909650924025 0.004705882352941176 0.008213552361396304
0 0.1923529411764706 0.6560574948665298 0.001176470588235294 0.002053388090349076
0 0.19 0.6560574948665298 0.001176470588235294 0.002053388090349076
0 0.6394117647058823 0.6519507186858317 0.001176470588235294 0.002053388090349076
0 0.19117647058823528 0.6509240246406571 0.0035294117647058825 0.004106776180698152
0 0.638235294117647 0.6478439425051334 0.0035294117647058825 0.002053388090349076
0 0.1888235294117647 0.6478439425051334 0.001176470588235294 0.002053388090349076
0 0.6429411764705882 0.6396303901437371 0.0035294117647058825 0.002053388090349076
0 0.638235294117647 0.6416837782340863 0.0035294117647058825 0.006160164271047228
0 0.49941176470588233 0.6365503080082136 0.001176470588235294 0.004106776180698152
0 0.5170588235294118 0.63347022587269 0.001176470588235294 0.002053388090349076
0 0.1811764705882353 0.6365503080082136 0.004705882352941176 0.008213552361396304
0 0.6470588235294118 0.5944558521560575 0.004705882352941176 0.006160164271047228
0 0.6429411764705882 0.5924024640657084 0.001176470588235294 0.002053388090349076
0 0.5005882352941177 0.5903490759753593 0.001176470588235294 0.002053388090349076
0 0.34705882352941175 0.5913757700205339 0.002352941176470588 0.004106776180698152
0 0.6376470588235295 0.5790554414784395 0.004705882352941176 0.008213552361396304
0 0.34647058823529414 0.5770020533880903 0.0035294117647058825 0.004106776180698152
0 0.49176470588235294 0.5708418891170431 0.004705882352941176 0.008213552361396304
0 0.17941176470588235 0.553388090349076 0.001176470588235294 0.002053388090349076
0 0.6182352941176471 0.5513347022587269 0.001176470588235294 0.002053388090349076
0 0.18176470588235294 0.5492813141683778 0.001176470588235294 0.002053388090349076
0 0.62 0.5328542094455853 0.002352941176470588 0.006160164271047228
0 0.3382352941176471 0.5277207392197125 0.001176470588235294 0.004106776180698152
0 0.33588235294117647 0.526694045174538 0.001176470588235294 0.002053388090349076
0 0.3335294117647059 0.5338809034907598 0.010588235294117647 0.02053388090349076
0 0.32823529411764707 0.5205338809034907 0.002352941176470588 0.002053388090349076
0 0.3288235294117647 0.5123203285420944 0.001176470588235294 0.002053388090349076
0 0.19058823529411764 0.5123203285420944 0.002352941176470588 0.002053388090349076
0 0.1888235294117647 0.5082135523613963 0.001176470588235294 0.002053388090349076
0 0.4935294117647059 0.49794661190965095 0.001176470588235294 0.002053388090349076
0 0.4935294117647059 0.4938398357289528 0.001176470588235294 0.002053388090349076
0 0.49941176470588233 0.4917864476386037 0.001176470588235294 0.002053388090349076
0 0.31941176470588234 0.48973305954825463 0.001176470588235294 0.002053388090349076
0 0.3170588235294118 0.48767967145790553 0.001176470588235294 0.002053388090349076
0 0.1988235294117647 0.48459958932238195 0.002352941176470588 0.004106776180698152
0 0.2923529411764706 0.4794661190965092 0.001176470588235294 0.002053388090349076
0 0.5811764705882353 0.4784394250513347 0.002352941176470588 0.004106776180698152
0 0.5594117647058824 0.47741273100616016 0.001176470588235294 0.002053388090349076
0 0.2782352941176471 0.47741273100616016 0.001176470588235294 0.002053388090349076
0 0.27588235294117647 0.47741273100616016 0.001176470588235294 0.002053388090349076
0 0.11235294117647059 0.4753593429158111 0.001176470588235294 0.002053388090349076
0 0.08529411764705883 0.4753593429158111 0.001176470588235294 0.002053388090349076
0 0.08764705882352941 0.47433264887063653 0.001176470588235294 0.004106776180698152
0 0.5329411764705883 0.4702258726899384 0.002352941176470588 0.004106776180698152
0 0.07764705882352942 0.4722792607802875 0.004705882352941176 0.008213552361396304
0 0.5547058823529412 0.4671457905544148 0.001176470588235294 0.002053388090349076
0 0.5517647058823529 0.4681724845995893 0.002352941176470588 0.004106776180698152
0 0.5370588235294118 0.4681724845995893 0.0035294117647058825 0.004106776180698152
0 0.5441176470588235 0.4650924024640657 0.001176470588235294 0.002053388090349076
0 0.5276470588235294 0.4650924024640657 0.001176470588235294 0.002053388090349076
0 0.11176470588235295 0.4681724845995893 0.002352941176470588 0.008213552361396304
0 0.55 0.7238193018480493 0.1988235294117647 0.5236139630390144
0 0.3023529411764706 0.46611909650924027 0.002352941176470588 0.008213552361396304
0 0.1988235294117647 0.46303901437371664 0.002352941176470588 0.002053388090349076
0 0.5517647058823529 0.46303901437371664 0.004705882352941176 0.006160164271047228
0 0.5488235294117647 0.46098562628336753 0.001176470588235294 0.002053388090349076
0 0.5429411764705883 0.46098562628336753 0.001176470588235294 0.002053388090349076
0 0.5347058823529411 0.46303901437371664 0.010588235294117647 0.006160164271047228
0 0.5276470588235294 0.46098562628336753 0.001176470588235294 0.002053388090349076
0 0.3176470588235294 0.46406570841889117 0.004705882352941176 0.008213552361396304
0 0.2723529411764706 0.4620123203285421 0.001176470588235294 0.004106776180698152
0 0.27 0.46098562628336753 0.001176470588235294 0.002053388090349076
0 0.2611764705882353 0.46098562628336753 0.002352941176470588 0.002053388090349076
0 0.25176470588235295 0.44763860369609854 0.004705882352941176 0.008213552361396304
0 0.23705882352941177 0.446611909650924 0.0035294117647058825 0.006160164271047228
0 0.20411764705882354 0.4455852156057495 0.0058823529411764705 0.004106776180698152
0 0.2776470588235294 0.6560574948665298 0.1976470588235294 0.42505133470225875
0 0.10823529411764705 0.44455852156057496 0.002352941176470588 0.002053388090349076
0 0.09411764705882353 0.4517453798767967 0.03764705882352941 0.049281314168377825
0 0.36941176470588233 0.337782340862423 0.002352941176470588 0.006160164271047228
0 0.36764705882352944 0.3347022587268994 0.001176470588235294 0.004106776180698152
0 0.35823529411764704 0.3275154004106776 0.001176470588235294 0.002053388090349076
0 0.4776470588235294 0.324435318275154 0.004705882352941176 0.008213552361396304
0 0.33941176470588236 0.2936344969199179 0.001176470588235294 0.004106776180698152
0 0.47705882352941176 0.30390143737166325 0.0058823529411764705 0.028747433264887063
0 0.47941176470588237 0.28439425051334705 0.001176470588235294 0.002053388090349076
0 0.3305882352941176 0.27720739219712526 0.002352941176470588 0.004106776180698152
0 0.3311764705882353 0.2679671457905544 0.001176470588235294 0.002053388090349076
0 0.4788235294117647 0.25256673511293637 0.002352941176470588 0.004106776180698152
0 0.3029411764705882 0.24537987679671458 0.001176470588235294 0.002053388090349076
0 0.3 0.24435318275154005 0.002352941176470588 0.004106776180698152
0 0.2776470588235294 0.21252566735112938 0.002352941176470588 0.002053388090349076
0 0.27705882352941175 0.20841889117043122 0.001176470588235294 0.002053388090349076
0 0.2741176470588235 0.20944558521560575 0.002352941176470588 0.008213552361396304
0 0.2641176470588235 0.1919917864476386 0.001176470588235294 0.002053388090349076
0 0.47823529411764704 0.16632443531827515 0.0035294117647058825 0.004106776180698152
0 0.47 0.1591375770020534 0.001176470588235294 0.002053388090349076
0 0.47 0.15503080082135523 0.001176470588235294 0.002053388090349076
0 0.47 0.14887063655030802 0.001176470588235294 0.002053388090349076
0 0.4676470588235294 0.14887063655030802 0.001176470588235294 0.002053388090349076
0 0.4335294117647059 0.12217659137577003 0.001176470588235294 0.002053388090349076
0 0.43117647058823527 0.12114989733059549 0.001176470588235294 0.004106776180698152
0 0.26705882352941174 0.11806981519507187 0.002352941176470588 0.002053388090349076
0 0.2641176470588235 0.11806981519507187 0.001176470588235294 0.002053388090349076
0 0.46058823529411763 0.11704312114989733 0.001176470588235294 0.004106776180698152
0 0.4582352941176471 0.11601642710472279 0.001176470588235294 0.002053388090349076
0 0.44058823529411767 0.11601642710472279 0.001176470588235294 0.002053388090349076
0 0.43411764705882355 0.11704312114989733 0.004705882352941176 0.004106776180698152
0 0.27058823529411763 0.11601642710472279 0.002352941176470588 0.002053388090349076
0 0.2752941176470588 0.11190965092402463 0.004705882352941176 0.006160164271047228
0 0.3976470588235294 0.10369609856262833 0.002352941176470588 0.002053388090349076
0 0.3811764705882353 0.10369609856262833 0.004705882352941176 0.006160164271047228
0 0.37588235294117645 0.10164271047227925 0.001176470588235294 0.002053388090349076
0 0.4211764705882353 0.1026694045174538 0.004705882352941176 0.008213552361396304
0 0.38941176470588235 0.09958932238193019 0.002352941176470588 0.002053388090349076
0 0.3864705882352941 0.09958932238193019 0.001176470588235294 0.002053388090349076
0 0.3170588235294118 0.10061601642710473 0.0035294117647058825 0.004106776180698152
0 0.28647058823529414 0.09958932238193019 0.001176470588235294 0.002053388090349076
0 0.2752941176470588 0.1026694045174538 0.004705882352941176 0.008213552361396304
0 0.3376470588235294 0.08418891170431211 0.002352941176470588 0.004106776180698152
0 0.3488235294117647 0.0811088295687885 0.001176470588235294 0.002053388090349076
0 0.35705882352941176 0.07494866529774127 0.001176470588235294 0.002053388090349076
0 0.35705882352941176 0.06878850102669405 0.001176470588235294 0.002053388090349076
0 0.37176470588235294 0.20636550308008214 0.2164705882352941 0.27720739219712526
0 0.35411764705882354 0.06981519507186858 0.002352941176470588 0.008213552361396304
