0 0.3546603475513428 0.9890939597315436 0.001579778830963665 0.0016778523489932886
0 0.35624012638230645 0.9731543624161074 0.004739336492890996 0.006711409395973154
0 0.3665086887835703 0.9840604026845637 0.02527646129541864 0.031879194630872486
0 0.36018957345971564 0.9689597315436241 0.00315955766192733 0.0050335570469798654
0 0.28751974723538704 0.9521812080536913 0.00315955766192733 0.0016778523489932886
0 0.2804107424960506 0.9521812080536913 0.001579778830963665 0.0016778523489932886
0 0.30252764612954186 0.950503355704698 0.001579778830963665 0.0016778523489932886
0 0.2685624012638231 0.9496644295302014 0.00631911532385466 0.006711409395973154
0 0.7377567140600316 0.9387583892617449 0.00315955766192733 0.0016778523489932886
0 0.7306477093206951 0.9387583892617449 0.001579778830963665 0.0016778523489932886
0 0.7243285939968405 0.9387583892617449 0.001579778830963665 0.0016778523489932886
0 0.31516587677725116 0.9387583892617449 0.001579778830963665 0.0016778523489932886
0 0.7488151658767772 0.9379194630872483 0.00315955766192733 0.003355704697986577
0 0.31121642969984203 0.9379194630872483 0.00315955766192733 0.003355704697986577
0 0.31516587677725116 0.9354026845637584 0.001579778830963665 0.0016778523489932886
0 0.6832543443917851 0.9337248322147651 0.001579778830963665 0.0016778523489932886
0 0.24091627172195892 0.9236577181208053 0.001579778830963665 0.0016778523489932886
0 0.669826224328594 0.9228187919463087 0.01263823064770932 0.006711409395973154
0 0.7575039494470774 0.9186241610738255 0.001579778830963665 0.0016778523489932886
0 0.30252764612954186 0.9169463087248322 0.001579778830963665 0.0016778523489932886
0 0.24407582938388625 0.9194630872483222 0.004739336492890996 0.006711409395973154
0 0.2480252764612954 0.9144295302013423 0.00315955766192733 0.003355704697986577
0 0.24723538704581358 0.910234899328859 0.001579778830963665 0.0016778523489932886
0 0.31437598736176936 0.9077181208053692 0.00315955766192733 0.006711409395973154
0 0.6453396524486572 0.9035234899328859 0.001579778830963665 0.0016778523489932886
0 0.31437598736176936 0.9010067114093959 0.00315955766192733 0.003355704697986577
0 0.7567140600315956 0.8959731543624161 0.00315955766192733 0.003355704697986577
0 0.2211690363349131 0.8968120805369127 0.00315955766192733 0.0050335570469798654
0 0.3056872037914692 0.8901006711409396 0.001579778830963665 0.0016778523489932886
0 0.30173775671406006 0.8909395973154363 0.00315955766192733 0.003355704697986577
0 0.21721958925750395 0.8926174496644296 0.004739336492890996 0.006711409395973154
0 0.7567140600315956 0.889261744966443 0.00315955766192733 0.006711409395973154
0 0.3135860979462875 0.8875838926174496 0.004739336492890996 0.003355704697986577
0 0.2377567140600316 0.8783557046979866 0.001579778830963665 0.0016778523489932886
0 0.7567140600315956 0.87751677852349 0.00315955766192733 0.003355704697986577
0 0.2156398104265403 0.8766778523489933 0.001579778830963665 0.0016778523489932886
0 0.25039494470774093 0.8733221476510067 0.001579778830963665 0.0016778523489932886
0 0.2772511848341232 0.912751677852349 0.07740916271721959 0.08053691275167785
0 0.2156398104265403 0.8682885906040269 0.001579778830963665 0.0016778523489932886
0 0.6350710900473934 0.8691275167785235 0.00631911532385466 0.006711409395973154
0 0.7559241706161137 0.8649328859060402 0.001579778830963665 0.0016778523489932886
0 0.6374407582938388 0.8649328859060402 0.001579778830963665 0.0016778523489932886
0 0.6342812006319115 0.863255033557047 0.001579778830963665 0.0016778523489932886
0 0.21721958925750395 0.8523489932885906 0.004739336492890996 0.006711409395973154
0 0.22748815165876776 0.87248322147651 0.02527646129541864 0.050335570469798654
0 0.2211690363349131 0.8481543624161074 0.00315955766192733 0.0050335570469798654
0 0.37993680884676145 0.8431208053691275 0.001579778830963665 0.0016778523489932886
0 0.37993680884676145 0.8389261744966443 0.001579778830963665 0.003355704697986577
0 0.6990521327014217 0.8330536912751678 0.004739336492890996 0.0016778523489932886
0 0.20300157977883096 0.8296979865771812 0.001579778830963665 0.0016778523489932886
0 0.20300157977883096 0.825503355704698 0.001579778830963665 0.003355704697986577
0 0.41311216429699843 0.8179530201342282 0.001579778830963665 0.0016778523489932886
0 0.4099526066350711 0.8179530201342282 0.001579778830963665 0.0016778523489932886
0 0.19194312796208532 0.8179530201342282 0.001579778830963665 0.0016778523489932886
0 0.41627172195892576 0.8145973154362416 0.001579778830963665 0.0016778523489932886
0 0.2259083728278041 0.8162751677852349 0.00315955766192733 0.0050335570469798654
0 0.6848341232227488 0.8095637583892618 0.001579778830963665 0.0016778523489932886
0 0.6816745655608215 0.8095637583892618 0.001579778830963665 0.0016778523489932886
0 0.6500789889415481 0.8095637583892618 0.001579778830963665 0.0016778523489932886
0 0.6927330173775671 0.8070469798657718 0.004739336492890996 0.003355704697986577
0 0.6832543443917851 0.8062080536912751 0.001579778830963665 0.0016778523489932886
0 0.6785150078988942 0.8062080536912751 0.004739336492890996 0.0016778523489932886
0 0.6951026856240127 0.87248322147651 0.1263823064770932 0.1342281879194631
0 0.65086887835703 0.8062080536912751 0.00315955766192733 0.0016778523489932886
0 0.6461295418641391 0.8087248322147651 0.00315955766192733 0.006711409395973154
0 0.23933649289099526 0.8045302013422819 0.001579778830963665 0.0016778523489932886
0 0.23617693522906794 0.8045302013422819 0.001579778830963665 0.0016778523489932886
0 0.4391785150078989 0.802013422818792 0.00631911532385466 0.006711409395973154
0 0.330173775671406 0.7953020134228188 0.00315955766192733 0.006711409395973154
0 0.16824644549763032 0.7911073825503355 0.001579778830963665 0.0016778523489932886
0 0.2377567140600316 0.787751677852349 0.001579778830963665 0.0016778523489932886
0 0.3333333333333333 0.7869127516778524 0.009478672985781991 0.010067114093959731
0 0.3372827804107425 0.7793624161073825 0.001579778830963665 0.0016778523489932886
0 0.33175355450236965 0.7810402684563759 0.00631911532385466 0.0050335570469798654
0 0.42417061611374407 0.7726510067114094 0.004739336492890996 0.0016778523489932886
0 0.42890995260663506 0.7692953020134228 0.001579778830963665 0.0016778523489932886
0 0.23933649289099526 0.7692953020134228 0.001579778830963665 0.0016778523489932886
0 0.3372827804107425 0.764261744966443 0.004739336492890996 0.0016778523489932886
0 0.22669826224328593 0.7609060402684564 0.001579778830963665 0.0016778523489932886
0 0.11690363349131122 0.761744966442953 0.00631911532385466 0.006711409395973154
0 0.2156398104265403 0.75251677852349 0.001579778830963665 0.0016778523489932886
0 0.33175355450236965 0.7416107382550335 0.00631911532385466 0.006711409395973154
0 0.2014218009478673 0.7390939597315436 0.001579778830963665 0.0016778523489932886
0 0.160347551342812 0.7390939597315436 0.001579778830963665 0.0016778523489932886
0 0.12243285939968404 0.7390939597315436 0.004739336492890996 0.0016778523489932886
0 0.38388625592417064 0.7365771812080537 0.00315955766192733 0.003355704697986577
0 0.3546603475513428 0.7307046979865772 0.001579778830963665 0.0016778523489932886
0 0.38783570300157977 0.7315436241610739 0.004739336492890996 0.006711409395973154
0 0.3909952606635071 0.7273489932885906 0.001579778830963665 0.0016778523489932886
0 0.3854660347551343 0.785234899328859 0.11374407582938388 0.12080536912751678
0 0.16903633491311215 0.7063758389261745 0.009478672985781991 0.010067114093959731
0 0.1769352290679305 0.7651006711409396 0.1263823064770932 0.1342281879194631
0 0.17298578199052134 0.6988255033557047 0.001579778830963665 0.0016778523489932886
0 0.1674565560821485 0.700503355704698 0.00631911532385466 0.0050335570469798654
0 0.9502369668246445 0.6971476510067114 0.001579778830963665 0.0016778523489932886
0 0.47788309636650866 0.6971476510067114 0.001579778830963665 0.0016778523489932886
0 0.47472353870458134 0.6971476510067114 0.001579778830963665 0.0016778523489932886
0 0.46445497630331756 0.6971476510067114 0.00315955766192733 0.0016778523489932886
0 0.45734597156398105 0.6971476510067114 0.001579778830963665 0.0016778523489932886
0 0.9849921011058452 0.6954697986577181 0.001579778830963665 0.0016778523489932886
0 0.466824644549763 0.6937919463087249 0.001579778830963665 0.0016778523489932886
0 0.476303317535545 0.6929530201342282 0.004739336492890996 0.003355704697986577
0 0.4794628751974723 0.6904362416107382 0.001579778830963665 0.0016778523489932886
0 0.9826224328593997 0.6912751677852349 0.00631911532385466 0.006711409395973154
0 0.9849921011058452 0.6870805369127517 0.001579778830963665 0.0016778523489932886
0 0.9494470774091627 0.6870805369127517 0.00315955766192733 0.0016778523489932886
0 0.9502369668246445 0.6820469798657718 0.001579778830963665 0.0016778523489932886
0 0.48973143759873616 0.6828859060402684 0.00315955766192733 0.003355704697986577
0 0.48578199052132703 0.6828859060402684 0.001579778830963665 0.003355704697986577
0 0.4439178515007899 0.6786912751677853 0.00315955766192733 0.008389261744966443
0 0.4431279620853081 0.6719798657718121 0.001579778830963665 0.0016778523489932886
0 0.9849921011058452 0.6619127516778524 0.001579778830963665 0.0016778523489932886
0 0.9533965244865719 0.6619127516778524 0.001579778830963665 0.0016778523489932886
0 0.95260663507109 0.6585570469798657 0.009478672985781991 0.01174496644295302
0 0.5173775671406003 0.6535234899328859 0.001579778830963665 0.0016778523489932886
0 0.514218009478673 0.6518456375838926 0.001579778830963665 0.0016778523489932886
0 0.9494470774091627 0.6501677852348994 0.00315955766192733 0.008389261744966443
0 0.46129541864139023 0.6468120805369127 0.00315955766192733 0.0016778523489932886
0 0.5157977883096366 0.6476510067114094 0.004739336492890996 0.006711409395973154
0 0.4968404423380727 0.6451342281879194 0.004739336492890996 0.0016778523489932886
0 0.4881516587677725 0.6644295302013423 0.08530805687203792 0.06711409395973154
0 0.06398104265402843 0.6300335570469798 0.001579778830963665 0.0016778523489932886
0 0.6129541864139021 0.6283557046979866 0.00315955766192733 0.0050335570469798654
0 0.07109004739336493 0.6283557046979866 0.009478672985781991 0.0050335570469798654
0 0.06398104265402843 0.6266778523489933 0.001579778830963665 0.0016778523489932886
0 0.07898894154818326 0.625 0.00315955766192733 0.0050335570469798654
0 0.6169036334913112 0.6241610738255033 0.004739336492890996 0.006711409395973154
0 0.07109004739336493 0.62248322147651 0.00315955766192733 0.003355704697986577
0 0.06556082148499211 0.6149328859060402 0.001579778830963665 0.0016778523489932886
0 0.061611374407582936 0.6157718120805369 0.00315955766192733 0.003355704697986577
0 0.05292259083728278 0.6157718120805369 0.004739336492890996 0.003355704697986577
0 0.5592417061611374 0.6140939597315436 0.00631911532385466 0.006711409395973154
0 0.9360189573459715 0.6065436241610739 0.001579778830963665 0.0016778523489932886
0 0.9881516587677726 0.6057046979865772 0.001579778830963665 0.003355704697986577
0 0.045023696682464455 0.6031879194630873 0.001579778830963665 0.0016778523489932886
0 0.6548183254344392 0.6023489932885906 0.004739336492890996 0.003355704697986577
0 0.8293838862559242 0.5998322147651006 0.009478672985781991 0.008389261744966443
0 0.556872037914692 0.5947986577181208 0.001579778830963665 0.0016778523489932886
0 0.8333333333333334 0.5931208053691275 0.001579778830963665 0.0016778523489932886
0 0.6563981042654028 0.5914429530201343 0.001579778830963665 0.0016778523489932886
0 0.9162717219589257 0.589765100671141 0.00315955766192733 0.0016778523489932886
0 0.7985781990521327 0.589765100671141 0.001579778830963665 0.0016778523489932886
0 0.7701421800947867 0.5889261744966443 0.001579778830963665 0.003355704697986577
0 0.9170616113744076 0.5864093959731543 0.001579778830963665 0.0016778523489932886
0 0.9210110584518167 0.587248322147651 0.00315955766192733 0.006711409395973154
0 0.9360189573459715 0.5830536912751678 0.001579778830963665 0.0016778523489932886
0 0.9368088467614534 0.5788590604026845 0.00315955766192733 0.003355704697986577
0 0.8570300157977883 0.5763422818791947 0.001579778830963665 0.0016778523489932886
0 0.655608214849921 0.5763422818791947 0.00315955766192733 0.0016778523489932886
0 0.6516587677725119 0.5763422818791947 0.001579778830963665 0.0016778523489932886
0 0.844391785150079 0.575503355704698 0.001579778830963665 0.003355704697986577
0 0.7464454976303317 0.5746644295302014 0.001579778830963665 0.0016778523489932886
0 0.6563981042654028 0.572986577181208 0.001579778830963665 0.0016778523489932886
0 0.9699842022116903 0.5771812080536913 0.00631911532385466 0.013422818791946308
0 0.026066350710900472 0.5713087248322147 0.001579778830963665 0.0016778523489932886
0 0.6540284360189573 0.5687919463087249 0.00315955766192733 0.003355704697986577
0 0.909952606635071 0.5771812080536913 0.02527646129541864 0.026845637583892617
0 0.9375987361769352 0.5620805369127517 0.004739336492890996 0.003355704697986577
0 0.8696682464454977 0.5578859060402684 0.004739336492890996 0.0050335570469798654
0 0.5695102685624013 0.5545302013422819 0.001579778830963665 0.0016778523489932886
0 0.7464454976303317 0.5511744966442953 0.001579778830963665 0.0016778523489932886
0 0.5695102685624013 0.5511744966442953 0.001579778830963665 0.0016778523489932886
0 0.11058451816745656 0.5536912751677853 0.00631911532385466 0.006711409395973154
0 0.7898894154818326 0.5503355704697986 0.00315955766192733 0.003355704697986577
0 0.6879936808846762 0.549496644295302 0.001579778830963665 0.0016778523489932886
0 0.6690363349131122 0.549496644295302 0.001579778830963665 0.0016778523489932886
0 0.23617693522906794 0.549496644295302 0.001579778830963665 0.0016778523489932886
0 0.28988941548183256 0.5478187919463087 0.001579778830963665 0.0016778523489932886
0 0.24960505529225907 0.5486577181208053 0.00315955766192733 0.003355704697986577
0 0.9375987361769352 0.5461409395973155 0.001579778830963665 0.0016778523489932886
0 0.7938388625592417 0.5461409395973155 0.001579778830963665 0.0016778523489932886
0 0.23064770932069512 0.5478187919463087 0.00631911532385466 0.0050335570469798654
0 0.7906793048973144 0.5444630872483222 0.001579778830963665 0.0016778523489932886
0 0.7464454976303317 0.5444630872483222 0.001579778830963665 0.0016778523489932886
0 0.5695102685624013 0.5411073825503355 0.001579778830963665 0.0016778523489932886
0 0.28672985781990523 0.5436241610738255 0.004739336492890996 0.006711409395973154
0 0.8965244865718799 0.537751677852349 0.001579778830963665 0.0016778523489932886
0 0.8436018957345972 0.5385906040268457 0.00315955766192733 0.003355704697986577
0 0.8214849921011058 0.537751677852349 0.00315955766192733 0.0016778523489932886
0 0.8175355450236966 0.537751677852349 0.001579778830963665 0.0016778523489932886
0 0.8048973143759873 0.537751677852349 0.001579778830963665 0.0016778523489932886
0 0.5781990521327014 0.5394295302013423 0.00631911532385466 0.0050335570469798654
0 0.5718799368088467 0.5394295302013423 0.00315955766192733 0.0050335570469798654
0 0.19036334913112166 0.5360738255033557 0.001579778830963665 0.0016778523489932886
0 0.20063191153238547 0.535234899328859 0.00315955766192733 0.003355704697986577
0 0.19589257503949448 0.535234899328859 0.00315955766192733 0.003355704697986577
0 0.19273301737756715 0.5327181208053692 0.00315955766192733 0.0016778523489932886
0 0.7962085308056872 0.5369127516778524 0.01263823064770932 0.013422818791946308
0 0.7266982622432859 0.5335570469798657 0.00315955766192733 0.006711409395973154
0 0.6074249605055292 0.5310402684563759 0.001579778830963665 0.0016778523489932886
0 0.9581358609794629 0.5318791946308725 0.004739336492890996 0.006711409395973154
0 0.9541864139020537 0.5302013422818792 0.00315955766192733 0.003355704697986577
0 0.9360189573459715 0.5293624161073825 0.001579778830963665 0.0016778523489932886
0 0.19036334913112166 0.5293624161073825 0.001579778830963665 0.0016778523489932886
0 0.20063191153238547 0.5293624161073825 0.00315955766192733 0.0050335570469798654
0 0.9597156398104265 0.5260067114093959 0.001579778830963665 0.0016778523489932886
0 0.9533965244865719 0.5251677852348994 0.007898894154818325 0.003355704697986577
0 0.966824644549763 0.610738255033557 0.0631911532385466 0.174496644295302
0 0.8957345971563981 0.5251677852348994 0.00315955766192733 0.003355704697986577
0 0.6145339652448657 0.5251677852348994 0.00315955766192733 0.003355704697986577
0 0.6105845181674565 0.5243288590604027 0.001579778830963665 0.0016778523489932886
0 0.6074249605055292 0.5243288590604027 0.001579778830963665 0.0016778523489932886
0 0.16350710900473933 0.5226510067114094 0.001579778830963665 0.0016778523489932886
0 0.146129541864139 0.5226510067114094 0.001579778830963665 0.0016778523489932886
0 0.08056872037914692 0.5226510067114094 0.00315955766192733 0.0016778523489932886
0 0.13981042654028436 0.5209731543624161 0.001579778830963665 0.0016778523489932886
0 0.12322274881516587 0.5218120805369127 0.00315955766192733 0.003355704697986577
0 0.7914691943127962 0.5234899328859061 0.009478672985781991 0.010067114093959731
0 0.10979462875197472 0.5192953020134228 0.004739336492890996 0.0050335570469798654
0 0.792259083728278 0.5167785234899329 0.004739336492890996 0.006711409395973154
0 0.7954186413902053 0.5125838926174496 0.001579778830963665 0.0016778523489932886
0 0.7812006319115324 0.5125838926174496 0.001579778830963665 0.0016778523489932886
0 0.7187993680884676 0.5151006711409396 0.00315955766192733 0.006711409395973154
0 0.28988941548183256 0.5125838926174496 0.001579778830963665 0.0016778523489932886
0 0.768562401263823 0.5109060402684564 0.001579778830963665 0.0016778523489932886
0 0.8214849921011058 0.5570469798657718 0.15165876777251186 0.09395973154362416
0 0.7472353870458136 0.5109060402684564 0.00315955766192733 0.0016778523489932886
0 0.7101105845181674 0.5134228187919463 0.011058451816745656 0.006711409395973154
0 0.7022116903633492 0.5109060402684564 0.001579778830963665 0.0016778523489932886
0 0.04660347551342812 0.5092281879194631 0.004739336492890996 0.0016778523489932886
0 0.6563981042654028 0.5075503355704698 0.001579778830963665 0.0016778523489932886
0 0.6208530805687204 0.5033557046979866 0.00315955766192733 0.003355704697986577
0 0.28988941548183256 0.50251677852349 0.001579778830963665 0.0016778523489932886
0 0.6690363349131122 0.49580536912751677 0.001579778830963665 0.0016778523489932886
0 0.48894154818325436 0.49580536912751677 0.001579778830963665 0.0016778523489932886
0 0.2890995260663507 0.4974832214765101 0.00315955766192733 0.0050335570469798654
0 0.5300157977883097 0.4949664429530201 0.007898894154818325 0.003355704697986577
0 0.4786729857819905 0.4949664429530201 0.00315955766192733 0.003355704697986577
0 0.05134281200631911 0.4890939597315436 0.001579778830963665 0.0016778523489932886
0 0.05134281200631911 0.48573825503355705 0.001579778830963665 0.0016778523489932886
0 0.6445497630331753 0.5562080536912751 0.1769352290679305 0.14597315436241612
0 0.6279620853080569 0.48406040268456374 0.001579778830963665 0.0016778523489932886
0 0.6224328593996841 0.48573825503355705 0.00631911532385466 0.0050335570469798654
0 0.17614533965244866 0.48070469798657717 0.001579778830963665 0.0016778523489932886
0 0.05134281200631911 0.4790268456375839 0.001579778830963665 0.0016778523489932886
0 0.17614533965244866 0.4773489932885906 0.001579778830963665 0.0016778523489932886
0 0.4684044233807267 0.473993288590604 0.001579778830963665 0.0016778523489932886
0 0.27488151658767773 0.47315436241610737 0.00631911532385466 0.006711409395973154
0 0.1990521327014218 0.4714765100671141 0.00631911532385466 0.003355704697986577
0 0.19352290679304898 0.47063758389261745 0.001579778830963665 0.0016778523489932886
0 0.17377567140600317 0.46812080536912754 0.00631911532385466 0.006711409395973154
0 0.5529225908372828 0.4664429530201342 0.00631911532385466 0.006711409395973154
0 0.4731437598736177 0.4639261744966443 0.001579778830963665 0.0016778523489932886
0 0.46998420221169035 0.4639261744966443 0.001579778830963665 0.0016778523489932886
0 0.174565560821485 0.462248322147651 0.001579778830963665 0.0016778523489932886
0 0.5529225908372828 0.4588926174496644 0.00631911532385466 0.0050335570469798654
0 0.05924170616113744 0.45721476510067116 0.001579778830963665 0.0016778523489932886
0 0.053712480252764615 0.4588926174496644 0.00631911532385466 0.0050335570469798654
0 0.6437598736176935 0.45553691275167785 0.001579778830963665 0.0016778523489932886
0 0.6398104265402843 0.45553691275167785 0.00315955766192733 0.0016778523489932886
0 0.3704581358609795 0.45553691275167785 0.001579778830963665 0.0016778523489932886
0 0.34360189573459715 0.45553691275167785 0.001579778830963665 0.0016778523489932886
0 0.6516587677725119 0.4546979865771812 0.004739336492890996 0.003355704697986577
0 0.3641390205371248 0.4546979865771812 0.004739336492890996 0.003355704697986577
0 0.37598736176935227 0.4538590604026846 0.00631911532385466 0.0050335570469798654
0 0.3665086887835703 0.45050335570469796 0.00315955766192733 0.0016778523489932886
0 0.06398104265402843 0.4488255033557047 0.001579778830963665 0.0016778523489932886
0 0.1721958925750395 0.45302013422818793 0.009478672985781991 0.013422818791946308
0 0.17377567140600317 0.44546979865771813 0.00631911532385466 0.0050335570469798654
0 0.16824644549763032 0.4437919463087248 0.001579778830963665 0.0016778523489932886
0 0.6611374407582938 0.44211409395973156 0.001579778830963665 0.0016778523489932886
0 0.6311216429699842 0.44211409395973156 0.001579778830963665 0.0016778523489932886
0 0.3854660347551343 0.44211409395973156 0.00315955766192733 0.0016778523489932886
0 0.05608214849921011 0.44211409395973156 0.001579778830963665 0.0016778523489932886
0 0.052132701421800945 0.44211409395973156 0.00315955766192733 0.0016778523489932886
0 0.5481832543443917 0.4412751677852349 0.00315955766192733 0.003355704697986577
0 0.08846761453396525 0.44211409395973156 0.00315955766192733 0.0050335570469798654
0 0.6674565560821485 0.44043624161073824 0.004739336492890996 0.0050335570469798654
0 0.5545023696682464 0.44043624161073824 0.00315955766192733 0.0050335570469798654
0 0.3862559241706161 0.438758389261745 0.001579778830963665 0.0016778523489932886
0 0.05134281200631911 0.438758389261745 0.001579778830963665 0.0016778523489932886
0 0.3902053712480253 0.4395973154362416 0.00315955766192733 0.006711409395973154
0 0.5521327014218009 0.436241610738255 0.004739336492890996 0.006711409395973154
0 0.053712480252764615 0.43456375838926176 0.00315955766192733 0.003355704697986577
0 0.6200631911532386 0.4320469798657718 0.001579778830963665 0.0016778523489932886
0 0.5552922590837283 0.4320469798657718 0.001579778830963665 0.0016778523489932886
0 0.3578199052132701 0.4303691275167785 0.001579778830963665 0.0016778523489932886
0 0.13270142180094788 0.4337248322147651 0.01263823064770932 0.008389261744966443
0 0.46208530805687204 0.4286912751677852 0.001579778830963665 0.0016778523489932886
0 0.6943127962085308 0.42701342281879195 0.001579778830963665 0.0016778523489932886
0 0.6943127962085308 0.4236577181208054 0.001579778830963665 0.0016778523489932886
0 0.6848341232227488 0.4261744966442953 0.014218009478672985 0.006711409395973154
0 0.3909952606635071 0.4203020134228188 0.001579778830963665 0.0016778523489932886
0 0.6911532385466035 0.4203020134228188 0.004739336492890996 0.0050335570469798654
0 0.37519747235387046 0.41694630872483224 0.001579778830963665 0.0016778523489932886
0 0.3704581358609795 0.41694630872483224 0.001579778830963665 0.0016778523489932886
0 0.6943127962085308 0.4152684563758389 0.001579778830963665 0.0016778523489932886
0 0.3941548183254344 0.4152684563758389 0.001579778830963665 0.0016778523489932886
0 0.40363349131121645 0.41359060402684567 0.001579778830963665 0.0016778523489932886
0 0.4004739336492891 0.41442953020134227 0.001579778830963665 0.003355704697986577
0 0.37993680884676145 0.41359060402684567 0.001579778830963665 0.0016778523489932886
0 0.05529225908372828 0.41442953020134227 0.00315955766192733 0.003355704697986577
0 0.693522906793049 0.4110738255033557 0.00315955766192733 0.003355704697986577
0 0.44549763033175355 0.412751677852349 0.00631911532385466 0.006711409395973154
0 0.36729857819905215 0.4320469798657718 0.052132701421800945 0.04865771812080537
0 0.3830963665086888 0.40939597315436244 0.004739336492890996 0.006711409395973154
0 0.6469194312796208 0.4052013422818792 0.001579778830963665 0.0016778523489932886
0 0.65086887835703 0.4035234899328859 0.00315955766192733 0.0016778523489932886
0 0.6327014218009479 0.40604026845637586 0.004739336492890996 0.006711409395973154
0 0.6279620853080569 0.4035234899328859 0.001579778830963665 0.0016778523489932886
0 0.6224328593996841 0.4052013422818792 0.00631911532385466 0.0050335570469798654
0 0.38704581358609796 0.40436241610738255 0.00315955766192733 0.003355704697986577
0 0.3807266982622433 0.4052013422818792 0.00315955766192733 0.0050335570469798654
0 0.2843601895734597 0.40184563758389263 0.00315955766192733 0.0016778523489932886
0 0.36729857819905215 0.4001677852348993 0.001579778830963665 0.0016778523489932886
0 0.10821484992101106 0.401006711409396 0.004739336492890996 0.003355704697986577
0 0.6579778830963665 0.39848993288590606 0.001579778830963665 0.0016778523489932886
0 0.2835703001579779 0.39848993288590606 0.001579778830963665 0.0016778523489932886
0 0.2796208530805687 0.39932885906040266 0.00315955766192733 0.006711409395973154
0 0.660347551342812 0.39429530201342283 0.00315955766192733 0.003355704697986577
0 0.11137440758293839 0.3951342281879195 0.004739336492890996 0.008389261744966443
0 0.6642969984202212 0.3901006711409396 0.001579778830963665 0.0016778523489932886
0 0.6587677725118484 0.39093959731543626 0.00315955766192733 0.003355704697986577
0 0.19352290679304898 0.3884228187919463 0.001579778830963665 0.0016778523489932886
0 0.19036334913112166 0.3884228187919463 0.001579778830963665 0.0016778523489932886
0 0.1579778830963665 0.3884228187919463 0.00315955766192733 0.0016778523489932886
0 0.7037914691943128 0.3901006711409396 0.007898894154818325 0.01174496644295302
0 0.5292259083728278 0.3859060402684564 0.00315955766192733 0.003355704697986577
0 0.15718799368088468 0.3850671140939597 0.001579778830963665 0.0016778523489932886
0 0.15323854660347552 0.3859060402684564 0.00315955766192733 0.006711409395973154
0 0.6895734597156398 0.3800335570469799 0.001579778830963665 0.0016778523489932886
0 0.7045813586097947 0.37919463087248323 0.00631911532385466 0.006711409395973154
0 0.6635071090047393 0.4161073825503356 0.08846761453396525 0.08053691275167785
0 0.38467614533965244 0.3766778523489933 0.001579778830963665 0.0016778523489932886
0 0.2914691943127962 0.3775167785234899 0.001579778830963665 0.003355704697986577
0 0.2812006319115324 0.3800335570469799 0.00631911532385466 0.008389261744966443
0 0.13744075829383887 0.37416107382550334 0.00315955766192733 0.003355704697986577
0 0.13191153238546605 0.37416107382550334 0.004739336492890996 0.003355704697986577
0 0.1334913112164297 0.3716442953020134 0.001579778830963665 0.0016778523489932886
0 0.296998420221169 0.3825503355704698 0.037914691943127965 0.040268456375838924
0 0.09320695102685624 0.3640939597315436 0.00315955766192733 0.003355704697986577
0 0.08688783570300158 0.3640939597315436 0.00315955766192733 0.003355704697986577
0 0.13902053712480253 0.3598993288590604 0.00315955766192733 0.0016778523489932886
0 0.1066350710900474 0.35318791946308725 0.001579778830963665 0.0016778523489932886
0 0.490521327014218 0.35151006711409394 0.004739336492890996 0.0050335570469798654
0 0.1579778830963665 0.4899328859060403 0.26540284360189575 0.28187919463087246
0 0.10821484992101106 0.35067114093959734 0.004739336492890996 0.003355704697986577
0 0.10268562401263823 0.35067114093959734 0.00315955766192733 0.003355704697986577
0 0.2519747235387046 0.337248322147651 0.001579778830963665 0.003355704697986577
0 0.24881516587677724 0.33640939597315433 0.001579778830963665 0.0016778523489932886
0 0.4052132701421801 0.3263422818791946 0.001579778830963665 0.0016778523489932886
0 0.16192733017377567 0.32466442953020136 0.001579778830963665 0.0016778523489932886
0 0.19510268562401265 0.32466442953020136 0.004739336492890996 0.0050335570469798654
0 0.174565560821485 0.32298657718120805 0.001579778830963665 0.0016778523489932886
0 0.1500789889415482 0.3238255033557047 0.00315955766192733 0.003355704697986577
0 0.19589257503949448 0.35570469798657717 0.11374407582938388 0.06711409395973154
0 0.4052132701421801 0.3145973154362416 0.001579778830963665 0.0016778523489932886
0 0.47788309636650866 0.313758389261745 0.004739336492890996 0.006711409395973154
0 0.4731437598736177 0.311241610738255 0.001579778830963665 0.0016778523489932886
0 0.42417061611374407 0.30956375838926176 0.001579778830963665 0.0016778523489932886
0 0.4431279620853081 0.30453020134228187 0.001579778830963665 0.0016778523489932886
0 0.7116903633491312 0.29446308724832215 0.001579778830963665 0.0016778523489932886
0 0.46998420221169035 0.29446308724832215 0.001579778830963665 0.0016778523489932886
0 0.7195892575039494 0.2860738255033557 0.001579778830963665 0.0016778523489932886
0 0.4755134281200632 0.28942953020134227 0.009478672985781991 0.01174496644295302
0 0.48973143759873616 0.2785234899328859 0.00631911532385466 0.006711409395973154
0 0.636650868878357 0.27768456375838924 0.009478672985781991 0.008389261744966443
0 0.6327014218009479 0.2709731543624161 0.001579778830963665 0.0016778523489932886
0 0.6453396524486572 0.2558724832214765 0.001579778830963665 0.0016778523489932886
0 0.4921011058451817 0.25419463087248323 0.001579778830963665 0.0016778523489932886
0 0.7298578199052133 0.24496644295302014 0.00631911532385466 0.006711409395973154
0 0.4510268562401264 0.2424496644295302 0.001579778830963665 0.0016778523489932886
0 0.43285939968404424 0.24496644295302014 0.00631911532385466 0.006711409395973154
0 0.2962085308056872 0.2407718120805369 0.001579778830963665 0.0016778523489932886
0 0.292259083728278 0.23993288590604026 0.00315955766192733 0.003355704697986577
0 0.3278041074249605 0.23573825503355705 0.001579778830963665 0.0016778523489932886
0 0.3104265402843602 0.23573825503355705 0.001579778830963665 0.0016778523489932886
0 0.30726698262243285 0.23657718120805368 0.004739336492890996 0.006711409395973154
0 0.6714060031595577 0.2332214765100671 0.00315955766192733 0.003355704697986577
0 0.6848341232227488 0.2684563758389262 0.09636650868878358 0.08053691275167785
0 0.6737756714060031 0.22902684563758388 0.001579778830963665 0.0016778523489932886
0 0.6706161137440758 0.22902684563758388 0.001579778830963665 0.0016778523489932886
0 0.4794628751974723 0.22902684563758388 0.001579778830963665 0.0016778523489932886
0 0.476303317535545 0.22986577181208054 0.001579778830963665 0.003355704697986577
0 0.4636650868878357 0.22902684563758388 0.001579778830963665 0.0016778523489932886
0 0.4597156398104265 0.3624161073825503 0.18641390205371247 0.2684563758389262
0 0.41311216429699843 0.2273489932885906 0.001579778830963665 0.0016778523489932886
0 0.3420221169036335 0.2273489932885906 0.001579778830963665 0.0016778523489932886
0 0.41627172195892576 0.22651006711409397 0.001579778830963665 0.003355704697986577
0 0.3451816745655608 0.22651006711409397 0.001579778830963665 0.003355704697986577
0 0.2812006319115324 0.22399328859060402 0.00631911532385466 0.008389261744966443
0 0.2796208530805687 0.2197986577181208 0.00315955766192733 0.003355704697986577
0 0.43364928909952605 0.200503355704698 0.001579778830963665 0.0016778523489932886
0 0.4304897314375987 0.200503355704698 0.001579778830963665 0.0016778523489932886
0 0.3609794628751975 0.19379194630872484 0.001579778830963665 0.0016778523489932886
0 0.3641390205371248 0.19211409395973153 0.001579778830963665 0.0016778523489932886
0 0.28199052132701424 0.19463087248322147 0.004739336492890996 0.006711409395973154
0 0.27883096366508686 0.19043624161073824 0.001579778830963665 0.0016778523489932886
0 0.29936808846761453 0.17869127516778524 0.001579778830963665 0.0016778523489932886
0 0.4541864139020537 0.17533557046979867 0.001579778830963665 0.0016778523489932886
0 0.36492890995260663 0.1761744966442953 0.00315955766192733 0.003355704697986577
0 0.2938388625592417 0.17785234899328858 0.00631911532385466 0.006711409395973154
0 0.7527646129541864 0.16023489932885907 0.001579778830963665 0.0016778523489932886
0 0.4368088467614534 0.1610738255033557 0.001579778830963665 0.003355704697986577
0 0.7567140600315956 0.1593959731543624 0.00315955766192733 0.003355704697986577
0 0.3372827804107425 0.14848993288590603 0.001579778830963665 0.0016778523489932886
0 0.31911532385466035 0.15100671140939598 0.00631911532385466 0.006711409395973154
0 0.7796208530805687 0.14681208053691275 0.001579778830963665 0.0016778523489932886
0 0.7369668246445498 0.14681208053691275 0.001579778830963665 0.0016778523489932886
0 0.7338072669826224 0.14681208053691275 0.001579778830963665 0.0016778523489932886
0 0.7338072669826224 0.1417785234899329 0.001579778830963665 0.0016778523489932886
0 0.4415481832543444 0.1417785234899329 0.001579778830963665 0.0016778523489932886
0 0.38467614533965244 0.13842281879194632 0.001579778830963665 0.0016778523489932886
0 0.8080568720379147 0.13674496644295303 0.001579778830963665 0.0016778523489932886
0 0.3862559241706161 0.13590604026845637 0.004739336492890996 0.003355704697986577
0 0.3807266982622433 0.13590604026845637 0.00315955766192733 0.003355704697986577
0 0.806477093206951 0.13171140939597314 0.004739336492890996 0.0050335570469798654
0 0.7266982622432859 0.13087248322147652 0.00315955766192733 0.006711409395973154
0 0.8080568720379147 0.1266778523489933 0.001579778830963665 0.0016778523489932886
0 0.4391785150078989 0.12416107382550336 0.00631911532385466 0.006711409395973154
0 0.43285939968404424 0.12583892617449666 0.009478672985781991 0.010067114093959731
0 0.3665086887835703 0.18120805369127516 0.1769352290679305 0.12080536912751678
0 0.4060031595576619 0.12248322147651007 0.00315955766192733 0.003355704697986577
0 0.8080568720379147 0.10906040268456375 0.001579778830963665 0.003355704697986577
0 0.8001579778830964 0.10654362416107382 0.001579778830963665 0.0016778523489932886
0 0.7954186413902053 0.10654362416107382 0.004739336492890996 0.0050335570469798654
0 0.7361769352290679 0.09731543624161074 0.00631911532385466 0.006711409395973154
0 0.8143759873617693 0.08137583892617449 0.001579778830963665 0.0016778523489932886
0 0.7496050552922591 0.08221476510067115 0.004739336492890996 0.003355704697986577
0 0.5789889415481833 0.0796979865771812 0.001579778830963665 0.0016778523489932886
0 0.5742496050552922 0.0796979865771812 0.001579778830963665 0.0016778523489932886
0 0.759083728278041 0.07130872483221476 0.001579778830963665 0.0016778523489932886
0 0.7709320695102686 0.11325503355704698 0.10110584518167456 0.09228187919463088
0 0.764612954186414 0.07046979865771812 0.009478672985781991 0.006711409395973154
0 0.556872037914692 0.06459731543624161 0.001579778830963665 0.0016778523489932886
0 0.5647709320695102 0.041107382550335574 0.001579778830963665 0.0016778523489932886
0 0.580568720379147 0.02097315436241611 0.001579778830963665 0.0016778523489932886
0 0.5766192733017378 0.02181208053691275 0.00315955766192733 0.003355704697986577
0 0.5750394944707741 0.04949664429530201 0.037914691943127965 0.06208053691275168
0 0.5695102685624013 0.01761744966442953 0.001579778830963665 0.0016778523489932886
0 0.5766192733017378 0.015939597315436243 0.009478672985781991 0.0050335570469798654
0 0.5695102685624013 0.014261744966442953 0.001579778830963665 0.0016778523489932886
