0 0.4647971360381862 0.9990494296577946 0.0011933174224343676 0.0019011406844106464
0 0.13424821002386636 0.9990494296577946 0.0011933174224343676 0.0019011406844106464
0 0.10799522673031026 0.9990494296577946 0.0011933174224343676 0.0019011406844106464
0 0.4671837708830549 0.9980988593155894 0.0011933174224343676 0.0038022813688212928
0 0.19212410501193317 0.9980988593155894 0.007159904534606206 0.0038022813688212928
0 0.1724343675417661 0.9980988593155894 0.003579952267303103 0.0038022813688212928
0 0.10560859188544153 0.9980988593155894 0.0011933174224343676 0.0038022813688212928
0 0.19630071599045346 0.9952471482889734 0.0011933174224343676 0.0019011406844106464
0 0.1867541766109785 0.9952471482889734 0.0011933174224343676 0.0019011406844106464
0 0.1807875894988067 0.997148288973384 0.010739856801909307 0.005703422053231939
0 0.4606205250596659 0.9961977186311787 0.007159904534606206 0.0076045627376425855
0 0.11217183770883055 0.9961977186311787 0.007159904534606206 0.0076045627376425855
0 0.4946300715990454 0.9866920152091255 0.003579952267303103 0.0038022813688212928
0 0.08651551312649165 0.9857414448669202 0.0011933174224343676 0.0019011406844106464
0 0.4785202863961814 0.9857414448669202 0.002386634844868735 0.005703422053231939
0 0.08949880668257756 0.9828897338403042 0.007159904534606206 0.011406844106463879
0 0.5173031026252983 0.9724334600760456 0.0011933174224343676 0.0019011406844106464
0 0.0805489260143198 0.9724334600760456 0.0011933174224343676 0.0019011406844106464
0 0.516109785202864 0.9686311787072244 0.0011933174224343676 0.0019011406844106464
0 0.5322195704057279 0.9695817490494296 0.00477326968973747 0.0076045627376425855
0 0.5602625298329356 0.9572243346007605 0.0011933174224343676 0.0019011406844106464
0 0.538782816229117 0.9572243346007605 0.0011933174224343676 0.0019011406844106464
0 0.054295942720763726 0.9572243346007605 0.0011933174224343676 0.0019011406844106464
0 0.5626491646778043 0.9562737642585551 0.0011933174224343676 0.0038022813688212928
0 0.5507159904534606 0.9562737642585551 0.003579952267303103 0.0038022813688212928
0 0.5793556085918854 0.9420152091254753 0.0011933174224343676 0.0019011406844106464
0 0.045942720763723154 0.9420152091254753 0.0011933174224343676 0.0019011406844106464
0 0.5817422434367542 0.94106463878327 0.0011933174224343676 0.0038022813688212928
0 0.5704057279236276 0.94106463878327 0.002386634844868735 0.0038022813688212928
0 0.5686157517899761 0.938212927756654 0.0011933174224343676 0.0019011406844106464
0 0.5906921241050119 0.9249049429657795 0.002386634844868735 0.005703422053231939
0 0.5871121718377088 0.9249049429657795 0.002386634844868735 0.005703422053231939
0 0.031026252983293555 0.9239543726235742 0.00477326968973747 0.0076045627376425855
0 0.6079952267303103 0.9115969581749049 0.0011933174224343676 0.0019011406844106464
0 0.031026252983293555 0.9144486692015209 0.00477326968973747 0.0076045627376425855
0 0.030429594272076373 0.9077946768060836 0.0011933174224343676 0.0019011406844106464
0 0.6181384248210023 0.908745247148289 0.00477326968973747 0.0076045627376425855
0 0.03281622911694511 0.905893536121673 0.0011933174224343676 0.0019011406844106464
0 0.6133651551312649 0.9068441064638784 0.007159904534606206 0.011406844106463879
0 0.6736276849642004 0.8811787072243346 0.0011933174224343676 0.0019011406844106464
0 0.6593078758949881 0.879277566539924 0.0011933174224343676 0.0019011406844106464
0 0.024463007159904536 0.8802281368821293 0.003579952267303103 0.0038022813688212928
0 0.02028639618138425 0.8802281368821293 0.002386634844868735 0.0038022813688212928
0 0.6718377088305489 0.8783269961977186 0.002386634844868735 0.0038022813688212928
0 0.023269689737470168 0.8773764258555133 0.0011933174224343676 0.0019011406844106464
0 0.6885441527446301 0.8650190114068441 0.002386634844868735 0.0038022813688212928
0 0.684964200477327 0.8650190114068441 0.002386634844868735 0.0038022813688212928
0 0.010143198090692125 0.8507604562737643 0.0011933174224343676 0.0019011406844106464
0 0.6992840095465394 0.8498098859315589 0.002386634844868735 0.0038022813688212928
0 0.701073985680191 0.8450570342205324 0.0011933174224343676 0.0019011406844106464
0 0.011336515513126491 0.8384030418250951 0.003579952267303103 0.0038022813688212928
0 0.714200477326969 0.8346007604562737 0.003579952267303103 0.0038022813688212928
0 0.019689737470167064 0.8241444866920152 0.0011933174224343676 0.0019011406844106464
0 0.7344868735083532 0.8022813688212928 0.0011933174224343676 0.0038022813688212928
0 0.7261336515513126 0.7956273764258555 0.0011933174224343676 0.0019011406844106464
0 0.020883054892601432 0.7918250950570342 0.0011933174224343676 0.0019011406844106464
0 0.029832935560859187 0.7832699619771863 0.002386634844868735 0.0038022813688212928
0 0.03162291169451074 0.7785171102661597 0.003579952267303103 0.005703422053231939
0 0.7440334128878282 0.7652091254752852 0.0011933174224343676 0.0019011406844106464
0 0.04295942720763723 0.7633079847908745 0.002386634844868735 0.005703422053231939
0 0.7476133651551312 0.7595057034220533 0.0011933174224343676 0.0019011406844106464
0 0.7601431980906921 0.7442965779467681 0.002386634844868735 0.0019011406844106464
0 0.05608591885441527 0.7319391634980988 0.002386634844868735 0.0038022813688212928
0 0.7738663484486874 0.7281368821292775 0.003579952267303103 0.0038022813688212928
0 0.07100238663484487 0.7100760456273765 0.0011933174224343676 0.0019011406844106464
0 0.7822195704057279 0.7062737642585551 0.0011933174224343676 0.0019011406844106464
0 0.06742243436754176 0.7005703422053232 0.0011933174224343676 0.0019011406844106464
0 0.07756563245823389 0.688212927756654 0.002386634844868735 0.0076045627376425855
0 0.08949880668257756 0.6653992395437263 0.007159904534606206 0.015209125475285171
0 0.09248210023866349 0.6549429657794676 0.0011933174224343676 0.0019011406844106464
0 0.0883054892601432 0.6568441064638784 0.00477326968973747 0.005703422053231939
0 0.7935560859188544 0.6520912547528517 0.002386634844868735 0.0038022813688212928
0 0.09844868735083533 0.6397338403041825 0.0011933174224343676 0.0019011406844106464
0 0.09606205250596658 0.6397338403041825 0.0011933174224343676 0.0019011406844106464
0 0.10560859188544153 0.6321292775665399 0.0011933174224343676 0.0019011406844106464
0 0.8204057279236276 0.6074144486692015 0.0011933174224343676 0.0019011406844106464
0 0.8168257756563246 0.5979087452471483 0.0011933174224343676 0.0019011406844106464
0 0.1247016706443914 0.5979087452471483 0.0011933174224343676 0.0019011406844106464
0 0.8239856801909308 0.5922053231939164 0.0011933174224343676 0.0019011406844106464
0 0.8281622911694511 0.5903041825095057 0.00477326968973747 0.005703422053231939
0 0.8215990453460621 0.5865019011406845 0.0011933174224343676 0.0019011406844106464
0 0.8269689737470167 0.5836501901140685 0.007159904534606206 0.011406844106463879
0 0.14140811455847255 0.5636882129277566 0.0011933174224343676 0.0019011406844106464
0 0.1366348448687351 0.5665399239543726 0.0059665871121718375 0.0076045627376425855
0 0.8394988066825776 0.561787072243346 0.0011933174224343676 0.0019011406844106464
0 0.8490453460620525 0.5446768060836502 0.0011933174224343676 0.0019011406844106464
0 0.8466587112171837 0.5399239543726235 0.003579952267303103 0.0076045627376425855
0 0.14558472553699284 0.5361216730038023 0.00477326968973747 0.0076045627376425855
0 0.844272076372315 0.5332699619771863 0.003579952267303103 0.005703422053231939
0 0.85381861575179 0.502851711026616 0.0011933174224343676 0.0019011406844106464
0 0.1766109785202864 0.49524714828897337 0.002386634844868735 0.0019011406844106464
0 0.17362768496420047 0.4914448669201521 0.003579952267303103 0.005703422053231939
0 0.17720763723150357 0.4876425855513308 0.0011933174224343676 0.0019011406844106464
0 0.17482100238663484 0.4876425855513308 0.0011933174224343676 0.0019011406844106464
0 0.863961813842482 0.4781368821292776 0.002386634844868735 0.005703422053231939
0 0.19451073985680192 0.4591254752851711 0.007159904534606206 0.005703422053231939
0 0.889618138424821 0.4553231939163498 0.0011933174224343676 0.0019011406844106464
0 0.2016706443914081 0.4543726235741445 0.002386634844868735 0.0038022813688212928
0 0.20107398568019094 0.44961977186311786 0.0011933174224343676 0.0019011406844106464
0 0.20346062052505967 0.4467680608365019 0.003579952267303103 0.0038022813688212928
0 0.20465393794749404 0.44201520912547526 0.0011933174224343676 0.0019011406844106464
0 0.2022673031026253 0.44201520912547526 0.0011933174224343676 0.0019011406844106464
0 0.8967780429594272 0.44011406844106465 0.0011933174224343676 0.0019011406844106464
0 0.8955847255369929 0.43250950570342206 0.0011933174224343676 0.0019011406844106464
0 0.21360381861575178 0.43346007604562736 0.002386634844868735 0.0038022813688212928
0 0.21062052505966586 0.43250950570342206 0.0011933174224343676 0.0019011406844106464
0 0.2165871121718377 0.4268060836501901 0.0011933174224343676 0.0019011406844106464
0 0.21360381861575178 0.42870722433460073 0.00477326968973747 0.005703422053231939
0 0.9015513126491647 0.4230038022813688 0.0011933174224343676 0.005703422053231939
0 0.9051312649164678 0.4220532319391635 0.003579952267303103 0.0076045627376425855
0 0.2201670644391408 0.41730038022813687 0.0011933174224343676 0.0019011406844106464
0 0.2201670644391408 0.4134980988593156 0.0011933174224343676 0.0019011406844106464
0 0.9134844868735084 0.39923954372623577 0.003579952267303103 0.0038022813688212928
0 0.23806682577565633 0.39638783269961975 0.0011933174224343676 0.0019011406844106464
0 0.2356801909307876 0.39638783269961975 0.0011933174224343676 0.0019011406844106464
0 0.9182577565632458 0.39448669201520914 0.0011933174224343676 0.0019011406844106464
0 0.9224343675417661 0.3887832699619772 0.007159904534606206 0.013307984790874524
0 0.272673031026253 0.3811787072243346 0.0011933174224343676 0.0019011406844106464
0 0.2511933174224344 0.3811787072243346 0.0011933174224343676 0.0019011406844106464
0 0.24880668257756564 0.3821292775665399 0.0011933174224343676 0.0038022813688212928
0 0.9289976133651552 0.3754752851711027 0.0011933174224343676 0.0019011406844106464
0 0.9331742243436754 0.376425855513308 0.00477326968973747 0.0076045627376425855
0 0.30250596658711215 0.35076045627376423 0.0011933174224343676 0.0019011406844106464
0 0.9445107398568019 0.3488593155893536 0.0011933174224343676 0.0019011406844106464
0 0.32517899761336516 0.33745247148288976 0.0011933174224343676 0.0019011406844106464
0 0.32816229116945106 0.3403041825095057 0.007159904534606206 0.011406844106463879
0 0.9522673031026253 0.33079847908745247 0.00477326968973747 0.0076045627376425855
0 0.9474940334128878 0.3288973384030418 0.007159904534606206 0.011406844106463879
0 0.36097852028639615 0.3203422053231939 0.0011933174224343676 0.0019011406844106464
0 0.3573985680190931 0.32224334600760457 0.003579952267303103 0.005703422053231939
0 0.35381861575178997 0.3203422053231939 0.0011933174224343676 0.0019011406844106464
0 0.9522673031026253 0.3203422053231939 0.00477326968973747 0.009505703422053232
0 0.40274463007159905 0.3051330798479088 0.0011933174224343676 0.0019011406844106464
0 0.9618138424821002 0.28517110266159695 0.00477326968973747 0.0076045627376425855
0 0.4224343675417661 0.27756653992395436 0.00477326968973747 0.0076045627376425855
0 0.45346062052505964 0.26045627376425856 0.002386634844868735 0.0038022813688212928
0 0.44928400954653935 0.25950570342205326 0.0011933174224343676 0.0019011406844106464
0 0.44630071599045346 0.26425855513307983 0.007159904534606206 0.011406844106463879
0 0.441527446300716 0.2623574144486692 0.00477326968973747 0.0076045627376425855
0 0.47076372315035797 0.24429657794676807 0.0011933174224343676 0.0019011406844106464
0 0.46121718377088305 0.24429657794676807 0.0011933174224343676 0.0019011406844106464
0 0.4588305489260143 0.24524714828897337 0.0011933174224343676 0.0038022813688212928
0 0.9630071599045346 0.2414448669201521 0.002386634844868735 0.0038022813688212928
0 0.5065632458233891 0.2214828897338403 0.0011933174224343676 0.0019011406844106464
0 0.5089498806682577 0.21863117870722434 0.003579952267303103 0.0038022813688212928
0 0.9636038186157518 0.21482889733840305 0.0011933174224343676 0.0038022813688212928
0 0.961217183770883 0.21387832699619772 0.0011933174224343676 0.0019011406844106464
0 0.5232696897374701 0.21387832699619772 0.0011933174224343676 0.0019011406844106464
0 0.5101431980906921 0.21387832699619772 0.0011933174224343676 0.0019011406844106464
0 0.5077565632458234 0.21387832699619772 0.0011933174224343676 0.0019011406844106464
0 0.5340095465393795 0.20437262357414449 0.0011933174224343676 0.0019011406844106464
0 0.9516706443914081 0.20532319391634982 0.003579952267303103 0.0076045627376425855
0 0.9540572792362768 0.2005703422053232 0.0011933174224343676 0.0019011406844106464
0 0.5411694510739857 0.19866920152091255 0.0011933174224343676 0.0019011406844106464
0 0.5316229116945107 0.19866920152091255 0.0011933174224343676 0.0019011406844106464
0 0.5274463007159904 0.2005703422053232 0.00477326968973747 0.005703422053231939
0 0.5477326968973747 0.19296577946768062 0.007159904534606206 0.013307984790874524
0 0.5507159904534606 0.18346007604562736 0.0011933174224343676 0.0019011406844106464
0 0.5465393794749404 0.18536121673003803 0.00477326968973747 0.005703422053231939
0 0.5733890214797136 0.1758555133079848 0.0011933174224343676 0.0019011406844106464
0 0.948090692124105 0.16634980988593157 0.0011933174224343676 0.0019011406844106464
0 0.9522673031026253 0.1644486692015209 0.00477326968973747 0.005703422053231939
0 0.951073985680191 0.15779467680608364 0.007159904534606206 0.011406844106463879
0 0.5853221957040573 0.15304182509505704 0.0011933174224343676 0.0019011406844106464
0 0.5829355608591885 0.15399239543726237 0.0011933174224343676 0.0038022813688212928
0 0.6163484486873508 0.1397338403041825 0.0059665871121718375 0.005703422053231939
0 0.6115751789976134 0.13783269961977188 0.0011933174224343676 0.0019011406844106464
0 0.9904534606205251 0.13307984790874525 0.00477326968973747 0.0076045627376425855
0 0.6569212410501193 0.12262357414448669 0.0011933174224343676 0.0019011406844106464
0 0.6545346062052506 0.12262357414448669 0.0011933174224343676 0.0019011406844106464
0 0.6515513126491647 0.12357414448669202 0.002386634844868735 0.0038022813688212928
0 0.6467780429594272 0.12357414448669202 0.00477326968973747 0.0038022813688212928
0 0.633054892601432 0.12262357414448669 0.0011933174224343676 0.0019011406844106464
0 0.6306682577565632 0.12357414448669202 0.0011933174224343676 0.0038022813688212928
0 0.6610978520286396 0.11026615969581749 0.00477326968973747 0.0076045627376425855
0 0.6897374701670644 0.09980988593155894 0.00477326968973747 0.005703422053231939
0 0.7088305489260143 0.09695817490494296 0.007159904534606206 0.011406844106463879
0 0.7034606205250596 0.09220532319391635 0.0011933174224343676 0.0019011406844106464
0 0.6963007159904535 0.09220532319391635 0.0011933174224343676 0.0019011406844106464
0 0.6903341288782816 0.09220532319391635 0.0011933174224343676 0.0019011406844106464
0 0.6879474940334129 0.09220532319391635 0.0011933174224343676 0.0019011406844106464
0 0.9922434367541766 0.0903041825095057 0.0011933174224343676 0.0019011406844106464
0 0.7261336515513126 0.08079847908745247 0.0011933174224343676 0.0019011406844106464
0 0.75 0.07984790874524715 0.010739856801909307 0.0038022813688212928
0 0.7643198090692124 0.07699619771863118 0.0011933174224343676 0.0019011406844106464
0 0.7303102625298329 0.07984790874524715 0.007159904534606206 0.0076045627376425855
0 0.9731503579952268 0.07319391634980989 0.0011933174224343676 0.0019011406844106464
0 0.9731503579952268 0.06939163498098859 0.0011933174224343676 0.0019011406844106464
0 0.7673031026252983 0.07034220532319392 0.007159904534606206 0.011406844106463879
0 0.7804295942720764 0.06273764258555133 0.00477326968973747 0.0038022813688212928
0 0.7750596658711217 0.06273764258555133 0.003579952267303103 0.0038022813688212928
0 0.7702863961813843 0.06178707224334601 0.0011933174224343676 0.0019011406844106464
0 0.766109785202864 0.06368821292775666 0.00477326968973747 0.005703422053231939
0 0.9731503579952268 0.05038022813688213 0.0011933174224343676 0.0019011406844106464
0 0.798926014319809 0.04657794676806084 0.0011933174224343676 0.0019011406844106464
0 0.7947494033412887 0.04847908745247148 0.00477326968973747 0.005703422053231939
0 0.9701670644391408 0.0408745247148289 0.007159904534606206 0.013307984790874524
0 0.9600238663484487 0.03517110266159696 0.0011933174224343676 0.0019011406844106464
0 0.9713603818615751 0.03326996197718631 0.00477326968973747 0.005703422053231939
0 0.9671837708830548 0.03136882129277566 0.0011933174224343676 0.0019011406844106464
0 0.9618138424821002 0.03231939163498099 0.002386634844868735 0.0038022813688212928
0 0.8430787589498807 0.03136882129277566 0.0011933174224343676 0.0019011406844106464
0 0.8406921241050119 0.03231939163498099 0.0011933174224343676 0.0038022813688212928
0 0.8615751789976134 0.03231939163498099 0.00477326968973747 0.0076045627376425855
0 0.8609785202863962 0.025665399239543727 0.0011933174224343676 0.0019011406844106464
0 0.8633651551312649 0.02376425855513308 0.0011933174224343676 0.0019011406844106464
0 0.9540572792362768 0.017110266159695818 0.0011933174224343676 0.0038022813688212928
0 0.9516706443914081 0.016159695817490494 0.0011933174224343676 0.0019011406844106464
0 0.9313842482100239 0.016159695817490494 0.0011933174224343676 0.0019011406844106464
0 0.8615751789976134 0.019011406844106463 0.00477326968973747 0.0076045627376425855
0 0.9254176610978521 0.006653992395437262 0.0011933174224343676 0.0019011406844106464
0 0.5011933174224343 0.5 0.9832935560859188 1.0
0 0.8717183770883055 0.0009505703422053232 0.0011933174224343676 0.0019011406844106464
0 0.8693317422434368 0.0019011406844106464 0.0011933174224343676 0.0038022813688212928
