0 0.4959546925566343 0.9974003466204506 0.0016181229773462784 0.0017331022530329288
0 0.47653721682847894 0.9974003466204506 0.0016181229773462784 0.0017331022530329288
0 0.44902912621359226 0.9974003466204506 0.0016181229773462784 0.0017331022530329288
0 0.436084142394822 0.9974003466204506 0.0016181229773462784 0.0017331022530329288
0 0.5024271844660194 0.9965337954939342 0.0048543689320388345 0.0034662045060658577
0 0.494336569579288 0.9939341421143848 0.0016181229773462784 0.0017331022530329288
0 0.43042071197411 0.9956672443674177 0.006472491909385114 0.005199306759098787
0 0.48624595469255666 0.9939341421143848 0.008090614886731391 0.005199306759098787
0 0.4393203883495146 0.9922010398613518 0.0016181229773462784 0.0017331022530329288
0 0.5032362459546925 0.9913344887348353 0.003236245954692557 0.0034662045060658577
0 0.6464401294498382 0.9835355285961872 0.0016181229773462784 0.0017331022530329288
0 0.5833333333333334 0.9835355285961872 0.0016181229773462784 0.0017331022530329288
0 0.5186084142394822 0.9835355285961872 0.0016181229773462784 0.0017331022530329288
0 0.4320388349514563 0.988734835355286 0.009708737864077669 0.012131715771230503
0 0.40614886731391586 0.9826689774696707 0.003236245954692557 0.0034662045060658577
0 0.39158576051779936 0.9826689774696707 0.003236245954692557 0.0034662045060658577
0 0.5444983818770227 0.9818024263431543 0.0048543689320388345 0.005199306759098787
0 0.5614886731391586 0.9783362218370883 0.003236245954692557 0.0017331022530329288
0 0.662621359223301 0.9696707105719238 0.0016181229773462784 0.0017331022530329288
0 0.3551779935275081 0.9688041594454073 0.0016181229773462784 0.0034662045060658577
0 0.3511326860841424 0.9679376083188909 0.003236245954692557 0.005199306759098787
0 0.33980582524271846 0.9670710571923743 0.006472491909385114 0.006932409012131715
0 0.7135922330097088 0.9540727902946274 0.003236245954692557 0.005199306759098787
0 0.7168284789644013 0.9506065857885615 0.003236245954692557 0.0017331022530329288
0 0.30097087378640774 0.9532062391681109 0.006472491909385114 0.006932409012131715
0 0.30663430420711973 0.951473136915078 0.008090614886731391 0.010398613518197574
0 0.2783171521035599 0.9506065857885615 0.012944983818770227 0.012131715771230503
0 0.7993527508090615 0.9393414211438474 0.006472491909385114 0.006932409012131715
0 0.8244336569579288 0.9280762564991335 0.0016181229773462784 0.0017331022530329288
0 0.8381877022653722 0.925476603119584 0.006472491909385114 0.006932409012131715
0 0.23381877022653721 0.9228769497400346 0.0016181229773462784 0.0017331022530329288
0 0.8317152103559871 0.9237435008665511 0.009708737864077669 0.010398613518197574
0 0.2127831715210356 0.9133448873483535 0.0016181229773462784 0.0034662045060658577
0 0.2087378640776699 0.912478336221837 0.003236245954692557 0.005199306759098787
0 0.877831715210356 0.9003466204506065 0.0016181229773462784 0.0017331022530329288
0 0.1715210355987055 0.8977469670710572 0.006472491909385114 0.006932409012131715
0 0.8810679611650486 0.8864818024263431 0.0016181229773462784 0.0017331022530329288
0 0.16262135922330098 0.8864818024263431 0.0016181229773462784 0.0017331022530329288
0 0.1464401294498382 0.8864818024263431 0.0016181229773462784 0.0017331022530329288
0 0.8843042071197411 0.8856152512998267 0.0016181229773462784 0.0034662045060658577
0 0.14320388349514562 0.8856152512998267 0.0016181229773462784 0.0034662045060658577
0 0.9182847896440129 0.8708838821490468 0.0016181229773462784 0.0017331022530329288
0 0.9118122977346278 0.8717504332755632 0.008090614886731391 0.0034662045060658577
0 0.1383495145631068 0.8691507798960139 0.0016181229773462784 0.0017331022530329288
0 0.13268608414239483 0.8700173310225303 0.006472491909385114 0.006932409012131715
0 0.912621359223301 0.8665511265164645 0.003236245954692557 0.0034662045060658577
0 0.9166666666666666 0.8648180242634316 0.0048543689320388345 0.006932409012131715
0 0.9733009708737864 0.8448873483535528 0.0016181229773462784 0.0017331022530329288
0 0.13187702265372167 0.8422876949740035 0.0048543689320388345 0.0034662045060658577
0 0.1302588996763754 0.8379549393414212 0.0016181229773462784 0.0017331022530329288
0 0.13268608414239483 0.830155979202773 0.006472491909385114 0.006932409012131715
0 0.13187702265372167 0.8223570190641247 0.0048543689320388345 0.008665511265164644
0 0.9991909385113269 0.8032928942807626 0.0016181229773462784 0.0017331022530329288
0 0.13996763754045308 0.8032928942807626 0.0016181229773462784 0.0017331022530329288
0 0.12702265372168284 0.7885615251299827 0.0016181229773462784 0.0034662045060658577
0 0.11974110032362459 0.7660311958405546 0.006472491909385114 0.006932409012131715
0 0.13187702265372167 0.744367417677643 0.0016181229773462784 0.0017331022530329288
0 0.13106796116504854 0.7365684575389948 0.003236245954692557 0.0034662045060658577
0 0.1529126213592233 0.7218370883882149 0.0016181229773462784 0.0017331022530329288
0 0.14724919093851133 0.7270363951473137 0.009708737864077669 0.012131715771230503
0 0.1593851132686084 0.7175043327556326 0.0048543689320388345 0.0034662045060658577
0 0.9935275080906149 0.7105719237435009 0.006472491909385114 0.006932409012131715
0 0.9935275080906149 0.6759098786828422 0.006472491909385114 0.006932409012131715
0 0.18284789644012944 0.6707105719237435 0.003236245954692557 0.0034662045060658577
0 0.18527508090614886 0.6663778162911612 0.0016181229773462784 0.0017331022530329288
0 0.1820388349514563 0.6663778162911612 0.0016181229773462784 0.0017331022530329288
0 0.9919093851132686 0.6594454072790294 0.009708737864077669 0.022530329289428077
0 0.9951456310679612 0.6490467937608319 0.003236245954692557 0.005199306759098787
0 0.9927184466019418 0.6447140381282496 0.0048543689320388345 0.006932409012131715
0 0.9959546925566343 0.6403812824956673 0.0016181229773462784 0.0017331022530329288
0 0.19093851132686085 0.6204506065857885 0.006472491909385114 0.006932409012131715
0 0.9805825242718447 0.6126516464471404 0.006472491909385114 0.005199306759098787
0 0.9749190938511327 0.6109185441941074 0.0016181229773462784 0.0017331022530329288
0 0.9700647249190939 0.6109185441941074 0.0016181229773462784 0.0017331022530329288
0 0.15614886731391586 0.6091854419410745 0.0016181229773462784 0.0017331022530329288
0 0.15614886731391586 0.6022530329289428 0.0016181229773462784 0.0017331022530329288
0 0.15129449838187703 0.5953206239168111 0.0016181229773462784 0.0017331022530329288
0 0.13268608414239483 0.5927209705372617 0.006472491909385114 0.006932409012131715
0 0.11974110032362459 0.5788561525129983 0.006472491909385114 0.006932409012131715
0 0.9676375404530745 0.5762564991334489 0.006472491909385114 0.012131715771230503
0 0.9627831715210357 0.5719237435008665 0.003236245954692557 0.0034662045060658577
0 0.9652103559870551 0.5693240901213171 0.0016181229773462784 0.0017331022530329288
0 0.9579288025889967 0.5684575389948007 0.003236245954692557 0.0034662045060658577
0 0.12055016181229773 0.5589254766031195 0.0016181229773462784 0.0017331022530329288
0 0.11731391585760517 0.5571923743500866 0.0016181229773462784 0.0017331022530329288
0 0.9571197411003236 0.5537261698440208 0.0016181229773462784 0.0017331022530329288
0 0.11245954692556634 0.5537261698440208 0.0016181229773462784 0.0017331022530329288
0 0.09951456310679611 0.5398613518197574 0.0016181229773462784 0.0017331022530329288
0 0.09385113268608414 0.5381282495667244 0.006472491909385114 0.005199306759098787
0 0.08818770226537216 0.5259965337954939 0.0016181229773462784 0.0017331022530329288
0 0.9571197411003236 0.5155979202772963 0.0016181229773462784 0.0017331022530329288
0 0.9538834951456311 0.5138648180242634 0.0016181229773462784 0.0017331022530329288
0 0.9546925566343042 0.4748700173310225 0.006472491909385114 0.006932409012131715
0 0.06553398058252427 0.47227036395147315 0.0016181229773462784 0.0017331022530329288
0 0.055825242718446605 0.47053726169844023 0.0016181229773462784 0.0017331022530329288
0 0.052588996763754045 0.4696707105719237 0.0016181229773462784 0.0034662045060658577
0 0.02669902912621359 0.45493934142114384 0.0016181229773462784 0.0017331022530329288
0 0.029935275080906147 0.4506065857885615 0.0048543689320388345 0.006932409012131715
0 0.941747572815534 0.43327556325823224 0.006472491909385114 0.006932409012131715
0 0.020226537216828478 0.427209705372617 0.0048543689320388345 0.005199306759098787
0 0.016181229773462782 0.42287694974003465 0.006472491909385114 0.01386481802426343
0 0.9312297734627831 0.40121317157712305 0.0016181229773462784 0.0017331022530329288
0 0.00889967637540453 0.40121317157712305 0.0048543689320388345 0.0017331022530329288
0 0.9312297734627831 0.39774696707105717 0.0016181229773462784 0.0017331022530329288
0 0.9279935275080906 0.3778162911611785 0.008090614886731391 0.006932409012131715
0 0.9199029126213593 0.3752166377816291 0.0016181229773462784 0.0017331022530329288
0 0.0024271844660194173 0.37608318890814557 0.0048543689320388345 0.0034662045060658577
0 0.9182847896440129 0.3682842287694974 0.0016181229773462784 0.0017331022530329288
0 0.9158576051779935 0.3648180242634315 0.003236245954692557 0.0017331022530329288
0 0.9182847896440129 0.3613518197573657 0.0016181229773462784 0.0017331022530329288
0 0.912621359223301 0.36221837088388215 0.003236245954692557 0.0034662045060658577
0 0.9037216828478964 0.3483535528596187 0.0048543689320388345 0.0034662045060658577
0 0.021844660194174758 0.32322357019064124 0.0016181229773462784 0.0017331022530329288
0 0.016181229773462782 0.3223570190641248 0.006472491909385114 0.006932409012131715
0 0.8923948220064725 0.31109185441941073 0.0016181229773462784 0.0017331022530329288
0 0.02669902912621359 0.3076256499133449 0.0016181229773462784 0.0017331022530329288
0 0.02669902912621359 0.304159445407279 0.0016181229773462784 0.0017331022530329288
0 0.02669902912621359 0.2833622183708839 0.0016181229773462784 0.0017331022530329288
0 0.02750809061488673 0.27902946273830154 0.003236245954692557 0.0034662045060658577
0 0.06877022653721683 0.2365684575389948 0.0016181229773462784 0.0017331022530329288
0 0.06553398058252427 0.23743500866551126 0.0016181229773462784 0.0034662045060658577
0 0.10355987055016182 0.2123050259965338 0.003236245954692557 0.005199306759098787
0 0.8786407766990292 0.21143847487001732 0.003236245954692557 0.006932409012131715
0 0.8729773462783171 0.20883882149046792 0.0016181229773462784 0.0017331022530329288
0 0.09951456310679611 0.20883882149046792 0.0016181229773462784 0.0017331022530329288
0 0.09385113268608414 0.21057192374350087 0.006472491909385114 0.005199306759098787
0 0.10922330097087378 0.20363951473136915 0.0016181229773462784 0.0017331022530329288
0 0.10517799352750809 0.2045060658578856 0.003236245954692557 0.006932409012131715
0 0.8325242718446602 0.1949740034662045 0.0016181229773462784 0.0017331022530329288
0 0.11084142394822007 0.16897746967071056 0.0048543689320388345 0.005199306759098787
0 0.8074433656957929 0.1559792027729636 0.003236245954692557 0.0034662045060658577
0 0.8098705501618123 0.15337954939341422 0.0016181229773462784 0.0017331022530329288
0 0.8033980582524272 0.15337954939341422 0.0016181229773462784 0.0017331022530329288
0 0.1383495145631068 0.13951473136915077 0.0016181229773462784 0.0017331022530329288
0 0.7993527508090615 0.12824956672443674 0.006472491909385114 0.006932409012131715
0 0.16019417475728157 0.11785095320623917 0.003236245954692557 0.0034662045060658577
0 0.15614886731391586 0.1169844020797227 0.0016181229773462784 0.0017331022530329288
0 0.6496763754045307 0.11351819757365685 0.0016181229773462784 0.0017331022530329288
0 0.6156957928802589 0.11351819757365685 0.0016181229773462784 0.0017331022530329288
0 0.7734627831715211 0.11438474870017332 0.006472491909385114 0.006932409012131715
0 0.7297734627831716 0.11265164644714037 0.003236245954692557 0.0034662045060658577
0 0.6998381877022654 0.11178509532062392 0.0016181229773462784 0.0017331022530329288
0 0.6885113268608414 0.11178509532062392 0.0016181229773462784 0.0017331022530329288
0 0.6585760517799353 0.11265164644714037 0.003236245954692557 0.0034662045060658577
0 0.6383495145631068 0.11265164644714037 0.0048543689320388345 0.0034662045060658577
0 0.3826860841423948 0.11178509532062392 0.0016181229773462784 0.0017331022530329288
0 0.16423948220064724 0.11178509532062392 0.0016181229773462784 0.0017331022530329288
0 0.16019417475728157 0.11351819757365685 0.006472491909385114 0.005199306759098787
0 0.6181229773462783 0.10051993067590988 0.006472491909385114 0.006932409012131715
0 0.39563106796116504 0.09965337954939342 0.0048543689320388345 0.005199306759098787
0 0.40614886731391586 0.09012131715771231 0.003236245954692557 0.0034662045060658577
0 0.4021035598705502 0.08925476603119584 0.0016181229773462784 0.0017331022530329288
0 0.5938511326860841 0.08838821490467938 0.003236245954692557 0.0034662045060658577
0 0.41019417475728154 0.08405545927209705 0.0016181229773462784 0.0017331022530329288
0 0.40614886731391586 0.08578856152512998 0.006472491909385114 0.005199306759098787
0 0.3616504854368932 0.08405545927209705 0.0016181229773462784 0.0017331022530329288
0 0.18446601941747573 0.08665511265164645 0.006472491909385114 0.006932409012131715
0 0.41504854368932037 0.07365684575389948 0.0016181229773462784 0.0017331022530329288
0 0.5922330097087378 0.07279029462738301 0.006472491909385114 0.006932409012131715
0 0.4441747572815534 0.0658578856152513 0.0048543689320388345 0.0034662045060658577
0 0.5792880258899676 0.058925476603119586 0.006472491909385114 0.006932409012131715
0 0.46682847896440127 0.05285961871750433 0.0016181229773462784 0.0017331022530329288
0 0.5105177993527508 0.04246100519930676 0.0016181229773462784 0.0017331022530329288
0 0.470873786407767 0.04592720970537262 0.009708737864077669 0.008665511265164644
0 0.290453074433657 0.04246100519930676 0.0016181229773462784 0.0017331022530329288
0 0.23381877022653721 0.04246100519930676 0.0016181229773462784 0.0017331022530329288
0 0.5792880258899676 0.038128249566724434 0.006472491909385114 0.006932409012131715
0 0.5768608414239482 0.033795493934142114 0.0016181229773462784 0.0017331022530329288
0 0.5800970873786407 0.032062391681109186 0.0016181229773462784 0.0017331022530329288
0 0.5817152103559871 0.02859618717504333 0.0016181229773462784 0.0017331022530329288
0 0.5016181229773463 0.03119584055459272 0.006472491909385114 0.006932409012131715
0 0.48220064724919093 0.032062391681109186 0.006472491909385114 0.008665511265164644
0 0.5776699029126213 0.02339688041594454 0.009708737864077669 0.012131715771230503
0 0.56957928802589 0.019064124783362217 0.003236245954692557 0.0034662045060658577
0 0.5 0.5069324090121318 1.0 0.9826689774696707
0 0.5792880258899676 0.016464471403812825 0.006472491909385114 0.005199306759098787
0 0.5736245954692557 0.014731369150779897 0.0016181229773462784 0.0017331022530329288
0 0.5614886731391586 0.016464471403812825 0.012944983818770227 0.005199306759098787
0 0.5412621359223301 0.014731369150779897 0.0016181229773462784 0.0017331022530329288
0 0.5364077669902912 0.016464471403812825 0.0048543689320388345 0.005199306759098787
0 0.5315533980582524 0.014731369150779897 0.0016181229773462784 0.0017331022530329288
