0 0.9602272727272727 0.9942622950819672 0.0012626262626262627 0.001639344262295082
0 0.9633838383838383 0.9934426229508196 0.0025252525252525255 0.006557377049180328
0 0.9602272727272727 0.989344262295082 0.0012626262626262627 0.001639344262295082
0 0.9690656565656566 0.9844262295081967 0.0012626262626262627 0.001639344262295082
0 0.9715909090909091 0.9819672131147541 0.0012626262626262627 0.003278688524590164
0 0.9772727272727273 0.9606557377049181 0.005050505050505051 0.006557377049180328
0 0.8592171717171717 0.9581967213114754 0.0012626262626262627 0.001639344262295082
0 0.9690656565656566 0.9459016393442623 0.0012626262626262627 0.003278688524590164
0 0.9665404040404041 0.9450819672131148 0.0012626262626262627 0.001639344262295082
0 0.6565656565656566 0.9434426229508197 0.0025252525252525255 0.001639344262295082
0 0.6433080808080808 0.9434426229508197 0.0012626262626262627 0.001639344262295082
0 0.6470959595959596 0.9418032786885245 0.0012626262626262627 0.001639344262295082
0 0.6388888888888888 0.9418032786885245 0.005050505050505051 0.004918032786885246
0 0.6464646464646465 0.9385245901639344 0.0025252525252525255 0.001639344262295082
0 0.7064393939393939 0.930327868852459 0.0012626262626262627 0.001639344262295082
0 0.6799242424242424 0.930327868852459 0.0012626262626262627 0.001639344262295082
0 0.8491161616161617 0.9286885245901639 0.0012626262626262627 0.001639344262295082
0 0.7159090909090909 0.9295081967213115 0.0025252525252525255 0.003278688524590164
0 0.702020202020202 0.9295081967213115 0.0025252525252525255 0.003278688524590164
0 0.7045454545454546 0.9270491803278689 0.0025252525252525255 0.001639344262295082
0 0.9791666666666666 0.9254098360655738 0.0012626262626262627 0.001639344262295082
0 0.6357323232323232 0.9254098360655738 0.0012626262626262627 0.001639344262295082
0 0.6268939393939394 0.9254098360655738 0.0012626262626262627 0.001639344262295082
0 0.8516414141414141 0.9245901639344263 0.003787878787878788 0.006557377049180328
0 0.7367424242424242 0.9155737704918033 0.0012626262626262627 0.001639344262295082
0 0.7367424242424242 0.9122950819672131 0.0012626262626262627 0.001639344262295082
0 0.6130050505050505 0.9040983606557377 0.0012626262626262627 0.001639344262295082
0 0.9955808080808081 0.9024590163934426 0.0012626262626262627 0.001639344262295082
0 0.6079545454545454 0.9024590163934426 0.003787878787878788 0.004918032786885246
0 0.9981060606060606 0.8959016393442623 0.003787878787878788 0.004918032786885246
0 0.9936868686868687 0.8942622950819672 0.0025252525252525255 0.004918032786885246
0 0.9917929292929293 0.8926229508196721 0.0012626262626262627 0.001639344262295082
0 0.851010101010101 0.8918032786885246 0.005050505050505051 0.006557377049180328
0 0.8491161616161617 0.8827868852459017 0.0012626262626262627 0.001639344262295082
0 0.8503787878787878 0.8786885245901639 0.003787878787878788 0.003278688524590164
0 0.32007575757575757 0.8778688524590164 0.0012626262626262627 0.001639344262295082
0 0.3226010101010101 0.8745901639344262 0.0012626262626262627 0.001639344262295082
0 0.3036616161616162 0.8729508196721312 0.0012626262626262627 0.001639344262295082
0 0.9892676767676768 0.8680327868852459 0.0012626262626262627 0.001639344262295082
0 0.7569444444444444 0.8680327868852459 0.0012626262626262627 0.001639344262295082
0 0.34785353535353536 0.8647540983606558 0.0012626262626262627 0.001639344262295082
0 0.3390151515151515 0.8647540983606558 0.0012626262626262627 0.001639344262295082
0 0.29608585858585856 0.8647540983606558 0.0012626262626262627 0.001639344262295082
0 0.2897727272727273 0.8647540983606558 0.0012626262626262627 0.001639344262295082
0 0.28345959595959597 0.8647540983606558 0.0012626262626262627 0.001639344262295082
0 0.2796717171717172 0.8647540983606558 0.0012626262626262627 0.001639344262295082
0 0.7670454545454546 0.8614754098360655 0.0012626262626262627 0.001639344262295082
0 0.759469696969697 0.8631147540983607 0.006313131313131313 0.004918032786885246
0 0.586489898989899 0.8614754098360655 0.0012626262626262627 0.001639344262295082
0 0.27525252525252525 0.8631147540983607 0.005050505050505051 0.004918032786885246
0 0.2922979797979798 0.8622950819672132 0.003787878787878788 0.006557377049180328
0 0.4678030303030303 0.851639344262295 0.0012626262626262627 0.001639344262295082
0 0.4255050505050505 0.8508196721311475 0.0025252525252525255 0.003278688524590164
0 0.9880050505050505 0.8491803278688524 0.003787878787878788 0.003278688524590164
0 0.5587121212121212 0.85 0.003787878787878788 0.004918032786885246
0 0.9892676767676768 0.8450819672131148 0.0012626262626262627 0.001639344262295082
0 0.8251262626262627 0.8385245901639344 0.0012626262626262627 0.001639344262295082
0 0.7998737373737373 0.8385245901639344 0.0012626262626262627 0.001639344262295082
0 0.25946969696969696 0.8385245901639344 0.0012626262626262627 0.001639344262295082
0 0.8276515151515151 0.8377049180327869 0.0012626262626262627 0.003278688524590164
0 0.4513888888888889 0.8368852459016394 0.0012626262626262627 0.001639344262295082
0 0.44886363636363635 0.8368852459016394 0.0012626262626262627 0.001639344262295082
0 0.4463383838383838 0.8368852459016394 0.0012626262626262627 0.001639344262295082
0 0.25441919191919193 0.8377049180327869 0.003787878787878788 0.003278688524590164
0 0.8011363636363636 0.8352459016393443 0.0012626262626262627 0.001639344262295082
0 0.7986111111111112 0.8352459016393443 0.0012626262626262627 0.001639344262295082
0 0.7821969696969697 0.8352459016393443 0.0012626262626262627 0.001639344262295082
0 0.26073232323232326 0.8352459016393443 0.0012626262626262627 0.001639344262295082
0 0.23484848484848486 0.8360655737704918 0.005050505050505051 0.006557377049180328
0 0.2537878787878788 0.8327868852459016 0.0025252525252525255 0.003278688524590164
0 0.9861111111111112 0.8352459016393443 0.007575757575757576 0.011475409836065573
0 0.23926767676767677 0.8344262295081967 0.006313131313131313 0.009836065573770493
0 0.9873737373737373 0.828688524590164 0.005050505050505051 0.004918032786885246
0 0.9829545454545454 0.8270491803278689 0.0012626262626262627 0.001639344262295082
0 0.8453282828282829 0.8254098360655737 0.0012626262626262627 0.001639344262295082
0 0.21906565656565657 0.8254098360655737 0.0012626262626262627 0.001639344262295082
0 0.17487373737373738 0.8254098360655737 0.0012626262626262627 0.001639344262295082
0 0.15593434343434343 0.8254098360655737 0.0012626262626262627 0.001639344262295082
0 0.12184343434343434 0.8254098360655737 0.0012626262626262627 0.001639344262295082
0 0.11931818181818182 0.8254098360655737 0.0012626262626262627 0.001639344262295082
0 0.08396464646464646 0.8254098360655737 0.0012626262626262627 0.001639344262295082
0 0.8478535353535354 0.8245901639344262 0.0012626262626262627 0.003278688524590164
0 0.08143939393939394 0.8245901639344262 0.0012626262626262627 0.003278688524590164
0 0.10858585858585859 0.8221311475409836 0.0025252525252525255 0.001639344262295082
0 0.0625 0.7991803278688525 0.0012626262626262627 0.001639344262295082
0 0.06186868686868687 0.7918032786885246 0.0025252525252525255 0.003278688524590164
0 0.9779040404040404 0.7877049180327869 0.0012626262626262627 0.001639344262295082
0 0.8781565656565656 0.7762295081967213 0.0012626262626262627 0.001639344262295082
0 0.061237373737373736 0.7737704918032787 0.0012626262626262627 0.003278688524590164
0 0.05618686868686869 0.7721311475409836 0.003787878787878788 0.003278688524590164
0 0.05176767676767677 0.7721311475409836 0.0025252525252525255 0.003278688524590164
0 0.054924242424242424 0.769672131147541 0.0012626262626262627 0.001639344262295082
0 0.041035353535353536 0.7598360655737705 0.0012626262626262627 0.001639344262295082
0 0.04482323232323232 0.7516393442622951 0.0012626262626262627 0.001639344262295082
0 0.0422979797979798 0.7524590163934426 0.003787878787878788 0.009836065573770493
0 0.8882575757575758 0.7467213114754099 0.0012626262626262627 0.001639344262295082
0 0.03851010101010101 0.7459016393442623 0.0012626262626262627 0.003278688524590164
0 0.8882575757575758 0.7385245901639345 0.0012626262626262627 0.001639344262295082
0 0.8964646464646465 0.7311475409836066 0.005050505050505051 0.006557377049180328
0 0.9084595959595959 0.7188524590163935 0.0012626262626262627 0.001639344262295082
0 0.03851010101010101 0.719672131147541 0.0012626262626262627 0.003278688524590164
0 0.9059343434343434 0.7147540983606557 0.003787878787878788 0.006557377049180328
0 0.9324494949494949 0.7073770491803278 0.0012626262626262627 0.001639344262295082
0 0.9356060606060606 0.7057377049180328 0.005050505050505051 0.004918032786885246
0 0.9387626262626263 0.7024590163934427 0.0012626262626262627 0.001639344262295082
0 0.9356060606060606 0.7016393442622951 0.0025252525252525255 0.003278688524590164
0 0.9589646464646465 0.6926229508196722 0.0012626262626262627 0.001639344262295082
0 0.94760101010101 0.6926229508196722 0.0012626262626262627 0.001639344262295082
0 0.9564393939393939 0.6885245901639344 0.003787878787878788 0.006557377049180328
0 0.9564393939393939 0.669672131147541 0.0012626262626262627 0.001639344262295082
0 0.03787878787878788 0.6549180327868852 0.0025252525252525255 0.001639344262295082
0 0.9570707070707071 0.6540983606557377 0.0025252525252525255 0.003278688524590164
0 0.03409090909090909 0.6532786885245901 0.0025252525252525255 0.001639344262295082
0 0.030934343434343436 0.6532786885245901 0.0012626262626262627 0.001639344262295082
0 0.9589646464646465 0.6467213114754098 0.0012626262626262627 0.001639344262295082
0 0.961489898989899 0.6418032786885246 0.0012626262626262627 0.001639344262295082
0 0.9633838383838383 0.6401639344262295 0.0025252525252525255 0.004918032786885246
0 0.9678030303030303 0.6385245901639345 0.003787878787878788 0.004918032786885246
0 0.9652777777777778 0.6319672131147541 0.0012626262626262627 0.001639344262295082
0 0.9671717171717171 0.6327868852459017 0.005050505050505051 0.006557377049180328
0 0.9640151515151515 0.6229508196721312 0.0012626262626262627 0.013114754098360656
0 0.9652777777777778 0.6139344262295082 0.0012626262626262627 0.001639344262295082
0 0.9671717171717171 0.6131147540983607 0.005050505050505051 0.006557377049180328
0 0.9678030303030303 0.6073770491803279 0.003787878787878788 0.004918032786885246
0 0.9633838383838383 0.6057377049180328 0.0025252525252525255 0.004918032786885246
0 0.961489898989899 0.6040983606557377 0.0012626262626262627 0.001639344262295082
0 0.9577020202020202 0.5959016393442623 0.003787878787878788 0.00819672131147541
0 0.9589646464646465 0.589344262295082 0.0012626262626262627 0.001639344262295082
0 0.020833333333333332 0.5680327868852459 0.0012626262626262627 0.001639344262295082
0 0.9526515151515151 0.5631147540983606 0.0012626262626262627 0.001639344262295082
0 0.9570707070707071 0.5614754098360656 0.005050505050505051 0.004918032786885246
0 0.9558080808080808 0.5540983606557377 0.007575757575757576 0.013114754098360656
0 0.9570707070707071 0.5467213114754098 0.005050505050505051 0.004918032786885246
0 0.9589646464646465 0.5409836065573771 0.0012626262626262627 0.003278688524590164
0 0.9564393939393939 0.5385245901639344 0.0012626262626262627 0.001639344262295082
0 0.015782828282828284 0.5360655737704918 0.003787878787878788 0.003278688524590164
0 0.011363636363636364 0.5360655737704918 0.0025252525252525255 0.003278688524590164
0 0.01452020202020202 0.5336065573770492 0.0012626262626262627 0.001639344262295082
0 0.010732323232323232 0.5172131147540984 0.0012626262626262627 0.001639344262295082
0 0.9570707070707071 0.5016393442622951 0.005050505050505051 0.006557377049180328
0 0.9299242424242424 0.49918032786885247 0.0012626262626262627 0.001639344262295082
0 0.9185606060606061 0.49098360655737705 0.0012626262626262627 0.001639344262295082
0 0.9090909090909091 0.4901639344262295 0.0025252525252525255 0.003278688524590164
0 0.8661616161616161 0.48688524590163934 0.0025252525252525255 0.003278688524590164
0 0.8768939393939394 0.47704918032786886 0.008838383838383838 0.009836065573770493
0 0.8712121212121212 0.47540983606557374 0.005050505050505051 0.006557377049180328
0 0.8554292929292929 0.4737704918032787 0.0012626262626262627 0.003278688524590164
0 0.003787878787878788 0.4672131147540984 0.007575757575757576 0.009836065573770493
0 0.006944444444444444 0.4598360655737705 0.0012626262626262627 0.001639344262295082
0 0.0025252525252525255 0.46147540983606555 0.005050505050505051 0.004918032786885246
0 0.8478535353535354 0.45 0.0012626262626262627 0.001639344262295082
0 0.02335858585858586 0.3942622950819672 0.0012626262626262627 0.001639344262295082
0 0.041035353535353536 0.3663934426229508 0.0012626262626262627 0.001639344262295082
0 0.8251262626262627 0.3614754098360656 0.0012626262626262627 0.001639344262295082
0 0.8213383838383839 0.35655737704918034 0.0012626262626262627 0.001639344262295082
0 0.8276515151515151 0.3549180327868853 0.0012626262626262627 0.001639344262295082
0 0.8257575757575758 0.35737704918032787 0.005050505050505051 0.006557377049180328
0 0.041035353535353536 0.3516393442622951 0.0012626262626262627 0.001639344262295082
0 0.0422979797979798 0.3483606557377049 0.0012626262626262627 0.001639344262295082
0 0.0422979797979798 0.34508196721311474 0.0012626262626262627 0.001639344262295082
0 0.04482323232323232 0.3418032786885246 0.0012626262626262627 0.001639344262295082
0 0.0422979797979798 0.3418032786885246 0.0012626262626262627 0.001639344262295082
0 0.8143939393939394 0.3377049180327869 0.007575757575757576 0.013114754098360656
0 0.8156565656565656 0.330327868852459 0.005050505050505051 0.004918032786885246
0 0.8112373737373737 0.32868852459016396 0.0012626262626262627 0.001639344262295082
0 0.05303030303030303 0.3188524590163934 0.005050505050505051 0.00819672131147541
0 0.7891414141414141 0.2901639344262295 0.0025252525252525255 0.003278688524590164
0 0.09154040404040405 0.2778688524590164 0.0012626262626262627 0.001639344262295082
0 0.7632575757575758 0.2762295081967213 0.0012626262626262627 0.001639344262295082
0 0.14709595959595959 0.26639344262295084 0.0012626262626262627 0.001639344262295082
0 0.7569444444444444 0.2647540983606557 0.0012626262626262627 0.001639344262295082
0 0.1736111111111111 0.26311475409836066 0.0012626262626262627 0.001639344262295082
0 0.15845959595959597 0.26311475409836066 0.0012626262626262627 0.001639344262295082
0 0.14898989898989898 0.2639344262295082 0.0025252525252525255 0.003278688524590164
0 0.13952020202020202 0.26311475409836066 0.0012626262626262627 0.001639344262295082
0 0.11931818181818182 0.26311475409836066 0.0012626262626262627 0.001639344262295082
0 0.1029040404040404 0.26311475409836066 0.0012626262626262627 0.001639344262295082
0 0.7165404040404041 0.2532786885245902 0.0012626262626262627 0.001639344262295082
0 0.7121212121212122 0.25163934426229506 0.010101010101010102 0.004918032786885246
0 0.18434343434343434 0.24754098360655738 0.005050505050505051 0.006557377049180328
0 0.19570707070707072 0.23852459016393443 0.0025252525252525255 0.001639344262295082
0 0.7064393939393939 0.23688524590163934 0.0012626262626262627 0.001639344262295082
0 0.20012626262626262 0.23688524590163934 0.0012626262626262627 0.001639344262295082
0 0.18434343434343434 0.23934426229508196 0.005050505050505051 0.006557377049180328
0 0.7045454545454546 0.22540983606557377 0.005050505050505051 0.004918032786885246
0 0.7001262626262627 0.22377049180327868 0.0012626262626262627 0.001639344262295082
0 0.2039141414141414 0.22704918032786886 0.003787878787878788 0.00819672131147541
0 0.4797979797979798 0.2139344262295082 0.0025252525252525255 0.001639344262295082
0 0.47664141414141414 0.2122950819672131 0.0012626262626262627 0.001639344262295082
0 0.5006313131313131 0.21065573770491802 0.0012626262626262627 0.001639344262295082
0 0.4880050505050505 0.21065573770491802 0.0012626262626262627 0.001639344262295082
0 0.23295454545454544 0.20573770491803278 0.0012626262626262627 0.001639344262295082
0 0.23484848484848486 0.20163934426229507 0.005050505050505051 0.003278688524590164
0 0.6944444444444444 0.19918032786885245 0.005050505050505051 0.004918032786885246
0 0.6900252525252525 0.19754098360655736 0.0012626262626262627 0.001639344262295082
0 0.5119949494949495 0.19754098360655736 0.0012626262626262627 0.001639344262295082
0 0.5075757575757576 0.19918032786885245 0.005050505050505051 0.004918032786885246
0 0.4715909090909091 0.19754098360655736 0.0012626262626262627 0.001639344262295082
0 0.4734848484848485 0.1942622950819672 0.0025252525252525255 0.004918032786885246
0 0.4715909090909091 0.1901639344262295 0.003787878787878788 0.006557377049180328
0 0.4741161616161616 0.1860655737704918 0.0012626262626262627 0.001639344262295082
0 0.6843434343434344 0.18688524590163935 0.005050505050505051 0.006557377049180328
0 0.2342171717171717 0.18688524590163935 0.003787878787878788 0.006557377049180328
0 0.24305555555555555 0.18278688524590164 0.0012626262626262627 0.001639344262295082
0 0.615530303030303 0.17868852459016393 0.0012626262626262627 0.003278688524590164
0 0.6136363636363636 0.1762295081967213 0.0025252525252525255 0.004918032786885246
0 0.6540404040404041 0.1737704918032787 0.005050505050505051 0.006557377049180328
0 0.6496212121212122 0.17540983606557378 0.006313131313131313 0.009836065573770493
0 0.538510101010101 0.17131147540983607 0.0012626262626262627 0.001639344262295082
0 0.5359848484848485 0.1721311475409836 0.0012626262626262627 0.003278688524590164
0 0.4640151515151515 0.17131147540983607 0.0012626262626262627 0.001639344262295082
0 0.461489898989899 0.17131147540983607 0.0012626262626262627 0.001639344262295082
0 0.5492424242424242 0.16639344262295083 0.007575757575757576 0.011475409836065573
0 0.5909090909090909 0.16065573770491803 0.010101010101010102 0.006557377049180328
0 0.5568181818181818 0.15901639344262294 0.0025252525252525255 0.003278688524590164
0 0.55239898989899 0.1581967213114754 0.0012626262626262627 0.001639344262295082
0 0.547979797979798 0.1598360655737705 0.005050505050505051 0.004918032786885246
0 0.45391414141414144 0.14590163934426228 0.0012626262626262627 0.003278688524590164
0 0.4513888888888889 0.14508196721311475 0.0012626262626262627 0.001639344262295082
0 0.24305555555555555 0.14344262295081966 0.0012626262626262627 0.001639344262295082
0 0.23926767676767677 0.14344262295081966 0.0012626262626262627 0.001639344262295082
0 0.23484848484848486 0.1418032786885246 0.005050505050505051 0.004918032786885246
0 0.42613636363636365 0.11967213114754098 0.0012626262626262627 0.003278688524590164
0 0.4154040404040404 0.10655737704918032 0.0025252525252525255 0.003278688524590164
0 0.4097222222222222 0.10573770491803279 0.0012626262626262627 0.001639344262295082
0 0.4059343434343434 0.10573770491803279 0.0012626262626262627 0.001639344262295082
0 0.23484848484848486 0.10901639344262296 0.005050505050505051 0.00819672131147541
0 0.2556818181818182 0.09262295081967213 0.0012626262626262627 0.001639344262295082
0 0.2455808080808081 0.09262295081967213 0.0012626262626262627 0.001639344262295082
0 0.24305555555555555 0.09344262295081968 0.0012626262626262627 0.003278688524590164
0 0.26325757575757575 0.07459016393442623 0.0012626262626262627 0.001639344262295082
0 0.4034090909090909 0.07295081967213114 0.0012626262626262627 0.001639344262295082
0 0.26452020202020204 0.07131147540983607 0.0012626262626262627 0.001639344262295082
0 0.26325757575757575 0.0680327868852459 0.0012626262626262627 0.001639344262295082
0 0.4034090909090909 0.06639344262295081 0.0012626262626262627 0.001639344262295082
0 0.3996212121212121 0.06639344262295081 0.0012626262626262627 0.001639344262295082
0 0.2746212121212121 0.05573770491803279 0.003787878787878788 0.006557377049180328
0 0.38257575757575757 0.040983606557377046 0.0025252525252525255 0.003278688524590164
0 0.3648989898989899 0.029508196721311476 0.005050505050505051 0.006557377049180328
0 0.2878787878787879 0.027049180327868853 0.0025252525252525255 0.001639344262295082
0 0.35164141414141414 0.021311475409836064 0.003787878787878788 0.006557377049180328
0 0.3484848484848485 0.019672131147540985 0.0025252525252525255 0.003278688524590164
0 0.3529040404040404 0.01557377049180328 0.0012626262626262627 0.001639344262295082
0 0.34785353535353536 0.014754098360655738 0.006313131313131313 0.003278688524590164
0 0.3226010101010101 0.013934426229508197 0.0012626262626262627 0.001639344262295082
0 0.5 0.5040983606557377 1.0 0.9819672131147541
