0 0.5445246690734056 0.9798598949211909 0.0012033694344163659 0.0017513134851138354
0 0.5409145607701564 0.978984238178634 0.0036101083032490976 0.0035026269702276708
0 0.4879663056558363 0.978984238178634 0.0036101083032490976 0.0035026269702276708
0 0.48194945848375453 0.9763572679509632 0.0012033694344163659 0.0017513134851138354
0 0.427797833935018 0.9772329246935202 0.00842358604091456 0.0070052539404553416
0 0.6095066185318893 0.9658493870402802 0.0012033694344163659 0.0017513134851138354
0 0.6070998796630566 0.9658493870402802 0.0012033694344163659 0.0017513134851138354
0 0.42418772563176893 0.9658493870402802 0.0012033694344163659 0.0017513134851138354
0 0.4037304452466907 0.9640980735551664 0.0012033694344163659 0.0017513134851138354
0 0.3989169675090253 0.9649737302977233 0.006016847172081829 0.0035026269702276708
0 0.3916967509025271 0.9649737302977233 0.0036101083032490976 0.0035026269702276708
0 0.3664259927797834 0.9640980735551664 0.0012033694344163659 0.0017513134851138354
0 0.3844765342960289 0.9640980735551664 0.0036101083032490976 0.005253940455341506
0 0.39951865222623345 0.9597197898423818 0.0024067388688327317 0.0035026269702276708
0 0.3664259927797834 0.9597197898423818 0.0012033694344163659 0.0035026269702276708
0 0.40252707581227437 0.957968476357268 0.0036101083032490976 0.0070052539404553416
0 0.43862815884476536 0.9553415061295972 0.0036101083032490976 0.005253940455341506
0 0.42539109506618533 0.9544658493870403 0.0036101083032490976 0.0035026269702276708
0 0.6540312876052948 0.9518388791593695 0.0012033694344163659 0.0017513134851138354
0 0.6239470517448856 0.9518388791593695 0.0012033694344163659 0.0017513134851138354
0 0.33393501805054154 0.9518388791593695 0.0012033694344163659 0.0017513134851138354
0 0.6498194945848376 0.9509632224168126 0.0024067388688327317 0.0035026269702276708
0 0.6522262334536703 0.9483362521891419 0.0024067388688327317 0.0017513134851138354
0 0.6251504211793021 0.9483362521891419 0.0012033694344163659 0.0017513134851138354
0 0.6227436823104693 0.9483362521891419 0.0012033694344163659 0.0017513134851138354
0 0.6540312876052948 0.9448336252189142 0.0012033694344163659 0.0017513134851138354
0 0.40312876052948254 0.9413309982486865 0.0024067388688327317 0.005253940455341506
0 0.3989169675090253 0.9395796847635727 0.0012033694344163659 0.0017513134851138354
0 0.3098676293622142 0.936077057793345 0.0012033694344163659 0.0017513134851138354
0 0.2815884476534296 0.9369527145359019 0.0048134777376654635 0.0035026269702276708
0 0.2858002406738869 0.9325744308231173 0.0012033694344163659 0.0017513134851138354
0 0.28098676293622143 0.9325744308231173 0.0036101083032490976 0.0017513134851138354
0 0.4729241877256318 0.9325744308231173 0.0024067388688327317 0.005253940455341506
0 0.27978339350180503 0.9290718038528897 0.0012033694344163659 0.0017513134851138354
0 0.3941034897713598 0.9264448336252189 0.0012033694344163659 0.0035026269702276708
0 0.3916967509025271 0.925569176882662 0.0012033694344163659 0.0017513134851138354
0 0.35800240673886885 0.925569176882662 0.0012033694344163659 0.0017513134851138354
0 0.720216606498195 0.9238178633975481 0.0012033694344163659 0.0017513134851138354
0 0.7178098676293622 0.9238178633975481 0.0012033694344163659 0.0017513134851138354
0 0.4711191335740072 0.9238178633975481 0.0012033694344163659 0.0017513134851138354
0 0.4675090252707581 0.9238178633975481 0.0012033694344163659 0.0017513134851138354
0 0.2641395908543923 0.9238178633975481 0.0012033694344163659 0.0017513134851138354
0 0.25691937424789413 0.9238178633975481 0.0012033694344163659 0.0017513134851138354
0 0.25150421179302046 0.9229422066549913 0.0024067388688327317 0.0035026269702276708
0 0.4693140794223827 0.9203152364273205 0.0024067388688327317 0.0017513134851138354
0 0.45306859205776173 0.9203152364273205 0.0012033694344163659 0.0017513134851138354
0 0.7190132370637786 0.9194395796847635 0.0036101083032490976 0.0035026269702276708
0 0.7214199759326113 0.9168126094570929 0.0012033694344163659 0.0017513134851138354
0 0.3555956678700361 0.9168126094570929 0.0012033694344163659 0.0017513134851138354
0 0.4753309265944645 0.9194395796847635 0.0048134777376654635 0.010507880910683012
0 0.723826714801444 0.9098073555166375 0.0012033694344163659 0.0017513134851138354
0 0.42057761732851984 0.9098073555166375 0.0012033694344163659 0.0017513134851138354
0 0.2388688327316486 0.9098073555166375 0.0012033694344163659 0.0017513134851138354
0 0.44223826714801445 0.9089316987740805 0.0036101083032490976 0.0035026269702276708
0 0.21239470517448858 0.9089316987740805 0.0012033694344163659 0.0035026269702276708
0 0.20156438026474127 0.9080560420315237 0.0012033694344163659 0.0017513134851138354
0 0.41636582430806257 0.9080560420315237 0.0048134777376654635 0.005253940455341506
0 0.23465703971119134 0.9071803852889667 0.0048134777376654635 0.0070052539404553416
0 0.18531889290012032 0.9071803852889667 0.0048134777376654635 0.0070052539404553416
0 0.20156438026474127 0.9036777583187391 0.0012033694344163659 0.0035026269702276708
0 0.7280385078219013 0.9045534150612959 0.007220216606498195 0.012259194395796848
0 0.7406738868832732 0.8957968476357268 0.0012033694344163659 0.0017513134851138354
0 0.1726835138387485 0.8957968476357268 0.0012033694344163659 0.0017513134851138354
0 0.13898916967509026 0.8957968476357268 0.0012033694344163659 0.0017513134851138354
0 0.1365824308062575 0.8957968476357268 0.0012033694344163659 0.0017513134851138354
0 0.1684717208182912 0.8940455341506129 0.009626955475330927 0.005253940455341506
0 0.1486161251504212 0.8922942206654991 0.006016847172081829 0.005253940455341506
0 0.13778580024067388 0.8914185639229422 0.0036101083032490976 0.0035026269702276708
0 0.13537906137184116 0.8887915936952715 0.0012033694344163659 0.0017513134851138354
0 0.740072202166065 0.8887915936952715 0.0024067388688327317 0.005253940455341506
0 0.4049338146811071 0.8817863397548161 0.0012033694344163659 0.0017513134851138354
0 0.13176895306859207 0.8817863397548161 0.0012033694344163659 0.0017513134851138354
0 0.12755716004813478 0.8800350262697023 0.0048134777376654635 0.005253940455341506
0 0.782791817087846 0.8677758318739054 0.0012033694344163659 0.0017513134851138354
0 0.37725631768953066 0.8677758318739054 0.0012033694344163659 0.0017513134851138354
0 0.37364620938628157 0.8747810858143608 0.0036101083032490976 0.01576182136602452
0 0.7719614921780987 0.8660245183887916 0.0012033694344163659 0.0017513134851138354
0 0.7870036101083032 0.8660245183887916 0.0048134777376654635 0.005253940455341506
0 0.7858002406738869 0.8598949211908932 0.007220216606498195 0.010507880910683012
0 0.11732851985559567 0.8537653239929948 0.0012033694344163659 0.0017513134851138354
0 0.11672683513838748 0.8458844133099825 0.0024067388688327317 0.0035026269702276708
0 0.7870036101083032 0.8476357267950964 0.0048134777376654635 0.010507880910683012
0 0.8074608904933814 0.8239929947460596 0.0024067388688327317 0.005253940455341506
0 0.8080625752105897 0.818739054290718 0.0012033694344163659 0.0017513134851138354
0 0.10770156438026474 0.8099824868651488 0.0036101083032490976 0.0017513134851138354
0 0.11070998796630566 0.8012259194395797 0.0024067388688327317 0.005253940455341506
0 0.10709987966305656 0.8003502626970228 0.0024067388688327317 0.0035026269702276708
0 0.8158844765342961 0.7950963222416813 0.0048134777376654635 0.0070052539404553416
0 0.8152827918170878 0.7863397548161121 0.006016847172081829 0.0070052539404553416
0 0.1161251504211793 0.7714535901926445 0.0012033694344163659 0.0017513134851138354
0 0.1161251504211793 0.7504378283712785 0.0012033694344163659 0.0017513134851138354
0 0.8405535499398316 0.7416812609457093 0.0012033694344163659 0.0017513134851138354
0 0.10890493381468111 0.7416812609457093 0.0012033694344163659 0.0017513134851138354
0 0.10649819494584838 0.7416812609457093 0.0012033694344163659 0.0017513134851138354
0 0.8351383874849578 0.7408056042031523 0.0024067388688327317 0.0035026269702276708
0 0.8447653429602888 0.7399299474605955 0.0048134777376654635 0.005253940455341506
0 0.8333333333333334 0.7381786339754816 0.0012033694344163659 0.0017513134851138354
0 0.098676293622142 0.7390542907180385 0.0048134777376654635 0.0070052539404553416
0 0.8435619735258725 0.7338003502626971 0.007220216606498195 0.010507880910683012
0 0.8465703971119134 0.7276707530647986 0.0012033694344163659 0.0017513134851138354
0 0.8543922984356197 0.7250437828371279 0.0048134777376654635 0.0070052539404553416
0 0.8489771359807461 0.723292469352014 0.00842358604091456 0.010507880910683012
0 0.8598074608904934 0.7136602451838879 0.0012033694344163659 0.0017513134851138354
0 0.8628158844765343 0.7119089316987741 0.0048134777376654635 0.005253940455341506
0 0.8658243080625753 0.7084063047285464 0.0012033694344163659 0.0017513134851138354
0 0.08904933814681107 0.7110332749562172 0.0048134777376654635 0.0070052539404553416
0 0.8628158844765343 0.7075306479859895 0.0024067388688327317 0.0035026269702276708
0 0.08363417569193743 0.6856392294220666 0.0012033694344163659 0.0017513134851138354
0 0.07942238267148015 0.6838879159369528 0.0048134777376654635 0.005253940455341506
0 0.8844765342960289 0.6821366024518388 0.0024067388688327317 0.005253940455341506
0 0.08062575210589651 0.6760070052539404 0.007220216606498195 0.014010507880910683
0 0.07821901323706378 0.6646234676007006 0.0024067388688327317 0.005253940455341506
0 0.07882069795427196 0.659369527145359 0.0012033694344163659 0.0017513134851138354
0 0.0776173285198556 0.648861646234676 0.0012033694344163659 0.0017513134851138354
0 0.154632972322503 0.6260945709281961 0.0012033694344163659 0.0017513134851138354
0 0.9121540312876053 0.626970227670753 0.0048134777376654635 0.0070052539404553416
0 0.10529482551143202 0.6138353765323993 0.0012033694344163659 0.0017513134851138354
0 0.05054151624548736 0.6138353765323993 0.0048134777376654635 0.005253940455341506
0 0.15764139590854392 0.6077057793345009 0.007220216606498195 0.010507880910683012
0 0.14199759326113118 0.6059544658493871 0.0048134777376654635 0.0070052539404553416
0 0.13778580024067388 0.6077057793345009 0.006016847172081829 0.010507880910683012
0 0.1341756919374248 0.6033274956217163 0.0012033694344163659 0.0017513134851138354
0 0.11793020457280386 0.6059544658493871 0.0048134777376654635 0.0070052539404553416
0 0.040312876052948254 0.6015761821366025 0.0012033694344163659 0.0017513134851138354
0 0.9187725631768953 0.5998248686514887 0.0012033694344163659 0.0017513134851138354
0 0.9235860409145608 0.5928196147110333 0.0012033694344163659 0.0017513134851138354
0 0.10529482551143202 0.5928196147110333 0.0012033694344163659 0.0017513134851138354
0 0.19193742478941034 0.5893169877408057 0.0012033694344163659 0.0017513134851138354
0 0.18892900120336945 0.5893169877408057 0.0024067388688327317 0.0017513134851138354
0 0.10529482551143202 0.5884413309982487 0.0012033694344163659 0.0035026269702276708
0 0.03429602888086643 0.5875656742556917 0.0012033694344163659 0.0017513134851138354
0 0.031889290012033694 0.5875656742556917 0.0012033694344163659 0.0017513134851138354
0 0.03429602888086643 0.5840630472854641 0.0012033694344163659 0.0017513134851138354
0 0.029482551143200964 0.5840630472854641 0.0012033694344163659 0.0017513134851138354
0 0.26534296028880866 0.5770577933450087 0.0012033694344163659 0.0017513134851138354
0 0.10409145607701564 0.5761821366024519 0.0036101083032490976 0.0035026269702276708
0 0.9500601684717208 0.5735551663747811 0.0012033694344163659 0.0017513134851138354
0 0.9476534296028881 0.5735551663747811 0.0012033694344163659 0.0017513134851138354
0 0.21720818291215402 0.5735551663747811 0.0012033694344163659 0.0017513134851138354
0 0.27557160048134777 0.5735551663747811 0.0024067388688327317 0.005253940455341506
0 0.07641395908543923 0.5718038528896673 0.0012033694344163659 0.0017513134851138354
0 0.9524669073405535 0.5700525394045534 0.0012033694344163659 0.0017513134851138354
0 0.9476534296028881 0.5700525394045534 0.0012033694344163659 0.0017513134851138354
0 0.21720818291215402 0.5700525394045534 0.0012033694344163659 0.0017513134851138354
0 0.27256317689530685 0.5674255691768827 0.0036101083032490976 0.0070052539404553416
0 0.27015643802647415 0.5630472854640981 0.0012033694344163659 0.0017513134851138354
0 0.030685920577617327 0.5630472854640981 0.0012033694344163659 0.0017513134851138354
0 0.23706377858002406 0.5665499124343257 0.007220216606498195 0.012259194395796848
0 0.2328519855595668 0.5612959719789843 0.0012033694344163659 0.0017513134851138354
0 0.23044524669073405 0.5612959719789843 0.0012033694344163659 0.0017513134851138354
0 0.22081829121540314 0.5612959719789843 0.0012033694344163659 0.0017513134851138354
0 0.1931407942238267 0.5612959719789843 0.0012033694344163659 0.0017513134851138354
0 0.17087845968712395 0.563922942206655 0.0048134777376654635 0.0070052539404553416
0 0.16666666666666666 0.5656742556917689 0.006016847172081829 0.010507880910683012
0 0.27918170878459686 0.5612959719789843 0.0024067388688327317 0.005253940455341506
0 0.9524669073405535 0.5560420315236427 0.0012033694344163659 0.0017513134851138354
0 0.9524669073405535 0.5507880910683012 0.0012033694344163659 0.0017513134851138354
0 0.02707581227436823 0.5455341506129597 0.0012033694344163659 0.0017513134851138354
0 0.9512635379061372 0.5464098073555166 0.0036101083032490976 0.010507880910683012
0 0.2815884476534296 0.5446584938704028 0.0048134777376654635 0.0070052539404553416
0 0.9524669073405535 0.5385288966725044 0.0012033694344163659 0.0017513134851138354
0 0.057160048134777375 0.531523642732049 0.0012033694344163659 0.0017513134851138354
0 0.27978339350180503 0.5280210157618214 0.0012033694344163659 0.0017513134851138354
0 0.05595667870036101 0.5280210157618214 0.0012033694344163659 0.0017513134851138354
0 0.05354993983152828 0.5262697022767076 0.0012033694344163659 0.0017513134851138354
0 0.9524669073405535 0.5192644483362522 0.0012033694344163659 0.0017513134851138354
0 0.05535499398315283 0.521891418563923 0.0048134777376654635 0.0070052539404553416
0 0.9524669073405535 0.5157618213660246 0.0012033694344163659 0.0017513134851138354
0 0.2882069795427196 0.5052539404553416 0.0012033694344163659 0.0017513134851138354
0 0.2821901323706378 0.5078809106830122 0.006016847172081829 0.0070052539404553416
0 0.017448856799037304 0.5026269702276708 0.0012033694344163659 0.0035026269702276708
0 0.29061371841155237 0.5 0.0012033694344163659 0.0017513134851138354
0 0.9620938628158845 0.4956217162872154 0.0012033694344163659 0.0035026269702276708
0 0.29001203369434414 0.4947460595446585 0.0024067388688327317 0.005253940455341506
0 0.9620938628158845 0.4903677758318739 0.0012033694344163659 0.0035026269702276708
0 0.28399518652226236 0.489492119089317 0.0024067388688327317 0.0017513134851138354
0 0.9711191335740073 0.4886164623467601 0.0024067388688327317 0.0035026269702276708
0 0.96690734055355 0.4886164623467601 0.0036101083032490976 0.0035026269702276708
0 0.9681107099879663 0.4859894921190893 0.0012033694344163659 0.0017513134851138354
0 0.2833935018050541 0.4859894921190893 0.0012033694344163659 0.0017513134851138354
0 0.28038507821901326 0.4868651488616462 0.0024067388688327317 0.0070052539404553416
0 0.011432009626955475 0.4816112084063047 0.0012033694344163659 0.0070052539404553416
0 0.01444043321299639 0.4798598949211909 0.0024067388688327317 0.0070052539404553416
0 0.26895306859205775 0.4754816112084063 0.0012033694344163659 0.0017513134851138354
0 0.27256317689530685 0.4746059544658494 0.0036101083032490976 0.0035026269702276708
0 0.2605294825511432 0.47373029772329245 0.0012033694344163659 0.0017513134851138354
0 0.266546329723225 0.47197898423817863 0.00842358604091456 0.008756567425569177
0 0.9717208182912154 0.46672504378283713 0.0012033694344163659 0.0017513134851138354
0 0.2629362214199759 0.46935201401050786 0.0036101083032490976 0.0070052539404553416
0 0.04753309265944645 0.46322241681260945 0.0012033694344163659 0.0017513134851138354
0 0.023465703971119134 0.46322241681260945 0.0012033694344163659 0.0017513134851138354
0 0.266546329723225 0.44921190893169877 0.0036101083032490976 0.0017513134851138354
0 0.983754512635379 0.4194395796847636 0.0012033694344163659 0.0017513134851138354
0 0.23766546329723226 0.4194395796847636 0.0012033694344163659 0.0017513134851138354
0 0.23465703971119134 0.4176882661996497 0.0048134777376654635 0.005253940455341506
0 0.23164861612515042 0.4141856392294221 0.0012033694344163659 0.0017513134851138354
0 0.23465703971119134 0.4133099824868651 0.0024067388688327317 0.0035026269702276708
0 0.23345367027677497 0.4089316987740806 0.0024067388688327317 0.005253940455341506
0 0.2322503008423586 0.3966725043782837 0.0024067388688327317 0.008756567425569177
0 0.9897713598074609 0.3905429071803853 0.0036101083032490976 0.0035026269702276708
0 0.23465703971119134 0.38966725043782835 0.0048134777376654635 0.005253940455341506
0 0.23164861612515042 0.3861646234676007 0.0012033694344163659 0.0017513134851138354
0 0.18351383874849578 0.38879159369527144 0.0012033694344163659 0.0070052539404553416
0 0.9909747292418772 0.38441330998248685 0.0012033694344163659 0.0017513134851138354
0 0.23465703971119134 0.38528896672504376 0.0024067388688327317 0.0035026269702276708
0 0.9909747292418772 0.38003502626970226 0.0012033694344163659 0.0035026269702276708
0 0.22442839951865223 0.37740805604203154 0.0012033694344163659 0.0017513134851138354
0 0.20637785800240674 0.37740805604203154 0.0012033694344163659 0.0017513134851138354
0 0.9909747292418772 0.37565674255691767 0.0012033694344163659 0.0017513134851138354
0 0.20397111913357402 0.37565674255691767 0.0012033694344163659 0.0017513134851138354
0 0.9909747292418772 0.37215411558669004 0.0012033694344163659 0.0017513134851138354
0 0.9885679903730445 0.36865148861646235 0.0036101083032490976 0.005253940455341506
0 0.9747292418772563 0.3380035026269702 0.007220216606498195 0.0035026269702276708
0 0.17569193742478942 0.330122591943958 0.0024067388688327317 0.005253940455341506
0 0.17388688327316487 0.3274956217162872 0.0012033694344163659 0.0035026269702276708
0 0.8447653429602888 0.3239929947460595 0.0048134777376654635 0.0035026269702276708
0 0.8477737665463297 0.3178633975481611 0.0012033694344163659 0.0017513134851138354
0 0.9620938628158845 0.30998248686514884 0.0012033694344163659 0.0035026269702276708
0 0.9596871239470517 0.30910683012259194 0.0012033694344163659 0.0017513134851138354
0 0.8862815884476535 0.30910683012259194 0.0012033694344163659 0.0017513134851138354
0 0.16666666666666666 0.30910683012259194 0.006016847172081829 0.012259194395796848
0 0.9524669073405535 0.29859894921190894 0.0012033694344163659 0.0017513134851138354
0 0.8513838748495788 0.29859894921190894 0.0012033694344163659 0.0017513134851138354
0 0.9458483754512635 0.2968476357267951 0.0048134777376654635 0.005253940455341506
0 0.9019253910950662 0.29597197898423816 0.006016847172081829 0.0035026269702276708
0 0.825511432009627 0.29772329246935203 0.0048134777376654635 0.0070052539404553416
0 0.17870036101083034 0.29509632224168125 0.0012033694344163659 0.0017513134851138354
0 0.16606498194945848 0.29772329246935203 0.0048134777376654635 0.0070052539404553416
0 0.9332129963898917 0.28984238178633975 0.0012033694344163659 0.0017513134851138354
0 0.8381468110709988 0.29071803852889666 0.0012033694344163659 0.0035026269702276708
0 0.9308062575210589 0.28809106830122594 0.0012033694344163659 0.0017513134851138354
0 0.21299638989169675 0.28896672504378285 0.0024067388688327317 0.0035026269702276708
0 0.9320096269554753 0.28371278458844135 0.0036101083032490976 0.0070052539404553416
0 0.8176895306859205 0.2819614711033275 0.0012033694344163659 0.0035026269702276708
0 0.8152827918170878 0.28108581436077057 0.0012033694344163659 0.0017513134851138354
0 0.8062575210589651 0.26970227670753066 0.0048134777376654635 0.0070052539404553416
0 0.19193742478941034 0.26532399299474607 0.0012033694344163659 0.0017513134851138354
0 0.13778580024067388 0.26444833625218916 0.0036101083032490976 0.0035026269702276708
0 0.7870036101083032 0.25569176882662 0.0048134777376654635 0.0070052539404553416
0 0.13537906137184116 0.24956217162872155 0.0012033694344163659 0.0017513134851138354
0 0.8381468110709988 0.24430823117338005 0.0012033694344163659 0.0017513134851138354
0 0.7695547533092659 0.2425569176882662 0.0012033694344163659 0.0017513134851138354
0 0.13598074608904934 0.2425569176882662 0.0024067388688327317 0.0017513134851138354
0 0.8820697954271961 0.24430823117338005 0.007220216606498195 0.012259194395796848
0 0.8778580024067388 0.23905429071803852 0.0012033694344163659 0.0017513134851138354
0 0.4380264741275572 0.23992994746059546 0.0048134777376654635 0.0035026269702276708
0 0.13537906137184116 0.23905429071803852 0.0012033694344163659 0.0017513134851138354
0 0.8357400722021661 0.2373029772329247 0.0012033694344163659 0.0017513134851138354
0 0.7996389891696751 0.2373029772329247 0.0012033694344163659 0.0017513134851138354
0 0.7719614921780987 0.2373029772329247 0.0012033694344163659 0.0017513134851138354
0 0.7876052948255114 0.23642732049036777 0.0036101083032490976 0.0035026269702276708
0 0.7815884476534296 0.23380035026269702 0.0012033694344163659 0.0017513134851138354
0 0.7779783393501805 0.23555166374781086 0.006016847172081829 0.005253940455341506
0 0.4464500601684717 0.23117338003502627 0.0024067388688327317 0.0035026269702276708
0 0.4434416365824308 0.23029772329246936 0.0012033694344163659 0.0017513134851138354
0 0.7713598074608905 0.22679509632224168 0.0024067388688327317 0.0017513134851138354
0 0.7731648616125151 0.2180385288966725 0.0012033694344163659 0.0017513134851138354
0 0.4290012033694344 0.21628721541155868 0.0012033694344163659 0.0017513134851138354
0 0.7226233453670277 0.21453590192644484 0.0012033694344163659 0.0017513134851138354
0 0.4314079422382672 0.21453590192644484 0.0012033694344163659 0.0017513134851138354
0 0.8543922984356197 0.2136602451838879 0.0048134777376654635 0.0070052539404553416
0 0.7099879663056559 0.2136602451838879 0.0048134777376654635 0.0070052539404553416
0 0.6997593261131168 0.21103327495621715 0.0012033694344163659 0.0017513134851138354
0 0.6949458483754513 0.21103327495621715 0.0012033694344163659 0.0017513134851138354
0 0.4326113116726835 0.21103327495621715 0.0012033694344163659 0.0017513134851138354
0 0.29061371841155237 0.21103327495621715 0.0012033694344163659 0.0017513134851138354
0 0.7587244283995187 0.20928196147110334 0.0012033694344163659 0.0017513134851138354
0 0.7563176895306859 0.20928196147110334 0.0012033694344163659 0.0017513134851138354
0 0.7611311672683514 0.2084063047285464 0.0012033694344163659 0.0035026269702276708
0 0.7232250300842359 0.20928196147110334 0.0024067388688327317 0.005253940455341506
0 0.7575210589651022 0.20490367775831875 0.0036101083032490976 0.0035026269702276708
0 0.7226233453670277 0.2040280210157618 0.0012033694344163659 0.0017513134851138354
0 0.31829121540312877 0.202276707530648 0.0012033694344163659 0.0017513134851138354
0 0.26895306859205775 0.202276707530648 0.0012033694344163659 0.0017513134851138354
0 0.7250300842358605 0.20140105078809106 0.0036101083032490976 0.0035026269702276708
0 0.43020457280385077 0.20577933450087565 0.00842358604091456 0.012259194395796848
0 0.41034897713598073 0.20052539404553416 0.0048134777376654635 0.005253940455341506
0 0.8351383874849578 0.19964973730297722 0.0048134777376654635 0.0070052539404553416
0 0.7262334536702768 0.19702276707530647 0.0012033694344163659 0.0017513134851138354
0 0.723826714801444 0.19702276707530647 0.0012033694344163659 0.0017513134851138354
0 0.4193742478941035 0.19702276707530647 0.0012033694344163659 0.0017513134851138354
0 0.4157641395908544 0.19702276707530647 0.0012033694344163659 0.0017513134851138354
0 0.4121540312876053 0.19702276707530647 0.0012033694344163659 0.0017513134851138354
0 0.4073405535499398 0.19702276707530647 0.0012033694344163659 0.0017513134851138354
0 0.4326113116726835 0.19527145359019266 0.0012033694344163659 0.0017513134851138354
0 0.7635379061371841 0.19001751313485113 0.0012033694344163659 0.0017513134851138354
0 0.677496991576414 0.18914185639229422 0.0024067388688327317 0.0035026269702276708
0 0.37484957882069797 0.18826619964973731 0.0012033694344163659 0.0017513134851138354
0 0.37184115523465705 0.18914185639229422 0.0024067388688327317 0.0035026269702276708
0 0.8158844765342961 0.18563922942206654 0.0048134777376654635 0.0070052539404553416
0 0.805655836341757 0.1830122591943958 0.0012033694344163659 0.0017513134851138354
0 0.7990373044524669 0.1830122591943958 0.0024067388688327317 0.0017513134851138354
0 0.7839951865222623 0.1830122591943958 0.0012033694344163659 0.0017513134851138354
0 0.7539109506618532 0.1830122591943958 0.0012033694344163659 0.0017513134851138354
0 0.6919374247894103 0.18388791593695272 0.0024067388688327317 0.0035026269702276708
0 0.6805054151624549 0.1830122591943958 0.0012033694344163659 0.0017513134851138354
0 0.677496991576414 0.18476357267950963 0.0048134777376654635 0.005253940455341506
0 0.37184115523465705 0.18476357267950963 0.0048134777376654635 0.005253940455341506
0 0.36883273164861613 0.1830122591943958 0.0012033694344163659 0.0017513134851138354
0 0.26895306859205775 0.1830122591943958 0.0012033694344163659 0.0017513134851138354
0 0.26594464500601683 0.18388791593695272 0.0024067388688327317 0.0035026269702276708
0 0.14981949458483754 0.1830122591943958 0.0012033694344163659 0.0017513134851138354
0 0.7503008423586041 0.1777583187390543 0.0012033694344163659 0.0017513134851138354
0 0.22743682310469315 0.17688266199649738 0.007220216606498195 0.010507880910683012
0 0.2286401925391095 0.17075306479859895 0.0048134777376654635 0.005253940455341506
0 0.22442839951865223 0.1690017513134851 0.0012033694344163659 0.0017513134851138354
0 0.4157641395908544 0.1672504378283713 0.0012033694344163659 0.0017513134851138354
0 0.4037304452466907 0.1637478108581436 0.0012033694344163659 0.0017513134851138354
0 0.37184115523465705 0.1646234676007005 0.0024067388688327317 0.0070052539404553416
0 0.4151624548736462 0.15674255691768826 0.0024067388688327317 0.0017513134851138354
0 0.3664259927797834 0.15499124343257442 0.0012033694344163659 0.0017513134851138354
0 0.20156438026474127 0.15586690017513136 0.0012033694344163659 0.0035026269702276708
0 0.19915764139590855 0.15499124343257442 0.0012033694344163659 0.0017513134851138354
0 0.190734055354994 0.15499124343257442 0.0012033694344163659 0.0017513134851138354
0 0.17509025270758122 0.15674255691768826 0.0036101083032490976 0.005253940455341506
0 0.41034897713598073 0.15061295971978983 0.0024067388688327317 0.0070052539404553416
0 0.4157641395908544 0.14623467600700527 0.0012033694344163659 0.0017513134851138354
0 0.41335740072202165 0.14623467600700527 0.0012033694344163659 0.0017513134851138354
0 0.6732851985559567 0.14273204903677758 0.0012033694344163659 0.0017513134851138354
0 0.5168471720818292 0.14098073555166374 0.0012033694344163659 0.0017513134851138354
0 0.49037304452466907 0.13572679509632224 0.0012033694344163659 0.0017513134851138354
0 0.6636582430806257 0.1339754816112084 0.0012033694344163659 0.0017513134851138354
0 0.661251504211793 0.13134851138353765 0.0036101083032490976 0.0035026269702276708
0 0.6624548736462094 0.12697022767075306 0.0012033694344163659 0.0017513134851138354
0 0.6600481347773767 0.12697022767075306 0.0012033694344163659 0.0017513134851138354
0 0.6155234657039711 0.12697022767075306 0.0012033694344163659 0.0017513134851138354
0 0.52647412755716 0.12697022767075306 0.0012033694344163659 0.0017513134851138354
0 0.5222623345367028 0.1287215411558669 0.0048134777376654635 0.005253940455341506
0 0.5962695547533092 0.1234676007005254 0.0012033694344163659 0.0017513134851138354
0 0.5962695547533092 0.11996497373029773 0.0012033694344163659 0.0017513134851138354
0 0.5770156438026474 0.11471103327495621 0.0012033694344163659 0.0017513134851138354
0 0.572202166064982 0.11295971978984239 0.0012033694344163659 0.0017513134851138354
0 0.5379061371841155 0.1138353765323993 0.0024067388688327317 0.0035026269702276708
0 0.4711191335740072 0.11295971978984239 0.0012033694344163659 0.0017513134851138354
0 0.46269554753309267 0.11295971978984239 0.0012033694344163659 0.0017513134851138354
0 0.44885679903730447 0.1138353765323993 0.0024067388688327317 0.0035026269702276708
0 0.42539109506618533 0.1138353765323993 0.0036101083032490976 0.0035026269702276708
0 0.4223826714801444 0.11033274956217162 0.0024067388688327317 0.0070052539404553416
0 0.43441636582430804 0.09982486865148861 0.0024067388688327317 0.0035026269702276708
0 0.42178098676293624 0.0989492119089317 0.0012033694344163659 0.0017513134851138354
0 0.5006016847172082 0.5394045534150613 0.9819494584837545 0.882661996497373
