0 0.8752012882447665 0.9950592885375494 0.001610305958132045 0.001976284584980237
0 0.9637681159420289 0.9772727272727273 0.004830917874396135 0.005928853754940711
0 0.9460547504025765 0.9555335968379447 0.001610305958132045 0.005928853754940711
0 0.8381642512077294 0.9535573122529645 0.001610305958132045 0.001976284584980237
0 0.9299516908212561 0.9515810276679841 0.001610305958132045 0.001976284584980237
0 0.9170692431561996 0.9515810276679841 0.001610305958132045 0.001976284584980237
0 0.9041867954911433 0.9515810276679841 0.001610305958132045 0.001976284584980237
0 0.8913043478260869 0.9515810276679841 0.001610305958132045 0.001976284584980237
0 0.9412238325281803 0.9515810276679841 0.004830917874396135 0.005928853754940711
0 0.926731078904992 0.9496047430830039 0.001610305958132045 0.001976284584980237
0 0.9138486312399355 0.9496047430830039 0.001610305958132045 0.001976284584980237
0 0.9009661835748792 0.9496047430830039 0.001610305958132045 0.001976284584980237
0 0.8840579710144928 0.9456521739130435 0.00966183574879227 0.017786561264822136
0 0.8743961352657005 0.9367588932806324 0.00644122383252818 0.007905138339920948
0 0.8985507246376812 0.9644268774703557 0.12238325281803543 0.06324110671936758
0 0.5112721417069244 0.9318181818181818 0.001610305958132045 0.001976284584980237
0 0.9766505636070854 0.9308300395256917 0.004830917874396135 0.003952569169960474
0 0.5144927536231884 0.9308300395256917 0.001610305958132045 0.003952569169960474
0 0.4750402576489533 0.9308300395256917 0.00322061191626409 0.003952569169960474
0 0.8639291465378421 0.9258893280632411 0.001610305958132045 0.001976284584980237
0 0.5088566827697263 0.9239130434782609 0.01288244766505636 0.01383399209486166
0 0.8607085346215781 0.91600790513834 0.001610305958132045 0.001976284584980237
0 0.5144927536231884 0.9140316205533597 0.001610305958132045 0.001976284584980237
0 0.4758454106280193 0.9031620553359684 0.001610305958132045 0.003952569169960474
0 0.4355877616747182 0.900197628458498 0.001610305958132045 0.001976284584980237
0 0.43800322061191627 0.8972332015810277 0.00322061191626409 0.003952569169960474
0 0.8647342995169082 0.892292490118577 0.00322061191626409 0.001976284584980237
0 0.8784219001610306 0.8883399209486166 0.001610305958132045 0.001976284584980237
0 0.9371980676328503 0.8893280632411067 0.00644122383252818 0.007905138339920948
0 0.9154589371980676 0.8863636363636364 0.001610305958132045 0.001976284584980237
0 0.8888888888888888 0.8863636363636364 0.00322061191626409 0.001976284584980237
0 0.8752012882447665 0.8863636363636364 0.001610305958132045 0.001976284584980237
0 0.9146537842190016 0.9298418972332015 0.1288244766505636 0.08893280632411067
0 0.4605475040257649 0.8814229249011858 0.00644122383252818 0.007905138339920948
0 0.4677938808373591 0.8685770750988142 0.004830917874396135 0.001976284584980237
0 0.40177133655394526 0.8685770750988142 0.001610305958132045 0.001976284584980237
0 0.3502415458937198 0.8527667984189723 0.001610305958132045 0.001976284584980237
0 0.3470209339774557 0.8527667984189723 0.001610305958132045 0.001976284584980237
0 0.34299516908212563 0.8527667984189723 0.00322061191626409 0.001976284584980237
0 0.38727858293075684 0.8507905138339921 0.001610305958132045 0.001976284584980237
0 0.391304347826087 0.8507905138339921 0.00322061191626409 0.005928853754940711
0 0.34541062801932365 0.8488142292490118 0.001610305958132045 0.001976284584980237
0 0.3470209339774557 0.8448616600790514 0.001610305958132045 0.001976284584980237
0 0.33816425120772947 0.8428853754940712 0.00322061191626409 0.001976284584980237
0 0.4758454106280193 0.8270750988142292 0.001610305958132045 0.001976284584980237
0 0.30193236714975846 0.8073122529644269 0.001610305958132045 0.001976284584980237
0 0.4887278582930757 0.8033596837944664 0.001610305958132045 0.001976284584980237
0 0.4887278582930757 0.799407114624506 0.001610305958132045 0.001976284584980237
0 0.3188405797101449 0.7924901185770751 0.00322061191626409 0.003952569169960474
0 0.49355877616747185 0.7895256916996047 0.001610305958132045 0.001976284584980237
0 0.5233494363929146 0.7875494071146245 0.00966183574879227 0.005928853754940711
0 0.5152979066022544 0.7865612648221344 0.00644122383252818 0.003952569169960474
0 0.49033816425120774 0.7835968379446641 0.001610305958132045 0.001976284584980237
0 0.22061191626409019 0.7569169960474308 0.00322061191626409 0.003952569169960474
0 0.20933977455716588 0.7549407114624506 0.00644122383252818 0.007905138339920948
0 0.5064412238325282 0.7490118577075099 0.004830917874396135 0.003952569169960474
0 0.5257648953301127 0.7450592885375494 0.004830917874396135 0.003952569169960474
0 0.5080515297906603 0.7440711462450593 0.001610305958132045 0.001976284584980237
0 0.5048309178743962 0.7440711462450593 0.001610305958132045 0.001976284584980237
0 0.20853462157809985 0.7450592885375494 0.008051529790660225 0.007905138339920948
0 0.18438003220611915 0.741106719367589 0.004830917874396135 0.003952569169960474
0 0.4887278582930757 0.7381422924901185 0.001610305958132045 0.001976284584980237
0 0.3961352657004831 0.7381422924901185 0.00322061191626409 0.001976284584980237
0 0.34863123993558776 0.7381422924901185 0.001610305958132045 0.001976284584980237
0 0.39049919484702095 0.7361660079051383 0.001610305958132045 0.001976284584980237
0 0.25523349436392917 0.7381422924901185 0.004830917874396135 0.009881422924901186
0 0.42592592592592593 0.7302371541501976 0.001610305958132045 0.001976284584980237
0 0.16908212560386474 0.7252964426877471 0.00322061191626409 0.003952569169960474
0 0.16988727858293076 0.7164031620553359 0.001610305958132045 0.001976284584980237
0 0.4855072463768116 0.7144268774703557 0.008051529790660225 0.005928853754940711
0 0.44363929146537845 0.7124505928853755 0.001610305958132045 0.001976284584980237
0 0.41223832528180354 0.8221343873517787 0.2318840579710145 0.22134387351778656
0 0.3639291465378422 0.7154150197628458 0.00644122383252818 0.007905138339920948
0 0.25684380032206117 0.7045454545454546 0.001610305958132045 0.001976284584980237
0 0.2689210950080515 0.6936758893280632 0.00322061191626409 0.003952569169960474
0 0.14251207729468598 0.6847826086956522 0.001610305958132045 0.001976284584980237
0 0.28019323671497587 0.6758893280632411 0.00644122383252818 0.007905138339920948
0 0.2946859903381642 0.6620553359683794 0.00322061191626409 0.003952569169960474
0 0.15539452495974235 0.6373517786561265 0.001610305958132045 0.001976284584980237
0 0.15861513687600645 0.6343873517786561 0.004830917874396135 0.003952569169960474
0 0.2890499194847021 0.6304347826086957 0.004830917874396135 0.003952569169960474
0 0.29066022544283415 0.6274703557312253 0.001610305958132045 0.001976284584980237
0 0.3075684380032206 0.6146245059288538 0.00322061191626409 0.003952569169960474
0 0.3027375201288245 0.6146245059288538 0.00322061191626409 0.003952569169960474
0 0.30676328502415456 0.6096837944664032 0.004830917874396135 0.001976284584980237
0 0.30193236714975846 0.6096837944664032 0.001610305958132045 0.001976284584980237
0 0.177938808373591 0.6067193675889329 0.011272141706924315 0.011857707509881422
0 0.1706924315619968 0.6047430830039525 0.00644122383252818 0.007905138339920948
0 0.5982286634460547 0.599802371541502 0.001610305958132045 0.001976284584980237
0 0.6320450885668277 0.5988142292490118 0.004830917874396135 0.003952569169960474
0 0.30676328502415456 0.5938735177865613 0.004830917874396135 0.009881422924901186
0 0.3035426731078905 0.5869565217391305 0.004830917874396135 0.003952569169960474
0 0.37600644122383253 0.58399209486166 0.001610305958132045 0.001976284584980237
0 0.6513687600644122 0.5800395256916996 0.001610305958132045 0.001976284584980237
0 0.29549114331723025 0.5800395256916996 0.001610305958132045 0.001976284584980237
0 0.2214170692431562 0.5711462450592886 0.004830917874396135 0.003952569169960474
0 0.5853462157809984 0.5642292490118577 0.001610305958132045 0.001976284584980237
0 0.5821256038647343 0.5592885375494071 0.004830917874396135 0.003952569169960474
0 0.2914653784219002 0.5632411067193676 0.00966183574879227 0.011857707509881422
0 0.29307568438003223 0.5563241106719368 0.00644122383252818 0.005928853754940711
0 0.28743961352657005 0.5543478260869565 0.001610305958132045 0.001976284584980237
0 0.6674718196457327 0.5523715415019763 0.001610305958132045 0.001976284584980237
0 0.34057971014492755 0.5523715415019763 0.001610305958132045 0.001976284584980237
0 0.40096618357487923 0.5513833992094862 0.00322061191626409 0.003952569169960474
0 0.3035426731078905 0.5513833992094862 0.008051529790660225 0.003952569169960474
0 0.2971014492753623 0.5503952569169961 0.001610305958132045 0.001976284584980237
0 0.3276972624798712 0.5503952569169961 0.004830917874396135 0.005928853754940711
0 0.30998389694041867 0.549407114624506 0.004830917874396135 0.007905138339920948
0 0.26972624798711753 0.5464426877470355 0.001610305958132045 0.001976284584980237
0 0.3075684380032206 0.5444664031620553 0.00322061191626409 0.001976284584980237
0 0.3027375201288245 0.5454545454545454 0.00322061191626409 0.003952569169960474
0 0.2665056360708535 0.5434782608695652 0.004830917874396135 0.003952569169960474
0 0.29871175523349436 0.5434782608695652 0.004830917874396135 0.007905138339920948
0 0.26811594202898553 0.5385375494071146 0.001610305958132045 0.001976284584980237
0 0.2648953301127214 0.5385375494071146 0.001610305958132045 0.001976284584980237
0 0.22544283413848631 0.6482213438735178 0.16747181964573268 0.22134387351778656
0 0.28180354267310787 0.5355731225296443 0.00322061191626409 0.003952569169960474
0 0.714170692431562 0.532608695652174 0.001610305958132045 0.001976284584980237
0 0.7439613526570048 0.5335968379446641 0.00644122383252818 0.007905138339920948
0 0.4106280193236715 0.532608695652174 0.00322061191626409 0.005928853754940711
0 0.5982286634460547 0.5286561264822134 0.001610305958132045 0.001976284584980237
0 0.5950080515297906 0.5266798418972332 0.001610305958132045 0.001976284584980237
0 0.5990338164251208 0.5247035573122529 0.00322061191626409 0.001976284584980237
0 0.7439613526570048 0.5247035573122529 0.00644122383252818 0.005928853754940711
0 0.24879227053140096 0.5207509881422925 0.001610305958132045 0.001976284584980237
0 0.2608695652173913 0.5197628458498024 0.00322061191626409 0.003952569169960474
0 0.24557165861513688 0.5187747035573123 0.001610305958132045 0.001976284584980237
0 0.2632850241545894 0.516798418972332 0.001610305958132045 0.001976284584980237
0 0.606280193236715 0.5108695652173914 0.001610305958132045 0.001976284584980237
0 0.4114331723027375 0.5069169960474308 0.001610305958132045 0.001976284584980237
0 0.2181964573268921 0.5049407114624506 0.001610305958132045 0.001976284584980237
0 0.2214170692431562 0.5029644268774703 0.001610305958132045 0.001976284584980237
0 0.20853462157809985 0.5039525691699605 0.004830917874396135 0.003952569169960474
0 0.7310789049919485 0.48221343873517786 0.00644122383252818 0.011857707509881422
0 0.18276972624798712 0.48221343873517786 0.004830917874396135 0.015810276679841896
0 0.40982286634460546 0.4733201581027668 0.001610305958132045 0.001976284584980237
0 0.4114331723027375 0.4683794466403162 0.001610305958132045 0.003952569169960474
0 0.19887278582930756 0.4634387351778656 0.001610305958132045 0.001976284584980237
0 0.1964573268921095 0.46047430830039526 0.00322061191626409 0.003952569169960474
0 0.41626409017713367 0.4575098814229249 0.001610305958132045 0.001976284584980237
0 0.40982286634460546 0.45849802371541504 0.004830917874396135 0.007905138339920948
0 0.4219001610305958 0.45553359683794464 0.00644122383252818 0.005928853754940711
0 0.7302737520128825 0.45454545454545453 0.008051529790660225 0.007905138339920948
0 0.42028985507246375 0.44861660079051385 0.00966183574879227 0.011857707509881422
0 0.20772946859903382 0.4407114624505929 0.00322061191626409 0.003952569169960474
0 0.5676328502415459 0.43774703557312256 0.001610305958132045 0.001976284584980237
0 0.2069243156199678 0.4357707509881423 0.001610305958132045 0.001976284584980237
0 0.21014492753623187 0.43280632411067194 0.004830917874396135 0.003952569169960474
0 0.4219001610305958 0.41798418972332013 0.00644122383252818 0.005928853754940711
0 0.5676328502415459 0.41205533596837945 0.001610305958132045 0.001976284584980237
0 0.24879227053140096 0.41205533596837945 0.001610305958132045 0.001976284584980237
0 0.5676328502415459 0.40810276679841895 0.001610305958132045 0.001976284584980237
0 0.26006441223832527 0.41106719367588934 0.004830917874396135 0.007905138339920948
0 0.4492753623188406 0.40217391304347827 0.00322061191626409 0.005928853754940711
0 0.5676328502415459 0.3942687747035573 0.001610305958132045 0.001976284584980237
0 0.4500805152979066 0.38438735177865613 0.001610305958132045 0.001976284584980237
0 0.4613526570048309 0.3784584980237154 0.001610305958132045 0.001976284584980237
0 0.2278582930756844 0.3784584980237154 0.001610305958132045 0.001976284584980237
0 0.4613526570048309 0.37450592885375494 0.001610305958132045 0.001976284584980237
0 0.2222222222222222 0.37648221343873517 0.00644122383252818 0.005928853754940711
0 0.7254428341384863 0.36462450592885376 0.004830917874396135 0.001976284584980237
0 0.5805152979066023 0.36462450592885376 0.001610305958132045 0.001976284584980237
0 0.22383252818035426 0.3695652173913043 0.00966183574879227 0.011857707509881422
0 0.5966183574879227 0.36264822134387353 0.001610305958132045 0.001976284584980237
0 0.20531400966183574 0.3606719367588933 0.001610305958132045 0.001976284584980237
0 0.19887278582930756 0.3616600790513834 0.008051529790660225 0.003952569169960474
0 0.18840579710144928 0.3616600790513834 0.00322061191626409 0.003952569169960474
0 0.5933977455716586 0.35968379446640314 0.001610305958132045 0.003952569169960474
0 0.1320450885668277 0.35968379446640314 0.00644122383252818 0.007905138339920948
0 0.1996779388083736 0.3557312252964427 0.00322061191626409 0.003952569169960474
0 0.13446054750402575 0.3547430830039526 0.001610305958132045 0.001976284584980237
0 0.13123993558776167 0.35276679841897235 0.001610305958132045 0.001976284584980237
0 0.5958132045088567 0.35276679841897235 0.00644122383252818 0.005928853754940711
0 0.2037037037037037 0.35375494071146246 0.004830917874396135 0.007905138339920948
0 0.5950080515297906 0.34782608695652173 0.004830917874396135 0.007905138339920948
0 0.5950080515297906 0.33794466403162055 0.001610305958132045 0.007905138339920948
0 0.13123993558776167 0.3349802371541502 0.001610305958132045 0.001976284584980237
0 0.5990338164251208 0.3359683794466403 0.00322061191626409 0.007905138339920948
0 0.12962962962962962 0.3231225296442688 0.001610305958132045 0.001976284584980237
0 0.12962962962962962 0.3191699604743083 0.001610305958132045 0.001976284584980237
0 0.6288244766505636 0.3181818181818182 0.001610305958132045 0.003952569169960474
0 0.6239935587761675 0.3191699604743083 0.004830917874396135 0.005928853754940711
0 0.4468599033816425 0.3221343873517787 0.008051529790660225 0.011857707509881422
0 0.44122383252818037 0.3201581027667984 0.00644122383252818 0.007905138339920948
0 0.4114331723027375 0.3181818181818182 0.001610305958132045 0.003952569169960474
0 0.3679549114331723 0.31719367588932806 0.001610305958132045 0.001976284584980237
0 0.606280193236715 0.31521739130434784 0.001610305958132045 0.001976284584980237
0 0.606280193236715 0.31126482213438733 0.001610305958132045 0.001976284584980237
0 0.6175523349436393 0.3073122529644269 0.001610305958132045 0.001976284584980237
0 0.6135265700483091 0.30632411067193677 0.00322061191626409 0.003952569169960474
0 0.3438003220611916 0.30335968379446643 0.001610305958132045 0.001976284584980237
0 0.3357487922705314 0.30434782608695654 0.004830917874396135 0.003952569169960474
0 0.71658615136876 0.30138339920948615 0.00322061191626409 0.001976284584980237
0 0.6352657004830918 0.30138339920948615 0.001610305958132045 0.001976284584980237
0 0.35990338164251207 0.30237154150197626 0.001610305958132045 0.003952569169960474
0 0.35668276972624796 0.30138339920948615 0.001610305958132045 0.001976284584980237
0 0.3325281803542673 0.30138339920948615 0.001610305958132045 0.001976284584980237
0 0.32608695652173914 0.30138339920948615 0.001610305958132045 0.001976284584980237
0 0.5958132045088567 0.2964426877470356 0.00644122383252818 0.007905138339920948
0 0.7045088566827697 0.2855731225296443 0.001610305958132045 0.001976284584980237
0 0.6980676328502415 0.2855731225296443 0.001610305958132045 0.001976284584980237
0 0.6948470209339774 0.2855731225296443 0.001610305958132045 0.001976284584980237
0 0.6884057971014492 0.2855731225296443 0.001610305958132045 0.001976284584980237
0 0.6481481481481481 0.4426877470355731 0.18840579710144928 0.31620553359683795
0 0.6731078904991948 0.2885375494071146 0.00644122383252818 0.007905138339920948
0 0.6239935587761675 0.2855731225296443 0.001610305958132045 0.001976284584980237
0 0.5958132045088567 0.2865612648221344 0.00644122383252818 0.007905138339920948
0 0.5950080515297906 0.27964426877470355 0.001610305958132045 0.001976284584980237
0 0.6304347826086957 0.2776679841897233 0.001610305958132045 0.001976284584980237
0 0.5982286634460547 0.2776679841897233 0.001610305958132045 0.001976284584980237
0 0.6304347826086957 0.2737154150197628 0.001610305958132045 0.001976284584980237
0 0.11674718196457327 0.2737154150197628 0.001610305958132045 0.001976284584980237
0 0.5958132045088567 0.2727272727272727 0.00644122383252818 0.007905138339920948
0 0.11674718196457327 0.26976284584980237 0.001610305958132045 0.001976284584980237
0 0.6642512077294686 0.26778656126482214 0.001610305958132045 0.001976284584980237
0 0.6972624798711755 0.26679841897233203 0.00322061191626409 0.003952569169960474
0 0.6900161030595813 0.26679841897233203 0.008051529790660225 0.003952569169960474
0 0.6835748792270532 0.2658102766798419 0.001610305958132045 0.001976284584980237
0 0.6892109500805152 0.2608695652173913 0.00322061191626409 0.003952569169960474
0 0.6851851851851852 0.25889328063241107 0.004830917874396135 0.007905138339920948
0 0.11352657004830918 0.2519762845849802 0.001610305958132045 0.001976284584980237
0 0.09339774557165861 0.2490118577075099 0.00644122383252818 0.007905138339920948
0 0.09581320450885668 0.2440711462450593 0.001610305958132045 0.001976284584980237
0 0.09259259259259259 0.24209486166007904 0.001610305958132045 0.001976284584980237
0 0.7045088566827697 0.24110671936758893 0.008051529790660225 0.007905138339920948
0 0.5813204508856683 0.23517786561264822 0.00322061191626409 0.003952569169960474
0 0.33413848631239934 0.23517786561264822 0.001610305958132045 0.003952569169960474
0 0.33413848631239934 0.23023715415019763 0.001610305958132045 0.001976284584980237
0 0.33172302737520126 0.2075098814229249 0.00644122383252818 0.011857707509881422
0 0.5676328502415459 0.20059288537549408 0.001610305958132045 0.001976284584980237
0 0.6811594202898551 0.18774703557312253 0.00322061191626409 0.007905138339920948
0 0.09581320450885668 0.18478260869565216 0.001610305958132045 0.001976284584980237
0 0.678743961352657 0.18181818181818182 0.004830917874396135 0.007905138339920948
0 0.09259259259259259 0.18379446640316205 0.004830917874396135 0.011857707509881422
0 0.6819645732689211 0.17687747035573123 0.001610305958132045 0.001976284584980237
0 0.6674718196457327 0.17687747035573123 0.001610305958132045 0.001976284584980237
0 0.6078904991948471 0.17490118577075098 0.001610305958132045 0.001976284584980237
0 0.5998389694041868 0.17490118577075098 0.001610305958132045 0.001976284584980237
0 0.5772946859903382 0.17490118577075098 0.001610305958132045 0.001976284584980237
0 0.5644122383252818 0.17588932806324112 0.001610305958132045 0.003952569169960474
0 0.6312399355877617 0.24209486166007904 0.15458937198067632 0.13636363636363635
0 0.09098228663446055 0.17490118577075098 0.001610305958132045 0.001976284584980237
0 0.32930756843800324 0.16304347826086957 0.001610305958132045 0.001976284584980237
0 0.1473429951690821 0.16304347826086957 0.001610305958132045 0.001976284584980237
0 0.3333333333333333 0.1600790513833992 0.00322061191626409 0.003952569169960474
0 0.3276972624798712 0.1600790513833992 0.004830917874396135 0.003952569169960474
0 0.3075684380032206 0.14525691699604742 0.00322061191626409 0.001976284584980237
0 0.16505636070853463 0.1432806324110672 0.001610305958132045 0.001976284584980237
0 0.24879227053140096 0.13142292490118576 0.001610305958132045 0.001976284584980237
0 0.29549114331723025 0.1274703557312253 0.001610305958132045 0.001976284584980237
0 0.2471819645732689 0.1274703557312253 0.001610305958132045 0.001976284584980237
0 0.24396135265700483 0.1274703557312253 0.001610305958132045 0.001976284584980237
0 0.23429951690821257 0.12845849802371542 0.004830917874396135 0.003952569169960474
0 0.2826086956521739 0.11561264822134387 0.001610305958132045 0.001976284584980237
0 0.27697262479871176 0.11462450592885376 0.00966183574879227 0.007905138339920948
0 0.2286634460547504 0.11561264822134387 0.00644122383252818 0.009881422924901186
0 0.27697262479871176 0.34782608695652173 0.37359098228663445 0.4743083003952569
