0 0.8179442508710801 0.9991408934707904 0.0017421602787456446 0.001718213058419244
0 0.8214285714285714 0.9982817869415808 0.0017421602787456446 0.003436426116838488
0 0.8005226480836237 0.9974226804123711 0.0017421602787456446 0.001718213058419244
0 0.8048780487804879 0.9974226804123711 0.003484320557491289 0.005154639175257732
0 0.8127177700348432 0.9965635738831615 0.008710801393728223 0.006872852233676976
0 0.8493031358885017 0.988831615120275 0.0017421602787456446 0.001718213058419244
0 0.8353658536585366 0.988831615120275 0.0017421602787456446 0.001718213058419244
0 0.828397212543554 0.9879725085910653 0.005226480836236934 0.003436426116838488
0 0.671602787456446 0.9871134020618557 0.0017421602787456446 0.001718213058419244
0 0.6594076655052264 0.9879725085910653 0.005226480836236934 0.003436426116838488
0 0.6001742160278746 0.9879725085910653 0.0017421602787456446 0.003436426116838488
0 0.8423344947735192 0.9871134020618557 0.008710801393728223 0.005154639175257732
0 0.8336236933797909 0.9853951890034365 0.0017421602787456446 0.001718213058419244
0 0.6472125435540069 0.9862542955326461 0.01916376306620209 0.006872852233676976
0 0.6001742160278746 0.9802405498281787 0.0017421602787456446 0.001718213058419244
0 0.872822299651568 0.9750859106529209 0.003484320557491289 0.001718213058419244
0 0.85801393728223 0.9750859106529209 0.0017421602787456446 0.001718213058419244
0 0.5705574912891986 0.9750859106529209 0.0017421602787456446 0.001718213058419244
0 0.877177700348432 0.9733676975945017 0.0017421602787456446 0.001718213058419244
0 0.8614982578397212 0.9733676975945017 0.0017421602787456446 0.001718213058419244
0 0.5165505226480837 0.9733676975945017 0.0017421602787456446 0.001718213058419244
0 0.5165505226480837 0.9690721649484536 0.0017421602787456446 0.003436426116838488
0 0.9172473867595818 0.961340206185567 0.0017421602787456446 0.001718213058419244
0 0.9137630662020906 0.961340206185567 0.0017421602787456446 0.001718213058419244
0 0.4712543554006969 0.961340206185567 0.0017421602787456446 0.001718213058419244
0 0.44686411149825783 0.961340206185567 0.0017421602787456446 0.001718213058419244
0 0.43118466898954705 0.961340206185567 0.0017421602787456446 0.001718213058419244
0 0.8989547038327527 0.9604810996563574 0.006968641114982578 0.003436426116838488
0 0.9155052264808362 0.9570446735395189 0.005226480836236934 0.003436426116838488
0 0.9189895470383276 0.9544673539518901 0.0017421602787456446 0.001718213058419244
0 0.9329268292682927 0.947594501718213 0.0017421602787456446 0.001718213058419244
0 0.9285714285714286 0.947594501718213 0.003484320557491289 0.001718213058419244
0 0.3632404181184669 0.947594501718213 0.0017421602787456446 0.001718213058419244
0 0.352787456445993 0.947594501718213 0.0017421602787456446 0.001718213058419244
0 0.9329268292682927 0.9355670103092784 0.0017421602787456446 0.001718213058419244
0 0.24041811846689895 0.9175257731958762 0.006968641114982578 0.006872852233676976
0 0.9494773519163763 0.8917525773195877 0.003484320557491289 0.003436426116838488
0 0.2221254355400697 0.8788659793814433 0.0017421602787456446 0.001718213058419244
0 0.2186411149825784 0.8788659793814433 0.0017421602787456446 0.001718213058419244
0 0.9712543554006968 0.8719931271477663 0.0017421602787456446 0.001718213058419244
0 0.19686411149825783 0.8634020618556701 0.003484320557491289 0.005154639175257732
0 0.19599303135888502 0.8582474226804123 0.0017421602787456446 0.001718213058419244
0 0.19250871080139373 0.8513745704467354 0.0017421602787456446 0.001718213058419244
0 0.9860627177700348 0.8487972508591065 0.006968641114982578 0.006872852233676976
0 0.18641114982578397 0.8462199312714777 0.010452961672473868 0.012027491408934709
0 0.9860627177700348 0.8393470790378007 0.006968641114982578 0.00859106529209622
0 0.17421602787456447 0.8359106529209622 0.003484320557491289 0.005154639175257732
0 0.16898954703832753 0.8359106529209622 0.003484320557491289 0.005154639175257732
0 0.9886759581881533 0.8273195876288659 0.0017421602787456446 0.001718213058419244
0 0.16289198606271776 0.8238831615120275 0.0017421602787456446 0.001718213058419244
0 0.14285714285714285 0.8213058419243986 0.006968641114982578 0.006872852233676976
0 0.12630662020905922 0.8067010309278351 0.0017421602787456446 0.001718213058419244
0 0.11236933797909408 0.7826460481099656 0.0017421602787456446 0.001718213058419244
0 0.1132404181184669 0.7766323024054983 0.003484320557491289 0.006872852233676976
0 0.9886759581881533 0.7671821305841925 0.0017421602787456446 0.001718213058419244
0 0.985191637630662 0.7671821305841925 0.0017421602787456446 0.001718213058419244
0 0.11062717770034843 0.7551546391752577 0.0017421602787456446 0.001718213058419244
0 0.09843205574912892 0.7534364261168385 0.0017421602787456446 0.001718213058419244
0 0.1019163763066202 0.7491408934707904 0.005226480836236934 0.006872852233676976
0 0.10627177700348432 0.7439862542955327 0.003484320557491289 0.003436426116838488
0 0.09930313588850175 0.7448453608247423 0.003484320557491289 0.005154639175257732
0 0.9886759581881533 0.7396907216494846 0.0017421602787456446 0.001718213058419244
0 0.09843205574912892 0.7242268041237113 0.0017421602787456446 0.001718213058419244
0 0.09494773519163763 0.6993127147766323 0.0017421602787456446 0.003436426116838488
0 0.9747386759581882 0.679553264604811 0.0017421602787456446 0.001718213058419244
0 0.08449477351916376 0.6692439862542955 0.0017421602787456446 0.001718213058419244
0 0.9747386759581882 0.6606529209621993 0.0017421602787456446 0.001718213058419244
0 0.08449477351916376 0.6572164948453608 0.0017421602787456446 0.001718213058419244
0 0.08101045296167247 0.6443298969072165 0.0017421602787456446 0.003436426116838488
0 0.07055749128919861 0.6194158075601375 0.0017421602787456446 0.001718213058419244
0 0.07142857142857142 0.6134020618556701 0.003484320557491289 0.006872852233676976
0 0.05836236933797909 0.5764604810996563 0.0017421602787456446 0.001718213058419244
0 0.0627177700348432 0.5747422680412371 0.003484320557491289 0.005154639175257732
0 0.9747386759581882 0.5627147766323024 0.0017421602787456446 0.001718213058419244
0 0.05662020905923345 0.5609965635738832 0.0017421602787456446 0.001718213058419244
0 0.042682926829268296 0.511168384879725 0.0017421602787456446 0.001718213058419244
0 0.042682926829268296 0.4957044673539519 0.0017421602787456446 0.001718213058419244
0 0.03048780487804878 0.46563573883161513 0.005226480836236934 0.003436426116838488
0 0.9642857142857143 0.45532646048109965 0.0017421602787456446 0.003436426116838488
0 0.960801393728223 0.44072164948453607 0.0017421602787456446 0.001718213058419244
0 0.028745644599303136 0.43556701030927836 0.0017421602787456446 0.001718213058419244
0 0.945993031358885 0.4166666666666667 0.003484320557491289 0.005154639175257732
0 0.017421602787456445 0.40893470790378006 0.006968641114982578 0.006872852233676976
0 0.9189895470383276 0.39261168384879724 0.0017421602787456446 0.001718213058419244
0 0.016550522648083623 0.390893470790378 0.0017421602787456446 0.001718213058419244
0 0.9181184668989547 0.38745704467353953 0.003484320557491289 0.005154639175257732
0 0.016550522648083623 0.3865979381443299 0.005226480836236934 0.003436426116838488
0 0.018292682926829267 0.36769759450171824 0.008710801393728223 0.006872852233676976
0 0.9024390243902439 0.36082474226804123 0.006968641114982578 0.006872852233676976
0 0.8885017421602788 0.34621993127147765 0.006968641114982578 0.005154639175257732
0 0.882404181184669 0.3445017182130584 0.0017421602787456446 0.001718213058419244
0 0.017421602787456445 0.34106529209621994 0.006968641114982578 0.005154639175257732
0 0.8667247386759582 0.33075601374570446 0.0017421602787456446 0.001718213058419244
0 0.017421602787456445 0.3333333333333333 0.006968641114982578 0.006872852233676976
0 0.8606271777003485 0.31872852233676974 0.006968641114982578 0.005154639175257732
0 0.8493031358885017 0.2912371134020619 0.0017421602787456446 0.001718213058419244
0 0.8449477351916377 0.2912371134020619 0.003484320557491289 0.001718213058419244
0 0.8397212543554007 0.28951890034364264 0.003484320557491289 0.001718213058419244
0 0.8336236933797909 0.27835051546391754 0.005226480836236934 0.006872852233676976
0 0.04355400696864112 0.2654639175257732 0.003484320557491289 0.001718213058419244
0 0.04355400696864112 0.2611683848797251 0.003484320557491289 0.003436426116838488
0 0.8066202090592335 0.25257731958762886 0.003484320557491289 0.006872852233676976
0 0.7909407665505227 0.22336769759450173 0.006968641114982578 0.006872852233676976
0 0.20818815331010454 0.22079037800687284 0.0017421602787456446 0.001718213058419244
0 0.046167247386759584 0.22336769759450173 0.008710801393728223 0.006872852233676976
0 0.7770034843205574 0.20962199312714777 0.006968641114982578 0.006872852233676976
0 0.09843205574912892 0.20704467353951891 0.0017421602787456446 0.001718213058419244
0 0.7630662020905923 0.1958762886597938 0.006968641114982578 0.006872852233676976
0 0.7491289198606271 0.18213058419243985 0.006968641114982578 0.006872852233676976
0 0.7334494773519163 0.17439862542955326 0.010452961672473868 0.012027491408934709
0 0.735191637630662 0.16752577319587628 0.006968641114982578 0.005154639175257732
0 0.7290940766550522 0.16580756013745704 0.0017421602787456446 0.001718213058419244
0 0.7212543554006968 0.15378006872852235 0.006968641114982578 0.005154639175257732
0 0.7151567944250871 0.15206185567010308 0.0017421602787456446 0.001718213058419244
0 0.24825783972125434 0.15292096219931273 0.0017421602787456446 0.003436426116838488
0 0.7073170731707317 0.1400343642611684 0.006968641114982578 0.005154639175257732
0 0.7012195121951219 0.13831615120274915 0.0017421602787456446 0.001718213058419244
0 0.695993031358885 0.12800687285223367 0.0017421602787456446 0.001718213058419244
0 0.25174216027874563 0.11941580756013746 0.0017421602787456446 0.001718213058419244
0 0.6820557491289199 0.11426116838487972 0.0017421602787456446 0.001718213058419244
0 0.25174216027874563 0.109106529209622 0.0017421602787456446 0.001718213058419244
0 0.6681184668989547 0.10051546391752578 0.0017421602787456446 0.001718213058419244
0 0.6541811846689896 0.08676975945017182 0.0017421602787456446 0.001718213058419244
0 0.622822299651568 0.07302405498281787 0.005226480836236934 0.005154639175257732
0 0.6280487804878049 0.070446735395189 0.005226480836236934 0.003436426116838488
0 0.5984320557491289 0.04725085910652921 0.0017421602787456446 0.001718213058419244
0 0.5966898954703833 0.0429553264604811 0.005226480836236934 0.003436426116838488
0 0.5827526132404182 0.028350515463917526 0.0017421602787456446 0.001718213058419244
0 0.544425087108014 0.01804123711340206 0.0017421602787456446 0.001718213058419244
0 0.5679442508710801 0.01718213058419244 0.006968641114982578 0.006872852233676976
0 0.5531358885017421 0.014604810996563574 0.0017421602787456446 0.001718213058419244
0 0.5461672473867596 0.014604810996563574 0.0017421602787456446 0.001718213058419244
0 0.5043554006968641 0.014604810996563574 0.0017421602787456446 0.001718213058419244
0 0.2691637630662021 0.014604810996563574 0.0017421602787456446 0.001718213058419244
0 0.2656794425087108 0.015463917525773196 0.0017421602787456446 0.003436426116838488
0 0.3074912891986063 0.009450171821305841 0.0017421602787456446 0.001718213058419244
0 0.3310104529616725 0.003436426116838488 0.006968641114982578 0.006872852233676976
0 0.5017421602787456 0.5 0.975609756097561 1.0
0 0.3074912891986063 0.001718213058419244 0.0017421602787456446 0.003436426116838488
