0 0.978125 0.9891304347826086 0.00125 0.0016722408026755853
0 0.973125 0.9891304347826086 0.00125 0.0016722408026755853
0 0.933125 0.9891304347826086 0.00125 0.0016722408026755853
0 0.596875 0.9891304347826086 0.00125 0.0016722408026755853
0 0.445625 0.9891304347826086 0.00125 0.0016722408026755853
0 0.989375 0.9874581939799331 0.00125 0.0016722408026755853
0 0.969375 0.9882943143812709 0.00375 0.0033444816053511705
0 0.930625 0.9882943143812709 0.00125 0.0033444816053511705
0 0.599375 0.9882943143812709 0.00125 0.0033444816053511705
0 0.58625 0.9882943143812709 0.0025 0.0033444816053511705
0 0.499375 0.9874581939799331 0.00125 0.0016722408026755853
0 0.580625 0.9857859531772575 0.00125 0.0016722408026755853
0 0.45 0.9874581939799331 0.0025 0.005016722408026756
0 0.989375 0.9841137123745819 0.00125 0.0016722408026755853
0 0.98375 0.9866220735785953 0.0075 0.006688963210702341
0 0.97625 0.9857859531772575 0.005 0.005016722408026756
0 0.499375 0.9841137123745819 0.00125 0.0016722408026755853
0 0.986875 0.9807692307692307 0.00375 0.005016722408026756
0 0.601875 0.975752508361204 0.00125 0.0016722408026755853
0 0.406875 0.975752508361204 0.00125 0.0016722408026755853
0 0.98875 0.9749163879598662 0.0025 0.0033444816053511705
0 0.41125 0.9740802675585284 0.0025 0.0016722408026755853
0 0.4025 0.9740802675585284 0.005 0.005016722408026756
0 0.60625 0.9707357859531772 0.0075 0.011705685618729096
0 0.611875 0.9615384615384616 0.00125 0.0033444816053511705
0 0.479375 0.9607023411371237 0.00125 0.0016722408026755853
0 0.381875 0.9615384615384616 0.00375 0.0033444816053511705
0 0.574375 0.9540133779264214 0.00125 0.0016722408026755853
0 0.961875 0.9506688963210702 0.00125 0.0016722408026755853
0 0.95125 0.9515050167224081 0.005 0.0033444816053511705
0 0.946875 0.9506688963210702 0.00125 0.0016722408026755853
0 0.574375 0.9506688963210702 0.00125 0.0016722408026755853
0 0.476875 0.9540133779264214 0.00375 0.008361204013377926
0 0.370625 0.9489966555183946 0.00125 0.0016722408026755853
0 0.353125 0.9489966555183946 0.00125 0.0016722408026755853
0 0.345625 0.9489966555183946 0.00125 0.0016722408026755853
0 0.92125 0.947324414715719 0.0025 0.0016722408026755853
0 0.334375 0.9481605351170569 0.00375 0.0033444816053511705
0 0.320625 0.947324414715719 0.00125 0.0016722408026755853
0 0.320625 0.9431438127090301 0.00125 0.0033444816053511705
0 0.618125 0.9389632107023411 0.00375 0.005016722408026756
0 0.595 0.9632107023411371 0.05 0.05351170568561873
0 0.586875 0.9372909698996655 0.00125 0.0016722408026755853
0 0.5825 0.9389632107023411 0.005 0.005016722408026756
0 0.4575 0.939799331103679 0.005 0.006688963210702341
0 0.963125 0.93561872909699 0.00125 0.0016722408026755853
0 0.650625 0.93561872909699 0.00125 0.0016722408026755853
0 0.298125 0.93561872909699 0.00125 0.0016722408026755853
0 0.290625 0.93561872909699 0.00125 0.0016722408026755853
0 0.65375 0.9347826086956522 0.0025 0.0033444816053511705
0 0.509375 0.9339464882943144 0.00125 0.0016722408026755853
0 0.3075 0.9339464882943144 0.0025 0.005016722408026756
0 0.294375 0.9339464882943144 0.00375 0.005016722408026756
0 0.4825 0.9331103678929766 0.005 0.006688963210702341
0 0.6875 0.9322742474916388 0.005 0.008361204013377926
0 0.50625 0.931438127090301 0.0075 0.010033444816053512
0 0.4175 0.9264214046822743 0.005 0.006688963210702341
0 0.408125 0.9247491638795987 0.00125 0.0033444816053511705
0 0.920625 0.9205685618729097 0.00125 0.0016722408026755853
0 0.26125 0.9214046822742475 0.0025 0.0033444816053511705
0 0.920625 0.9172240802675585 0.00125 0.0016722408026755853
0 0.261875 0.9138795986622074 0.00125 0.0016722408026755853
0 0.920625 0.9105351170568562 0.00125 0.0016722408026755853
0 0.674375 0.9230769230769231 0.04875 0.026755852842809364
0 0.651875 0.9113712374581939 0.00125 0.0033444816053511705
0 0.395625 0.9105351170568562 0.00125 0.0016722408026755853
0 0.725 0.9088628762541806 0.0025 0.0016722408026755853
0 0.254375 0.9088628762541806 0.00125 0.0016722408026755853
0 0.243125 0.9088628762541806 0.00125 0.0016722408026755853
0 0.80125 0.907190635451505 0.0025 0.0016722408026755853
0 0.240625 0.9080267558528428 0.00125 0.0033444816053511705
0 0.724375 0.9055183946488294 0.00125 0.0016722408026755853
0 0.7125 0.907190635451505 0.01 0.005016722408026756
0 0.490625 0.9055183946488294 0.00125 0.0016722408026755853
0 0.8175 0.9063545150501672 0.005 0.006688963210702341
0 0.720625 0.9063545150501672 0.00375 0.006688963210702341
0 0.71375 0.9013377926421404 0.0025 0.0033444816053511705
0 0.994375 0.8971571906354515 0.00125 0.0016722408026755853
0 0.840625 0.8954849498327759 0.00125 0.0016722408026755853
0 0.781875 0.8954849498327759 0.00125 0.0016722408026755853
0 0.681875 0.8954849498327759 0.00125 0.0016722408026755853
0 0.471875 0.8946488294314381 0.00375 0.0033444816053511705
0 0.84625 0.8938127090301003 0.0075 0.005016722408026756
0 0.840625 0.8921404682274248 0.00125 0.0016722408026755853
0 0.6725 0.8929765886287625 0.005 0.006688963210702341
0 0.965 0.8887959866220736 0.0025 0.0016722408026755853
0 0.930625 0.8887959866220736 0.00125 0.0016722408026755853
0 0.849375 0.8887959866220736 0.00125 0.0016722408026755853
0 0.84625 0.8879598662207357 0.0025 0.0033444816053511705
0 0.386875 0.8896321070234113 0.00375 0.006688963210702341
0 0.986875 0.8837792642140468 0.00125 0.0016722408026755853
0 0.976875 0.8837792642140468 0.00125 0.0016722408026755853
0 0.470625 0.8837792642140468 0.00125 0.0016722408026755853
0 0.86375 0.8804347826086957 0.0025 0.005016722408026756
0 0.8775 0.8795986622073578 0.005 0.006688963210702341
0 0.83625 0.8795986622073578 0.005 0.006688963210702341
0 0.480625 0.8779264214046822 0.00125 0.0033444816053511705
0 0.211875 0.8770903010033445 0.00125 0.0016722408026755853
0 0.539375 0.8754180602006689 0.00125 0.0016722408026755853
0 0.4825 0.8754180602006689 0.0025 0.005016722408026756
0 0.9475 0.8729096989966555 0.005 0.006688963210702341
0 0.96 0.9297658862876255 0.08 0.12040133779264214
0 0.9325 0.8737458193979933 0.005 0.008361204013377926
0 0.886875 0.8687290969899666 0.00125 0.0016722408026755853
0 0.634375 0.8687290969899666 0.00125 0.0016722408026755853
0 0.639375 0.8678929765886287 0.00625 0.0033444816053511705
0 0.59125 0.8678929765886287 0.0025 0.0033444816053511705
0 0.8975 0.8662207357859532 0.005 0.006688963210702341
0 0.623125 0.8653846153846154 0.00375 0.005016722408026756
0 0.620625 0.8637123745819398 0.00125 0.0016722408026755853
0 0.5825 0.8662207357859532 0.005 0.006688963210702341
0 0.490625 0.8586956521739131 0.00125 0.0016722408026755853
0 0.713125 0.8570234113712375 0.00125 0.0016722408026755853
0 0.531875 0.8578595317725752 0.00125 0.0033444816053511705
0 0.529375 0.8570234113712375 0.00125 0.0016722408026755853
0 0.908125 0.8553511705685619 0.00125 0.0016722408026755853
0 0.905625 0.8553511705685619 0.00125 0.0016722408026755853
0 0.563125 0.8553511705685619 0.00125 0.0016722408026755853
0 0.186875 0.8553511705685619 0.00125 0.0016722408026755853
0 0.551875 0.8545150501672241 0.00375 0.0033444816053511705
0 0.56625 0.8536789297658863 0.005 0.005016722408026756
0 0.1825 0.8536789297658863 0.005 0.005016722408026756
0 0.906875 0.8511705685618729 0.00375 0.0033444816053511705
0 0.569375 0.8503344481605352 0.00125 0.0016722408026755853
0 0.909375 0.8486622073578596 0.00125 0.0016722408026755853
0 0.699375 0.8486622073578596 0.00125 0.0016722408026755853
0 0.56625 0.8494983277591973 0.0025 0.0033444816053511705
0 0.500625 0.8486622073578596 0.00125 0.0016722408026755853
0 0.6725 0.8436454849498328 0.0025 0.0016722408026755853
0 0.669375 0.8478260869565217 0.00625 0.010033444816053512
0 0.580625 0.8444816053511706 0.00125 0.0033444816053511705
0 0.519375 0.8444816053511706 0.00125 0.0033444816053511705
0 0.516875 0.8436454849498328 0.00125 0.0016722408026755853
0 0.505 0.8896321070234113 0.07 0.09364548494983277
0 0.18375 0.8478260869565217 0.0075 0.010033444816053512
0 0.5675 0.8444816053511706 0.0025 0.006688963210702341
0 0.180625 0.8419732441471572 0.00125 0.0016722408026755853
0 0.15375 0.8411371237458194 0.0025 0.0033444816053511705
0 0.141875 0.8411371237458194 0.00375 0.0033444816053511705
0 0.6575 0.8403010033444817 0.005 0.005016722408026756
0 0.9275 0.8394648829431438 0.005 0.006688963210702341
0 0.73875 0.8311036789297659 0.0025 0.0033444816053511705
0 0.6575 0.8327759197324415 0.005 0.006688963210702341
0 0.649375 0.830267558528428 0.00125 0.0016722408026755853
0 0.54125 0.8277591973244147 0.0025 0.0033444816053511705
0 0.529375 0.8269230769230769 0.00125 0.0016722408026755853
0 0.449375 0.8269230769230769 0.00125 0.0016722408026755853
0 0.13375 0.8277591973244147 0.0025 0.0033444816053511705
0 0.120625 0.8269230769230769 0.00125 0.0016722408026755853
0 0.76375 0.822742474916388 0.0025 0.0033444816053511705
0 0.760625 0.8219063545150501 0.00125 0.0016722408026755853
0 0.123125 0.822742474916388 0.00375 0.006688963210702341
0 0.766875 0.8168896321070234 0.00125 0.0016722408026755853
0 0.76375 0.818561872909699 0.005 0.005016722408026756
0 0.44625 0.8202341137123745 0.0075 0.008361204013377926
0 0.12625 0.8177257525083612 0.0025 0.0033444816053511705
0 0.12125 0.8177257525083612 0.0025 0.006688963210702341
0 0.474375 0.8135451505016722 0.00625 0.005016722408026756
0 0.110625 0.810200668896321 0.00125 0.0016722408026755853
0 0.47125 0.8085284280936454 0.0025 0.008361204013377926
0 0.454375 0.8018394648829431 0.00125 0.0016722408026755853
0 0.451875 0.8018394648829431 0.00125 0.0016722408026755853
0 0.94875 0.7976588628762542 0.0025 0.0033444816053511705
0 0.453125 0.7976588628762542 0.00375 0.0033444816053511705
0 0.450625 0.7951505016722408 0.00125 0.0016722408026755853
0 0.949375 0.7934782608695652 0.00125 0.0016722408026755853
0 0.569375 0.7918060200668896 0.00125 0.0016722408026755853
0 0.6075 0.7926421404682275 0.005 0.006688963210702341
0 0.959375 0.7884615384615384 0.00125 0.0016722408026755853
0 0.956875 0.7884615384615384 0.00125 0.0016722408026755853
0 0.568125 0.7892976588628763 0.00375 0.0033444816053511705
0 0.829375 0.7884615384615384 0.00125 0.005016722408026756
0 0.95875 0.7842809364548495 0.0025 0.0033444816053511705
0 0.828125 0.7834448160535117 0.00125 0.0016722408026755853
0 0.360625 0.7834448160535117 0.00125 0.0016722408026755853
0 0.136875 0.7834448160535117 0.00125 0.0016722408026755853
0 0.363125 0.7809364548494984 0.00375 0.0033444816053511705
0 0.384375 0.7784280936454849 0.00125 0.0016722408026755853
0 0.3725 0.7784280936454849 0.0025 0.0016722408026755853
0 0.8475 0.7792642140468228 0.005 0.006688963210702341
0 0.843125 0.7809364548494984 0.00625 0.010033444816053512
0 0.82875 0.7784280936454849 0.0025 0.005016722408026756
0 0.78625 0.7767558528428093 0.0025 0.0016722408026755853
0 0.780625 0.7767558528428093 0.00125 0.0016722408026755853
0 0.478125 0.7767558528428093 0.00125 0.0016722408026755853
0 0.453125 0.7775919732441472 0.00375 0.0033444816053511705
0 0.409375 0.7767558528428093 0.00125 0.0016722408026755853
0 0.386875 0.7767558528428093 0.00125 0.0016722408026755853
0 0.364375 0.7767558528428093 0.00125 0.0016722408026755853
0 0.361875 0.7767558528428093 0.00125 0.0016722408026755853
0 0.098125 0.7750836120401338 0.00125 0.0016722408026755853
0 0.964375 0.774247491638796 0.00125 0.0033444816053511705
0 0.091875 0.7734113712374582 0.00125 0.0016722408026755853
0 0.083125 0.774247491638796 0.00375 0.0033444816053511705
0 0.968125 0.7734113712374582 0.00375 0.005016722408026756
0 0.966875 0.770066889632107 0.00125 0.0016722408026755853
0 0.790625 0.7683946488294314 0.00125 0.0016722408026755853
0 0.889375 0.7667224080267558 0.00125 0.0016722408026755853
0 0.08125 0.7683946488294314 0.0025 0.005016722408026756
0 0.889375 0.7633779264214047 0.00125 0.0016722408026755853
0 0.878125 0.7633779264214047 0.00125 0.0016722408026755853
0 0.873125 0.7658862876254181 0.00625 0.006688963210702341
0 0.481875 0.7633779264214047 0.00125 0.0016722408026755853
0 0.399375 0.7642140468227425 0.00125 0.0033444816053511705
0 0.3475 0.7658862876254181 0.005 0.006688963210702341
0 0.336875 0.7633779264214047 0.00125 0.0016722408026755853
0 0.320625 0.7633779264214047 0.00125 0.0016722408026755853
0 0.309375 0.7633779264214047 0.00125 0.0016722408026755853
0 0.259375 0.7642140468227425 0.00375 0.0033444816053511705
0 0.971875 0.7617056856187291 0.00125 0.0016722408026755853
0 0.598125 0.7617056856187291 0.00125 0.0016722408026755853
0 0.901875 0.7600334448160535 0.00125 0.0016722408026755853
0 0.309375 0.7600334448160535 0.00125 0.0016722408026755853
0 0.069375 0.7608695652173914 0.00375 0.0033444816053511705
0 0.60625 0.7600334448160535 0.0075 0.005016722408026756
0 0.60125 0.7591973244147158 0.0025 0.0033444816053511705
0 0.540625 0.7583612040133779 0.00125 0.0016722408026755853
0 0.254375 0.7583612040133779 0.00125 0.0016722408026755853
0 0.25125 0.7591973244147158 0.0025 0.006688963210702341
0 0.510625 0.75 0.00125 0.0016722408026755853
0 0.49375 0.7516722408026756 0.0075 0.005016722408026756
0 0.983125 0.7483277591973244 0.00125 0.0016722408026755853
0 0.524375 0.7483277591973244 0.00125 0.0016722408026755853
0 0.144375 0.7483277591973244 0.00125 0.0016722408026755853
0 0.136875 0.7483277591973244 0.00125 0.0016722408026755853
0 0.053125 0.7483277591973244 0.00125 0.0016722408026755853
0 0.250625 0.7466555183946488 0.00125 0.0016722408026755853
0 0.050625 0.7474916387959866 0.00125 0.0033444816053511705
0 0.9875 0.7466555183946488 0.005 0.005016722408026756
0 0.1325 0.7466555183946488 0.005 0.005016722408026756
0 0.106875 0.7558528428093646 0.00625 0.023411371237458192
0 0.229375 0.7416387959866221 0.00125 0.0016722408026755853
0 0.903125 0.7424749163879598 0.00375 0.006688963210702341
0 0.609375 0.7399665551839465 0.00125 0.0016722408026755853
0 0.900625 0.7382943143812709 0.00125 0.0016722408026755853
0 0.9125 0.7374581939799331 0.0025 0.0033444816053511705
0 0.909375 0.7366220735785953 0.00125 0.0016722408026755853
0 0.823125 0.7408026755852842 0.01375 0.010033444816053512
0 0.815 0.7382943143812709 0.0025 0.005016722408026756
0 0.253125 0.7399665551839465 0.00375 0.008361204013377926
0 0.836875 0.7349498327759197 0.00125 0.0016722408026755853
0 0.506875 0.7349498327759197 0.00125 0.0016722408026755853
0 0.84625 0.7341137123745819 0.0025 0.0033444816053511705
0 0.80875 0.7341137123745819 0.0025 0.0033444816053511705
0 0.804375 0.7341137123745819 0.00375 0.0033444816053511705
0 0.695625 0.7341137123745819 0.00625 0.0033444816053511705
0 0.690625 0.7332775919732442 0.00125 0.0016722408026755853
0 0.8325 0.7332775919732442 0.005 0.005016722408026756
0 0.805625 0.7316053511705686 0.00125 0.0016722408026755853
0 0.50375 0.7332775919732442 0.005 0.005016722408026756
0 0.8575 0.7324414715719063 0.005 0.006688963210702341
0 0.500625 0.729933110367893 0.00125 0.0016722408026755853
0 0.209375 0.729933110367893 0.00125 0.0016722408026755853
0 0.790625 0.7282608695652174 0.00125 0.0016722408026755853
0 0.69875 0.7282608695652174 0.0025 0.0016722408026755853
0 0.695 0.7290969899665551 0.0025 0.0033444816053511705
0 0.50375 0.7290969899665551 0.0025 0.0033444816053511705
0 0.691875 0.7274247491638796 0.00375 0.006688963210702341
0 0.395 0.729933110367893 0.01 0.011705685618729096
0 0.266875 0.7249163879598662 0.00125 0.0016722408026755853
0 0.11 0.7249163879598662 0.0025 0.0016722408026755853
0 0.936875 0.7274247491638796 0.00625 0.010033444816053512
0 0.9325 0.725752508361204 0.005 0.006688963210702341
0 0.271875 0.7232441471571907 0.00125 0.0016722408026755853
0 0.269375 0.7232441471571907 0.00125 0.0016722408026755853
0 0.264375 0.7232441471571907 0.00125 0.0016722408026755853
0 0.991875 0.7215719063545151 0.00125 0.0016722408026755853
0 0.868125 0.7215719063545151 0.00125 0.0016722408026755853
0 0.865625 0.7215719063545151 0.00125 0.0016722408026755853
0 0.830625 0.7215719063545151 0.00125 0.0016722408026755853
0 0.415625 0.7215719063545151 0.00125 0.0016722408026755853
0 0.866875 0.717391304347826 0.00375 0.0033444816053511705
0 0.5425 0.7190635451505016 0.005 0.006688963210702341
0 0.429375 0.7165551839464883 0.00125 0.0016722408026755853
0 0.0225 0.7190635451505016 0.005 0.006688963210702341
0 0.869375 0.7148829431438127 0.00125 0.0016722408026755853
0 0.280625 0.7148829431438127 0.00125 0.0016722408026755853
0 0.099375 0.7115384615384616 0.00125 0.0016722408026755853
0 0.951875 0.7107023411371237 0.00375 0.0033444816053511705
0 0.709375 0.709866220735786 0.00125 0.0016722408026755853
0 0.5425 0.7115384615384616 0.005 0.005016722408026756
0 0.439375 0.7081939799331104 0.00125 0.0016722408026755853
0 0.209375 0.7081939799331104 0.00125 0.0016722408026755853
0 0.709375 0.7065217391304348 0.00125 0.0016722408026755853
0 0.646875 0.7107023411371237 0.00625 0.010033444816053512
0 0.873125 0.7048494983277592 0.00125 0.0016722408026755853
0 0.435625 0.7065217391304348 0.00375 0.005016722408026756
0 0.329375 0.7048494983277592 0.00125 0.0016722408026755853
0 0.2075 0.7048494983277592 0.0025 0.0016722408026755853
0 0.099375 0.7048494983277592 0.00125 0.0016722408026755853
0 0.8775 0.705685618729097 0.005 0.006688963210702341
0 0.7825 0.705685618729097 0.005 0.006688963210702341
0 0.648125 0.7031772575250836 0.00125 0.0016722408026755853
0 0.999375 0.7015050167224081 0.00125 0.0016722408026755853
0 0.300625 0.6998327759197325 0.00125 0.0016722408026755853
0 0.11125 0.7031772575250836 0.0025 0.008361204013377926
0 0.999375 0.6981605351170569 0.00125 0.0016722408026755853
0 0.6475 0.6981605351170569 0.005 0.005016722408026756
0 0.390625 0.6964882943143813 0.00125 0.0016722408026755853
0 0.325 0.6989966555183946 0.01 0.006688963210702341
0 0.315625 0.6964882943143813 0.00125 0.0016722408026755853
0 0.3025 0.6964882943143813 0.0025 0.0016722408026755853
0 0.110625 0.6964882943143813 0.00125 0.0016722408026755853
0 0.296875 0.6948160535117057 0.00125 0.0016722408026755853
0 0.289375 0.6948160535117057 0.00125 0.0016722408026755853
0 0.239375 0.6948160535117057 0.00125 0.0016722408026755853
0 0.894375 0.6939799331103679 0.00125 0.0033444816053511705
0 0.648125 0.6931438127090301 0.00125 0.0016722408026755853
0 0.299375 0.6939799331103679 0.00125 0.0033444816053511705
0 0.898125 0.6931438127090301 0.00375 0.005016722408026756
0 0.5425 0.6931438127090301 0.005 0.005016722408026756
0 0.529375 0.6914715719063546 0.00125 0.0016722408026755853
0 0.335 0.6931438127090301 0.0025 0.005016722408026756
0 0.239375 0.6914715719063546 0.00125 0.0016722408026755853
0 0.896875 0.689799331103679 0.00125 0.0016722408026755853
0 0.646875 0.689799331103679 0.00125 0.0016722408026755853
0 0.649375 0.6889632107023411 0.00125 0.0033444816053511705
0 0.236875 0.6889632107023411 0.00125 0.0033444816053511705
0 0.331875 0.6889632107023411 0.00375 0.006688963210702341
0 0.239375 0.6864548494983278 0.00125 0.0016722408026755853
0 0.649375 0.6847826086956522 0.00125 0.0016722408026755853
0 0.449375 0.6847826086956522 0.00125 0.0016722408026755853
0 0.98125 0.6839464882943144 0.0025 0.0033444816053511705
0 0.695 0.7090301003344481 0.03 0.05351170568561873
0 0.90625 0.681438127090301 0.0025 0.0016722408026755853
0 0.646875 0.681438127090301 0.00125 0.0016722408026755853
0 0.309375 0.681438127090301 0.00125 0.0016722408026755853
0 0.303125 0.681438127090301 0.00125 0.0016722408026755853
0 0.015625 0.6822742474916388 0.00125 0.0033444816053511705
0 0.458125 0.6797658862876255 0.00125 0.0016722408026755853
0 0.23875 0.681438127090301 0.0025 0.005016722408026756
0 0.78125 0.6780936454849499 0.0025 0.0016722408026755853
0 0.649375 0.6789297658862876 0.00125 0.0033444816053511705
0 0.308125 0.6764214046822743 0.00125 0.0016722408026755853
0 0.529375 0.6747491638795987 0.00125 0.0016722408026755853
0 0.52625 0.6755852842809364 0.0025 0.0033444816053511705
0 0.323125 0.6747491638795987 0.00125 0.0016722408026755853
0 0.780625 0.6714046822742475 0.00125 0.0016722408026755853
0 0.6475 0.6730769230769231 0.005 0.005016722408026756
0 0.598125 0.6722408026755853 0.00625 0.006688963210702341
0 0.589375 0.669732441471572 0.00125 0.0016722408026755853
0 0.58625 0.669732441471572 0.0025 0.0016722408026755853
0 0.575625 0.669732441471572 0.00125 0.0016722408026755853
0 0.56875 0.6705685618729097 0.0025 0.0033444816053511705
0 0.565625 0.669732441471572 0.00125 0.0016722408026755853
0 0.563125 0.669732441471572 0.00125 0.0016722408026755853
0 0.52625 0.6714046822742475 0.005 0.005016722408026756
0 0.523125 0.669732441471572 0.00125 0.0016722408026755853
0 0.468125 0.6680602006688964 0.00125 0.0016722408026755853
0 0.465625 0.6680602006688964 0.00125 0.0016722408026755853
0 0.91875 0.6655518394648829 0.0025 0.0033444816053511705
0 0.254375 0.6663879598662207 0.00375 0.005016722408026756
0 0.0125 0.6797658862876255 0.005 0.03177257525083612
0 0.466875 0.6638795986622074 0.00375 0.0033444816053511705
0 0.469375 0.6613712374581939 0.00125 0.0016722408026755853
0 0.239375 0.6613712374581939 0.00125 0.0016722408026755853
0 0.095625 0.6613712374581939 0.00125 0.0016722408026755853
0 0.611875 0.6613712374581939 0.00375 0.005016722408026756
0 0.098125 0.6596989966555183 0.00125 0.0016722408026755853
0 0.239375 0.6580267558528428 0.00125 0.0016722408026755853
0 0.9775 0.6588628762541806 0.005 0.006688963210702341
0 0.448125 0.6563545150501672 0.00125 0.0016722408026755853
0 0.429375 0.657190635451505 0.00375 0.0033444816053511705
0 0.421875 0.657190635451505 0.00375 0.0033444816053511705
0 0.0125 0.6588628762541806 0.005 0.006688963210702341
0 0.670625 0.6546822742474916 0.00125 0.0016722408026755853
0 0.476875 0.6546822742474916 0.00125 0.0016722408026755853
0 0.474375 0.6546822742474916 0.00125 0.0016722408026755853
0 0.099375 0.6546822742474916 0.00125 0.005016722408026756
0 0.010625 0.653010033444816 0.00125 0.0016722408026755853
0 0.67625 0.653010033444816 0.0075 0.005016722408026756
0 0.670625 0.6513377926421404 0.00125 0.0016722408026755853
0 0.479375 0.6513377926421404 0.00125 0.0016722408026755853
0 0.376875 0.6521739130434783 0.00625 0.006688963210702341
0 0.096875 0.653010033444816 0.00375 0.008361204013377926
0 0.011875 0.6496655518394648 0.00125 0.0016722408026755853
0 0.969375 0.6479933110367893 0.00125 0.0016722408026755853
0 0.919375 0.6479933110367893 0.00125 0.0016722408026755853
0 0.679375 0.6479933110367893 0.00125 0.0016722408026755853
0 0.791875 0.6463210702341137 0.00125 0.0016722408026755853
0 0.67625 0.6471571906354515 0.0025 0.0033444816053511705
0 0.379375 0.6463210702341137 0.00125 0.0016722408026755853
0 0.010625 0.6463210702341137 0.00125 0.0016722408026755853
0 0.969375 0.6446488294314381 0.00125 0.0016722408026755853
0 0.7875 0.6438127090301003 0.0075 0.0033444816053511705
0 0.335625 0.6446488294314381 0.00125 0.005016722408026756
0 0.330625 0.6454849498327759 0.00625 0.006688963210702341
0 0.959375 0.6413043478260869 0.00125 0.0016722408026755853
0 0.926875 0.6413043478260869 0.00125 0.0016722408026755853
0 0.520625 0.6413043478260869 0.00125 0.0016722408026755853
0 0.011875 0.6421404682274248 0.00375 0.0033444816053511705
0 0.520625 0.6379598662207357 0.00125 0.0016722408026755853
0 0.2525 0.6413043478260869 0.005 0.008361204013377926
0 0.590625 0.6346153846153846 0.00125 0.0016722408026755853
0 0.529375 0.632943143812709 0.00125 0.0016722408026755853
0 0.858125 0.6312709030100334 0.00125 0.0016722408026755853
0 0.590625 0.6312709030100334 0.00125 0.0016722408026755853
0 0.900625 0.6295986622073578 0.00125 0.0016722408026755853
0 0.898125 0.6295986622073578 0.00125 0.0016722408026755853
0 0.815625 0.6295986622073578 0.00125 0.0016722408026755853
0 0.323125 0.6304347826086957 0.00125 0.0033444816053511705
0 0.311875 0.6295986622073578 0.00125 0.0016722408026755853
0 0.2525 0.6321070234113713 0.005 0.006688963210702341
0 0.649375 0.6279264214046822 0.00125 0.0016722408026755853
0 0.230625 0.6279264214046822 0.00125 0.0016722408026755853
0 0.179375 0.6279264214046822 0.00125 0.0016722408026755853
0 0.170625 0.6279264214046822 0.00125 0.0016722408026755853
0 0.73875 0.6270903010033445 0.0025 0.0033444816053511705
0 0.689375 0.6262541806020067 0.00125 0.0016722408026755853
0 0.549375 0.6262541806020067 0.00125 0.0016722408026755853
0 0.501875 0.6262541806020067 0.00375 0.0016722408026755853
0 0.175 0.6262541806020067 0.0025 0.0016722408026755853
0 0.860625 0.6245819397993311 0.00125 0.0016722408026755853
0 0.190625 0.6245819397993311 0.00125 0.0016722408026755853
0 0.178125 0.6245819397993311 0.00125 0.0016722408026755853
0 0.171875 0.6245819397993311 0.00125 0.0016722408026755853
0 0.7625 0.6254180602006689 0.005 0.006688963210702341
0 0.689375 0.6229096989966555 0.00125 0.0016722408026755853
0 0.334375 0.6254180602006689 0.00875 0.006688963210702341
0 0.743125 0.6212374581939799 0.00125 0.0016722408026755853
0 0.4875 0.6245819397993311 0.005 0.008361204013377926
0 0.17875 0.6212374581939799 0.0025 0.0016722408026755853
0 0.175 0.6212374581939799 0.0025 0.0016722408026755853
0 0.17125 0.6212374581939799 0.0025 0.0016722408026755853
0 0.089375 0.6212374581939799 0.00125 0.0016722408026755853
0 0.08625 0.6220735785953178 0.0025 0.0033444816053511705
0 0.949375 0.6195652173913043 0.00125 0.0016722408026755853
0 0.766875 0.6237458193979933 0.00625 0.010033444816053512
0 0.54625 0.6237458193979933 0.0075 0.010033444816053512
0 0.28 0.6204013377926422 0.0025 0.0033444816053511705
0 0.155625 0.6195652173913043 0.00125 0.0016722408026755853
0 0.010625 0.6195652173913043 0.00125 0.0016722408026755853
0 0.849375 0.6178929765886287 0.00125 0.0016722408026755853
0 0.6125 0.617056856187291 0.0025 0.0033444816053511705
0 0.604375 0.6162207357859532 0.00125 0.0016722408026755853
0 0.596875 0.6162207357859532 0.00125 0.0016722408026755853
0 0.5925 0.6178929765886287 0.005 0.005016722408026756
0 0.505 0.6178929765886287 0.0025 0.005016722408026756
0 0.50125 0.617056856187291 0.0025 0.0033444816053511705
0 0.309375 0.6187290969899666 0.00125 0.006688963210702341
0 0.305 0.6187290969899666 0.005 0.006688963210702341
0 0.283125 0.617056856187291 0.00375 0.0033444816053511705
0 0.2775 0.6162207357859532 0.0025 0.0016722408026755853
0 0.271875 0.6162207357859532 0.00125 0.0016722408026755853
0 0.155625 0.6162207357859532 0.00125 0.0016722408026755853
0 0.08625 0.6178929765886287 0.005 0.005016722408026756
0 0.083125 0.6162207357859532 0.00125 0.0016722408026755853
0 0.830625 0.6145484949832776 0.00125 0.0016722408026755853
0 0.656875 0.6145484949832776 0.00375 0.0016722408026755853
0 0.560625 0.6145484949832776 0.00125 0.0016722408026755853
0 0.781875 0.6137123745819398 0.00125 0.0033444816053511705
0 0.31875 0.6137123745819398 0.0025 0.0033444816053511705
0 0.160625 0.612876254180602 0.00125 0.0016722408026755853
0 0.489375 0.6112040133779264 0.00125 0.0016722408026755853
0 0.134375 0.6112040133779264 0.00125 0.0016722408026755853
0 0.839375 0.6095317725752508 0.00125 0.0016722408026755853
0 0.730625 0.6095317725752508 0.00125 0.0016722408026755853
0 0.636875 0.6095317725752508 0.00125 0.0016722408026755853
0 0.90375 0.6086956521739131 0.0025 0.0033444816053511705
0 0.92125 0.6120401337792643 0.01 0.013377926421404682
0 0.569375 0.6061872909698997 0.00125 0.0016722408026755853
0 0.46125 0.6095317725752508 0.0025 0.008361204013377926
0 0.239375 0.6061872909698997 0.00125 0.0016722408026755853
0 0.163125 0.6086956521739131 0.00375 0.006688963210702341
0 0.839375 0.6045150501672241 0.00125 0.0016722408026755853
0 0.83625 0.6053511705685619 0.0025 0.006688963210702341
0 0.725 0.7558528428093646 0.55 0.3076923076923077
0 0.149375 0.6036789297658863 0.00125 0.0033444816053511705
0 0.146875 0.6028428093645485 0.00125 0.0016722408026755853
0 0.134375 0.6070234113712375 0.00625 0.010033444816053512
0 0.018125 0.6028428093645485 0.00125 0.0016722408026755853
0 0.013125 0.6053511705685619 0.00625 0.006688963210702341
0 0.259375 0.6011705685618729 0.00125 0.0016722408026755853
0 0.855625 0.6003344481605352 0.00375 0.0033444816053511705
0 0.85125 0.6003344481605352 0.0025 0.0033444816053511705
0 0.785 0.6003344481605352 0.0025 0.0033444816053511705
0 0.310625 0.5994983277591973 0.00125 0.0016722408026755853
0 0.854375 0.5978260869565217 0.00125 0.0016722408026755853
0 0.789375 0.5978260869565217 0.00125 0.0016722408026755853
0 0.520625 0.5978260869565217 0.00125 0.0016722408026755853
0 0.48875 0.5978260869565217 0.0025 0.0016722408026755853
0 0.16625 0.6011705685618729 0.0025 0.008361204013377926
0 0.161875 0.6011705685618729 0.00375 0.011705685618729096
0 0.489375 0.592809364548495 0.00125 0.0016722408026755853
0 0.650625 0.5911371237458194 0.00125 0.0016722408026755853
0 0.698125 0.5894648829431438 0.00125 0.0016722408026755853
0 0.4625 0.5919732441471572 0.005 0.006688963210702341
0 0.589375 0.5877926421404682 0.00125 0.0016722408026755853
0 0.69875 0.5861204013377926 0.0025 0.0016722408026755853
0 0.63125 0.5869565217391305 0.0025 0.0033444816053511705
0 0.58625 0.5869565217391305 0.0025 0.0033444816053511705
0 0.589375 0.5844481605351171 0.00125 0.0016722408026755853
0 0.530625 0.5827759197324415 0.00125 0.0016722408026755853
0 0.089375 0.5827759197324415 0.00125 0.0016722408026755853
0 0.489375 0.5811036789297659 0.00125 0.0016722408026755853
0 0.385625 0.5811036789297659 0.00125 0.0016722408026755853
0 0.829375 0.5794314381270903 0.00125 0.0016722408026755853
0 0.533125 0.580267558528428 0.00375 0.0033444816053511705
0 0.189375 0.5777591973244147 0.00125 0.0016722408026755853
0 0.088125 0.5785953177257525 0.00375 0.0033444816053511705
0 0.730625 0.5744147157190636 0.00125 0.0016722408026755853
0 0.304375 0.5744147157190636 0.00125 0.0016722408026755853
0 0.200625 0.5744147157190636 0.00125 0.0016722408026755853
0 0.48875 0.5735785953177257 0.0025 0.0033444816053511705
0 0.203125 0.572742474916388 0.00125 0.0016722408026755853
0 0.919375 0.5710702341137124 0.00125 0.0016722408026755853
0 0.485625 0.5710702341137124 0.00125 0.0016722408026755853
0 0.8475 0.5719063545150501 0.005 0.006688963210702341
0 0.28375 0.5719063545150501 0.0075 0.006688963210702341
0 0.285625 0.5677257525083612 0.00375 0.0016722408026755853
0 0.188125 0.5693979933110368 0.00375 0.005016722408026756
0 0.020625 0.568561872909699 0.00125 0.0033444816053511705
0 0.698125 0.5693979933110368 0.00375 0.008361204013377926
0 0.308125 0.5660535117056856 0.00125 0.0016722408026755853
0 0.918125 0.5627090301003345 0.00125 0.0016722408026755853
0 0.695625 0.5635451505016722 0.00375 0.0033444816053511705
0 0.6225 0.568561872909699 0.0025 0.013377926421404682
0 0.579375 0.5652173913043478 0.00125 0.006688963210702341
0 0.575 0.5652173913043478 0.005 0.006688963210702341
0 0.570625 0.5627090301003345 0.00125 0.0016722408026755853
0 0.129375 0.5627090301003345 0.00125 0.0016722408026755853
0 0.088125 0.5652173913043478 0.00375 0.006688963210702341
0 0.509375 0.5610367892976589 0.00125 0.0016722408026755853
0 0.058125 0.5610367892976589 0.00125 0.0016722408026755853
0 0.021875 0.5635451505016722 0.00375 0.006688963210702341
0 0.509375 0.5576923076923077 0.00125 0.0016722408026755853
0 0.530625 0.5543478260869565 0.00125 0.0016722408026755853
0 0.500625 0.5543478260869565 0.00125 0.0016722408026755853
0 0.389375 0.5543478260869565 0.00125 0.0016722408026755853
0 0.075 0.5543478260869565 0.0025 0.0016722408026755853
0 0.50375 0.5535117056856187 0.0025 0.0033444816053511705
0 0.20125 0.5560200668896321 0.0025 0.008361204013377926
0 0.805625 0.5510033444816054 0.00125 0.0016722408026755853
0 0.05625 0.5551839464882943 0.0075 0.010033444816053512
0 0.909375 0.5501672240802675 0.00125 0.0033444816053511705
0 0.684375 0.5510033444816054 0.00375 0.005016722408026756
0 0.656875 0.5493311036789298 0.00125 0.0016722408026755853
0 0.661875 0.5994983277591973 0.07625 0.1020066889632107
0 0.631875 0.5493311036789298 0.00125 0.0016722408026755853
0 0.021875 0.5501672240802675 0.00375 0.0033444816053511705
0 0.38875 0.5493311036789298 0.0025 0.005016722408026756
0 0.190625 0.5476588628762542 0.00125 0.0016722408026755853
0 0.058125 0.5484949832775919 0.00125 0.0033444816053511705
0 0.750625 0.5459866220735786 0.00125 0.0016722408026755853
0 0.169375 0.5459866220735786 0.00125 0.0016722408026755853
0 0.055 0.5459866220735786 0.0025 0.005016722408026756
0 0.5225 0.5451505016722408 0.005 0.006688963210702341
0 0.386875 0.5434782608695652 0.00375 0.0033444816053511705
0 0.169375 0.5426421404682275 0.00125 0.0016722408026755853
0 0.389375 0.5409698996655519 0.00125 0.0016722408026755853
0 0.75375 0.5409698996655519 0.0075 0.008361204013377926
0 0.7875 0.5384615384615384 0.005 0.006688963210702341
0 0.775625 0.5359531772575251 0.00125 0.0016722408026755853
0 0.754375 0.5359531772575251 0.00125 0.0016722408026755853
0 0.38875 0.5367892976588629 0.0025 0.0033444816053511705
0 0.1425 0.5384615384615384 0.005 0.006688963210702341
0 0.848125 0.5334448160535117 0.00375 0.0033444816053511705
0 0.790625 0.532608695652174 0.00125 0.0016722408026755853
0 0.098125 0.5334448160535117 0.00375 0.0033444816053511705
0 0.07125 0.5334448160535117 0.0025 0.0033444816053511705
0 0.091875 0.5309364548494984 0.00125 0.0016722408026755853
0 0.849375 0.5275919732441472 0.00125 0.0016722408026755853
0 0.489375 0.5275919732441472 0.00125 0.0016722408026755853
0 0.896875 0.5284280936454849 0.00375 0.006688963210702341
0 0.793125 0.5284280936454849 0.00375 0.006688963210702341
0 0.899375 0.524247491638796 0.00125 0.0016722408026755853
0 0.888125 0.524247491638796 0.00125 0.0016722408026755853
0 0.159375 0.524247491638796 0.00125 0.0016722408026755853
0 0.849375 0.5234113712374582 0.00125 0.0033444816053511705
0 0.1675 0.524247491638796 0.005 0.005016722408026756
0 0.163125 0.5225752508361204 0.00125 0.0016722408026755853
0 0.15125 0.5234113712374582 0.0025 0.0033444816053511705
0 0.416875 0.5209030100334449 0.00125 0.0016722408026755853
0 0.389375 0.5209030100334449 0.00125 0.0016722408026755853
0 0.79625 0.5217391304347826 0.0025 0.006688963210702341
0 0.460625 0.5192307692307693 0.00125 0.0016722408026755853
0 0.419375 0.520066889632107 0.00125 0.0033444816053511705
0 0.405625 0.520066889632107 0.00625 0.0033444816053511705
0 0.400625 0.5192307692307693 0.00125 0.0016722408026755853
0 0.860625 0.5175585284280937 0.00125 0.0016722408026755853
0 0.79125 0.5217391304347826 0.0025 0.010033444816053512
0 0.520625 0.5175585284280937 0.00125 0.0016722408026755853
0 0.389375 0.5175585284280937 0.00125 0.0016722408026755853
0 0.405 0.5150501672240803 0.0025 0.0033444816053511705
0 0.874375 0.5125418060200669 0.00125 0.0016722408026755853
0 0.793125 0.5150501672240803 0.00375 0.006688963210702341
0 0.499375 0.5125418060200669 0.00125 0.0016722408026755853
0 0.790625 0.5108695652173914 0.00125 0.0016722408026755853
0 0.401875 0.5133779264214047 0.00375 0.006688963210702341
0 0.246875 0.5108695652173914 0.00125 0.0016722408026755853
0 0.855 0.6220735785953178 0.15 0.22742474916387959
0 0.86625 0.5117056856187291 0.0125 0.006688963210702341
0 0.799375 0.5091973244147158 0.00125 0.0016722408026755853
0 0.499375 0.5091973244147158 0.00125 0.0016722408026755853
0 0.49625 0.5100334448160535 0.0025 0.0033444816053511705
0 0.278125 0.5100334448160535 0.00125 0.0033444816053511705
0 0.2675 0.5100334448160535 0.0025 0.0033444816053511705
0 0.249375 0.5091973244147158 0.00125 0.0016722408026755853
0 0.391875 0.5075250836120402 0.00125 0.0016722408026755853
0 0.428125 0.5066889632107023 0.00125 0.0033444816053511705
0 0.801875 0.504180602006689 0.00125 0.0016722408026755853
0 0.48875 0.5025083612040134 0.0025 0.0016722408026755853
0 0.485 0.5025083612040134 0.0025 0.0016722408026755853
0 0.48125 0.5025083612040134 0.0025 0.0016722408026755853
0 0.4525 0.5050167224080268 0.005 0.006688963210702341
0 0.488125 0.4991638795986622 0.00125 0.0016722408026755853
0 0.481875 0.4991638795986622 0.00125 0.0016722408026755853
0 0.429375 0.5008361204013378 0.00125 0.005016722408026756
0 0.485 0.4974916387959866 0.0025 0.0016722408026755853
0 0.29375 0.4991638795986622 0.0025 0.005016722408026756
0 0.8375 0.4983277591973244 0.005 0.006688963210702341
0 0.829375 0.49581939799331104 0.00125 0.0016722408026755853
0 0.82625 0.49581939799331104 0.0025 0.0016722408026755853
0 0.79 0.5618729096989966 0.12 0.13377926421404682
0 0.80125 0.49665551839464883 0.0025 0.0033444816053511705
0 0.489375 0.49581939799331104 0.00125 0.0016722408026755853
0 0.290625 0.49581939799331104 0.00125 0.0016722408026755853
0 0.2875 0.5 0.0075 0.010033444816053512
0 0.2825 0.4983277591973244 0.005 0.006688963210702341
0 0.033125 0.5016722408026756 0.00125 0.013377926421404682
0 0.43 0.49498327759197325 0.0025 0.0033444816053511705
0 0.5125 0.4916387959866221 0.005 0.006688963210702341
0 0.478125 0.49247491638795987 0.00625 0.008361204013377926
0 0.436875 0.4916387959866221 0.00625 0.006688963210702341
0 0.236875 0.4908026755852843 0.00375 0.005016722408026756
0 0.349375 0.4874581939799331 0.00125 0.0016722408026755853
0 0.239375 0.4874581939799331 0.00125 0.0016722408026755853
0 0.239375 0.48411371237458195 0.00125 0.0016722408026755853
0 0.361875 0.48327759197324416 0.00375 0.0033444816053511705
0 0.281875 0.4807692307692308 0.00125 0.0016722408026755853
0 0.50125 0.479933110367893 0.0025 0.0033444816053511705
0 0.34875 0.4790969899665552 0.0025 0.0016722408026755853
0 0.370625 0.4774247491638796 0.00125 0.0016722408026755853
0 0.095 0.4790969899665552 0.0025 0.005016722408026756
0 0.32125 0.47491638795986624 0.0025 0.0033444816053511705
0 0.323125 0.4707357859531773 0.00125 0.0016722408026755853
0 0.309375 0.4707357859531773 0.00125 0.0016722408026755853
0 0.565625 0.4690635451505017 0.00125 0.0016722408026755853
0 0.489375 0.4690635451505017 0.00125 0.0016722408026755853
0 0.455625 0.4690635451505017 0.00125 0.0016722408026755853
0 0.320625 0.4690635451505017 0.00125 0.0016722408026755853
0 0.18875 0.4698996655518395 0.0025 0.0033444816053511705
0 0.370625 0.4682274247491639 0.00125 0.0033444816053511705
0 0.278125 0.4673913043478261 0.00125 0.0016722408026755853
0 0.449375 0.4657190635451505 0.00125 0.0016722408026755853
0 0.34875 0.4673913043478261 0.0025 0.005016722408026756
0 0.141875 0.4665551839464883 0.00375 0.0033444816053511705
0 0.615625 0.4657190635451505 0.00625 0.005016722408026756
0 0.448125 0.46237458193979936 0.00125 0.0016722408026755853
0 0.1175 0.46488294314381273 0.005 0.006688963210702341
0 0.330625 0.46070234113712377 0.00125 0.0016722408026755853
0 0.449375 0.4590301003344482 0.00125 0.0016722408026755853
0 0.27125 0.46070234113712377 0.0025 0.005016722408026756
0 0.03625 0.45819397993311034 0.0025 0.0033444816053511705
0 0.559375 0.45568561872909696 0.00125 0.0016722408026755853
0 0.546875 0.45568561872909696 0.00125 0.0016722408026755853
0 0.5425 0.45735785953177255 0.005 0.005016722408026756
0 0.46125 0.45652173913043476 0.0025 0.0033444816053511705
0 0.0325 0.45735785953177255 0.005 0.005016722408026756
0 0.539375 0.4540133779264214 0.00125 0.0016722408026755853
0 0.536875 0.4540133779264214 0.00125 0.0016722408026755853
0 0.1175 0.45652173913043476 0.005 0.006688963210702341
0 0.448125 0.4540133779264214 0.00375 0.005016722408026756
0 0.161875 0.4531772575250836 0.00125 0.0033444816053511705
0 0.119375 0.4523411371237458 0.00125 0.0016722408026755853
0 0.239375 0.4506688963210702 0.00125 0.0016722408026755853
0 0.585 0.451505016722408 0.0025 0.006688963210702341
0 0.539375 0.4489966555183946 0.00125 0.0016722408026755853
0 0.449375 0.44816053511705684 0.00125 0.0033444816053511705
0 0.539375 0.44565217391304346 0.00125 0.0016722408026755853
0 0.14125 0.44565217391304346 0.0025 0.0016722408026755853
0 0.27125 0.44481605351170567 0.0025 0.0033444816053511705
0 0.291875 0.4423076923076923 0.00125 0.0016722408026755853
0 0.14125 0.4423076923076923 0.0025 0.0016722408026755853
0 0.448125 0.4431438127090301 0.00375 0.006688963210702341
0 0.849375 0.4397993311036789 0.00125 0.0033444816053511705
0 0.546875 0.4389632107023411 0.00375 0.005016722408026756
0 0.6 0.451505016722408 0.04 0.033444816053511704
0 0.460625 0.43561872909698995 0.00125 0.0016722408026755853
0 0.54875 0.43478260869565216 0.0025 0.0033444816053511705
0 0.360625 0.43394648829431437 0.00125 0.0016722408026755853
0 0.270625 0.4322742474916388 0.00125 0.0016722408026755853
0 0.615 0.4322742474916388 0.01 0.008361204013377926
0 0.365625 0.4289297658862876 0.00125 0.0016722408026755853
0 0.288125 0.4289297658862876 0.00125 0.0016722408026755853
0 0.200625 0.4289297658862876 0.00125 0.0016722408026755853
0 0.340625 0.42725752508361203 0.00125 0.0016722408026755853
0 0.259375 0.42725752508361203 0.00125 0.0016722408026755853
0 0.551875 0.42642140468227424 0.00125 0.0033444816053511705
0 0.44875 0.4280936454849498 0.005 0.006688963210702341
0 0.348125 0.42642140468227424 0.00375 0.0033444816053511705
0 0.3325 0.42474916387959866 0.005 0.006688963210702341
0 0.2675 0.42474916387959866 0.005 0.006688963210702341
0 0.349375 0.4214046822742475 0.00125 0.0033444816053511705
0 0.128125 0.42391304347826086 0.00375 0.008361204013377926
0 0.453125 0.4214046822742475 0.00375 0.006688963210702341
0 0.143125 0.4180602006688963 0.00625 0.006688963210702341
0 0.059375 0.41638795986622074 0.00375 0.0033444816053511705
0 0.279375 0.41387959866220736 0.00125 0.0016722408026755853
0 0.18 0.41304347826086957 0.005 0.0033444816053511705
0 0.129375 0.4088628762541806 0.00125 0.0016722408026755853
0 0.380625 0.40551839464882944 0.00125 0.0016722408026755853
0 0.086875 0.40217391304347827 0.00125 0.0016722408026755853
0 0.080625 0.40217391304347827 0.00125 0.0016722408026755853
0 0.570625 0.4005016722408027 0.00125 0.0016722408026755853
0 0.293125 0.3996655518394649 0.00125 0.0033444816053511705
0 0.485625 0.39548494983277593 0.00125 0.0016722408026755853
0 0.1425 0.3979933110367893 0.005 0.006688963210702341
0 0.398125 0.3904682274247492 0.00125 0.0016722408026755853
0 0.394375 0.3904682274247492 0.00125 0.0016722408026755853
0 0.330625 0.3904682274247492 0.00125 0.0016722408026755853
0 0.52875 0.3896321070234114 0.0025 0.0033444816053511705
0 0.498125 0.3904682274247492 0.00625 0.005016722408026756
0 0.3825 0.391304347826087 0.005 0.006688963210702341
0 0.234375 0.387123745819398 0.00125 0.0016722408026755853
0 0.595625 0.3862876254180602 0.00375 0.0033444816053511705
0 0.619375 0.38377926421404684 0.00125 0.0016722408026755853
0 0.594375 0.38377926421404684 0.00125 0.0016722408026755853
0 0.3325 0.3862876254180602 0.005 0.006688963210702341
0 0.143125 0.3879598662207358 0.00625 0.010033444816053512
0 0.309375 0.38461538461538464 0.00125 0.006688963210702341
0 0.305 0.38461538461538464 0.005 0.006688963210702341
0 0.23375 0.38377926421404684 0.0075 0.005016722408026756
0 0.093125 0.38127090301003347 0.00375 0.006688963210702341
0 0.090625 0.3770903010033445 0.00125 0.0016722408026755853
0 0.3325 0.3779264214046823 0.005 0.006688963210702341
0 0.099375 0.3754180602006689 0.00125 0.0016722408026755853
0 0.09625 0.3787625418060201 0.0075 0.008361204013377926
0 0.789375 0.3737458193979933 0.00125 0.0016722408026755853
0 0.551875 0.3737458193979933 0.00125 0.0016722408026755853
0 0.388125 0.3737458193979933 0.00125 0.0016722408026755853
0 0.79875 0.3729096989966555 0.0025 0.0033444816053511705
0 0.795 0.3720735785953177 0.0025 0.005016722408026756
0 0.489375 0.3704013377926421 0.00125 0.0016722408026755853
0 0.4875 0.3754180602006689 0.005 0.011705685618729096
0 0.421875 0.3704013377926421 0.00125 0.0016722408026755853
0 0.859375 0.36872909698996653 0.00125 0.0016722408026755853
0 0.52125 0.36872909698996653 0.0025 0.0016722408026755853
0 0.619375 0.36789297658862874 0.00125 0.0033444816053511705
0 0.59 0.36789297658862874 0.0025 0.0033444816053511705
0 0.42125 0.36705685618729095 0.0025 0.0016722408026755853
0 0.140625 0.36705685618729095 0.00125 0.0016722408026755853
0 0.798125 0.3637123745819398 0.00375 0.0016722408026755853
0 0.589375 0.3637123745819398 0.00125 0.0016722408026755853
0 0.420625 0.3637123745819398 0.00125 0.0016722408026755853
0 0.140625 0.3637123745819398 0.00125 0.0016722408026755853
0 0.754375 0.3603678929765886 0.00125 0.0016722408026755853
0 0.751875 0.3603678929765886 0.00125 0.0016722408026755853
0 0.329375 0.3603678929765886 0.00125 0.0016722408026755853
0 0.499375 0.358695652173913 0.00125 0.0016722408026755853
0 0.140625 0.3595317725752508 0.00125 0.0033444816053511705
0 0.85875 0.3595317725752508 0.0025 0.006688963210702341
0 0.436875 0.35702341137123744 0.00125 0.0016722408026755853
0 0.753125 0.35618729096989965 0.00375 0.0033444816053511705
0 0.433125 0.35535117056856186 0.00375 0.0016722408026755853
0 0.750625 0.3536789297658863 0.00125 0.0016722408026755853
0 0.57375 0.35451505016722407 0.0025 0.0033444816053511705
0 0.856875 0.35451505016722407 0.00375 0.006688963210702341
0 0.199375 0.3520066889632107 0.00125 0.0016722408026755853
0 0.859375 0.3503344481605351 0.00125 0.0016722408026755853
0 0.629375 0.3486622073578595 0.00125 0.0016722408026755853
0 0.588125 0.3494983277591973 0.00375 0.0033444816053511705
0 0.576875 0.3486622073578595 0.00125 0.0016722408026755853
0 0.57375 0.3503344481605351 0.005 0.005016722408026756
0 0.438125 0.3486622073578595 0.00125 0.0016722408026755853
0 0.746875 0.34698996655518394 0.00125 0.0016722408026755853
0 0.62875 0.34531772575250835 0.0025 0.0016722408026755853
0 0.590625 0.34531772575250835 0.00125 0.0016722408026755853
0 0.39875 0.34615384615384615 0.0025 0.0033444816053511705
0 0.50375 0.34448160535117056 0.0025 0.0033444816053511705
0 0.22375 0.34782608695652173 0.0075 0.010033444816053512
0 0.8225 0.34448160535117056 0.005 0.006688963210702341
0 0.42875 0.3494983277591973 0.01 0.016722408026755852
0 0.223125 0.3411371237458194 0.00375 0.006688963210702341
0 0.59375 0.3403010033444816 0.0075 0.008361204013377926
0 0.220625 0.33695652173913043 0.00125 0.0016722408026755853
0 0.415 0.3377926421404682 0.0025 0.006688963210702341
0 0.233125 0.33612040133779264 0.00375 0.0033444816053511705
0 0.229375 0.33528428093645485 0.00125 0.0016722408026755853
0 0.226875 0.338628762541806 0.00875 0.008361204013377926
0 0.415625 0.3319397993311037 0.00125 0.0016722408026755853
0 0.250625 0.3302675585284281 0.00125 0.0016722408026755853
0 0.133125 0.33528428093645485 0.00625 0.011705685618729096
0 0.250625 0.3269230769230769 0.00125 0.0016722408026755853
0 0.84625 0.3302675585284281 0.0075 0.011705685618729096
0 0.628125 0.32525083612040134 0.00125 0.0016722408026755853
0 0.611875 0.32525083612040134 0.00125 0.0016722408026755853
0 0.3875 0.32525083612040134 0.0025 0.0016722408026755853
0 0.438125 0.32608695652173914 0.00125 0.006688963210702341
0 0.8475 0.32357859531772576 0.005 0.005016722408026756
0 0.843125 0.3219063545150502 0.00125 0.0016722408026755853
0 0.839375 0.3219063545150502 0.00125 0.0016722408026755853
0 0.615625 0.32274247491638797 0.00375 0.0033444816053511705
0 0.435 0.32441471571906355 0.0025 0.006688963210702341
0 0.389375 0.3219063545150502 0.00125 0.0016722408026755853
0 0.385625 0.3219063545150502 0.00125 0.0016722408026755853
0 0.363125 0.3219063545150502 0.00125 0.0016722408026755853
0 0.158125 0.32274247491638797 0.00125 0.0033444816053511705
0 0.140625 0.3219063545150502 0.00125 0.0016722408026755853
0 0.1325 0.32441471571906355 0.005 0.006688963210702341
0 0.56875 0.318561872909699 0.0025 0.0016722408026755853
0 0.16125 0.3193979933110368 0.0025 0.0033444816053511705
0 0.429375 0.3168896321070234 0.00125 0.0016722408026755853
0 0.160625 0.31521739130434784 0.00125 0.0016722408026755853
0 0.390625 0.31187290969899667 0.00125 0.0016722408026755853
0 0.160625 0.31187290969899667 0.00125 0.0016722408026755853
0 0.59125 0.3102006688963211 0.0025 0.0016722408026755853
0 0.741875 0.3093645484949833 0.00375 0.0033444816053511705
0 0.6075 0.3110367892976589 0.005 0.006688963210702341
0 0.568125 0.3085284280936455 0.00125 0.0016722408026755853
0 0.5625 0.3102006688963211 0.005 0.005016722408026756
0 0.3575 0.3110367892976589 0.005 0.006688963210702341
0 0.3525 0.31270903010033446 0.0075 0.010033444816053512
0 0.636875 0.3068561872909699 0.00125 0.0016722408026755853
0 0.390625 0.3068561872909699 0.00125 0.0016722408026755853
0 0.388125 0.3068561872909699 0.00125 0.0016722408026755853
0 0.256875 0.3068561872909699 0.00125 0.0016722408026755853
0 0.240625 0.3068561872909699 0.00125 0.0016722408026755853
0 0.16125 0.3076923076923077 0.0025 0.0033444816053511705
0 0.639375 0.3060200668896321 0.00125 0.0033444816053511705
0 0.62875 0.3060200668896321 0.0025 0.0033444816053511705
0 0.259375 0.3060200668896321 0.00125 0.0033444816053511705
0 0.559375 0.30351170568561875 0.00125 0.0016722408026755853
0 0.440625 0.30351170568561875 0.00125 0.0016722408026755853
0 0.8025 0.30434782608695654 0.005 0.006688963210702341
0 0.8375 0.3704013377926421 0.045 0.14214046822742474
0 0.75125 0.29515050167224083 0.0025 0.0016722408026755853
0 0.370625 0.29515050167224083 0.00125 0.0016722408026755853
0 0.3375 0.2976588628762542 0.005 0.006688963210702341
0 0.783125 0.29180602006688966 0.00125 0.0016722408026755853
0 0.750625 0.29180602006688966 0.00125 0.0016722408026755853
0 0.620625 0.29180602006688966 0.00125 0.0016722408026755853
0 0.58875 0.29264214046822745 0.0025 0.0033444816053511705
0 0.58125 0.29264214046822745 0.0025 0.0033444816053511705
0 0.4375 0.29264214046822745 0.0025 0.0033444816053511705
0 0.27875 0.29264214046822745 0.0025 0.0033444816053511705
0 0.274375 0.29264214046822745 0.00375 0.0033444816053511705
0 0.275625 0.290133779264214 0.00125 0.0016722408026755853
0 0.151875 0.28762541806020064 0.00125 0.006688963210702341
0 0.37375 0.2826086956521739 0.0075 0.006688963210702341
0 0.219375 0.2801003344481605 0.00125 0.0016722408026755853
0 0.2125 0.2801003344481605 0.0025 0.0016722408026755853
0 0.65875 0.2792642140468227 0.0025 0.0033444816053511705
0 0.655 0.2792642140468227 0.0025 0.0033444816053511705
0 0.375625 0.27675585284280935 0.00125 0.0016722408026755853
0 0.219375 0.27675585284280935 0.00125 0.0016722408026755853
0 0.658125 0.27508361204013376 0.00375 0.0016722408026755853
0 0.654375 0.27508361204013376 0.00125 0.0016722408026755853
0 0.37875 0.27759197324414714 0.0025 0.006688963210702341
0 0.390625 0.270066889632107 0.00125 0.0016722408026755853
0 0.599375 0.2683946488294314 0.00125 0.0016722408026755853
0 0.620625 0.26672240802675584 0.00125 0.0016722408026755853
0 0.818125 0.2600334448160535 0.00375 0.0016722408026755853
0 0.814375 0.2600334448160535 0.00125 0.0016722408026755853
0 0.33375 0.2633779264214047 0.0075 0.008361204013377926
0 0.330625 0.25668896321070234 0.00125 0.0016722408026755853
0 0.81875 0.25585284280936454 0.0025 0.0033444816053511705
0 0.815 0.25585284280936454 0.0025 0.0033444816053511705
0 0.2775 0.25668896321070234 0.005 0.005016722408026756
0 0.273125 0.25501672240802675 0.00125 0.0016722408026755853
0 0.169375 0.25585284280936454 0.00375 0.0033444816053511705
0 0.743125 0.25334448160535117 0.00125 0.0016722408026755853
0 0.594375 0.25334448160535117 0.00125 0.0016722408026755853
0 0.331875 0.25334448160535117 0.00125 0.0016722408026755853
0 0.26875 0.25418060200668896 0.0025 0.0033444816053511705
0 0.669375 0.2516722408026756 0.00125 0.0016722408026755853
0 0.598125 0.2525083612040134 0.00375 0.0033444816053511705
0 0.66875 0.24832775919732442 0.0025 0.0016722408026755853
0 0.668125 0.24498327759197325 0.00125 0.0016722408026755853
0 0.613125 0.2399665551839465 0.00125 0.0016722408026755853
0 0.710625 0.2382943143812709 0.00125 0.0016722408026755853
0 0.33125 0.2391304347826087 0.0025 0.006688963210702341
0 0.710625 0.23494983277591974 0.00125 0.0016722408026755853
0 0.8075 0.23076923076923078 0.005 0.006688963210702341
0 0.253125 0.22826086956521738 0.00125 0.0016722408026755853
0 0.209375 0.22909698996655517 0.00375 0.0033444816053511705
0 0.679375 0.22157190635451504 0.00125 0.0016722408026755853
0 0.238125 0.2157190635451505 0.00375 0.0033444816053511705
0 0.230625 0.2157190635451505 0.00375 0.0033444816053511705
0 0.22125 0.2157190635451505 0.0025 0.0033444816053511705
0 0.689375 0.21153846153846154 0.00125 0.0016722408026755853
0 0.689375 0.20819397993311037 0.00125 0.0016722408026755853
0 0.72375 0.20150501672240803 0.0025 0.0016722408026755853
0 0.3225 0.2040133779264214 0.005 0.006688963210702341
0 0.459375 0.19816053511705686 0.00125 0.0016722408026755853
0 0.7975 0.20234113712374582 0.005 0.013377926421404682
0 0.456875 0.1939799331103679 0.00375 0.006688963210702341
0 0.7975 0.19063545150501673 0.005 0.006688963210702341
0 0.6875 0.19063545150501673 0.005 0.006688963210702341
0 0.493125 0.18896321070234115 0.00375 0.0033444816053511705
0 0.489375 0.18812709030100336 0.00125 0.0016722408026755853
0 0.45875 0.18812709030100336 0.0025 0.008361204013377926
0 0.789375 0.1797658862876254 0.00125 0.0016722408026755853
0 0.5875 0.17725752508361203 0.005 0.006688963210702341
0 0.469375 0.17307692307692307 0.00125 0.0016722408026755853
0 0.731875 0.17224080267558528 0.00375 0.0033444816053511705
0 0.661875 0.17224080267558528 0.00125 0.0033444816053511705
0 0.7875 0.17224080267558528 0.005 0.006688963210702341
0 0.49375 0.1705685618729097 0.005 0.006688963210702341
0 0.549375 0.16638795986622074 0.00125 0.0016722408026755853
0 0.469375 0.16638795986622074 0.00125 0.0016722408026755853
0 0.7875 0.16387959866220736 0.005 0.006688963210702341
0 0.605 0.16387959866220736 0.0025 0.006688963210702341
0 0.475625 0.1596989966555184 0.00125 0.0016722408026755853
0 0.671875 0.1588628762541806 0.00125 0.0033444816053511705
0 0.47375 0.15719063545150502 0.0025 0.0033444816053511705
0 0.615 0.15468227424749165 0.0025 0.0016722408026755853
0 0.61125 0.15468227424749165 0.0025 0.0016722408026755853
0 0.618125 0.15133779264214048 0.00125 0.0016722408026755853
0 0.611875 0.15133779264214048 0.00125 0.0016722408026755853
0 0.380625 0.15133779264214048 0.00125 0.0016722408026755853
0 0.615 0.1496655518394649 0.0025 0.0016722408026755853
0 0.7775 0.1505016722408027 0.005 0.006688963210702341
0 0.769375 0.1479933110367893 0.00125 0.0016722408026755853
0 0.62125 0.15133779264214048 0.0075 0.008361204013377926
0 0.610625 0.1479933110367893 0.00125 0.0016722408026755853
0 0.369375 0.1479933110367893 0.00125 0.0016722408026755853
0 0.363125 0.1479933110367893 0.00125 0.0016722408026755853
0 0.336875 0.1479933110367893 0.00125 0.0016722408026755853
0 0.3325 0.1496655518394649 0.005 0.005016722408026756
0 0.630625 0.14632107023411373 0.00125 0.0016722408026755853
0 0.564375 0.14715719063545152 0.00125 0.0033444816053511705
0 0.550625 0.14297658862876253 0.00125 0.0016722408026755853
0 0.5275 0.14464882943143811 0.005 0.005016722408026756
0 0.566875 0.14715719063545152 0.00625 0.013377926421404682
0 0.528125 0.13963210702341136 0.00125 0.0016722408026755853
0 0.6625 0.13795986622073578 0.0025 0.0016722408026755853
0 0.756875 0.13879598662207357 0.00625 0.006688963210702341
0 0.664375 0.1346153846153846 0.00125 0.0016722408026755853
0 0.660625 0.1346153846153846 0.00125 0.0016722408026755853
0 0.724375 0.13294314381270902 0.00125 0.0016722408026755853
0 0.589375 0.13294314381270902 0.00125 0.0016722408026755853
0 0.749375 0.13127090301003344 0.00125 0.0016722408026755853
0 0.62125 0.13210702341137123 0.0025 0.0033444816053511705
0 0.625 0.13127090301003344 0.0025 0.005016722408026756
0 0.5975 0.13043478260869565 0.005 0.006688963210702341
0 0.52 0.1262541806020067 0.0025 0.0016722408026755853
0 0.52625 0.13043478260869565 0.0075 0.013377926421404682
0 0.720625 0.12290969899665552 0.00125 0.0016722408026755853
0 0.621875 0.12290969899665552 0.00375 0.0016722408026755853
0 0.49625 0.12374581939799331 0.0025 0.0033444816053511705
0 0.5275 0.12290969899665552 0.005 0.005016722408026756
0 0.523125 0.12123745819397994 0.00125 0.0016722408026755853
0 0.596875 0.12207357859531773 0.00625 0.006688963210702341
0 0.479375 0.11956521739130435 0.00125 0.0016722408026755853
0 0.739375 0.11789297658862877 0.00125 0.0016722408026755853
0 0.72125 0.11872909698996656 0.0025 0.0033444816053511705
0 0.4975 0.11872909698996656 0.0025 0.0033444816053511705
0 0.380625 0.11622073578595318 0.00125 0.0016722408026755853
0 0.738125 0.11454849498327759 0.00125 0.0016722408026755853
0 0.6075 0.11705685618729098 0.005 0.006688963210702341
0 0.720625 0.112876254180602 0.00125 0.0016722408026755853
0 0.50875 0.11454849498327759 0.0025 0.005016722408026756
0 0.478125 0.112876254180602 0.00125 0.0016722408026755853
0 0.5025 0.11120401337792642 0.0025 0.0016722408026755853
0 0.50875 0.10869565217391304 0.0025 0.0033444816053511705
0 0.505 0.10869565217391304 0.0025 0.0033444816053511705
0 0.538125 0.10618729096989966 0.00125 0.0016722408026755853
0 0.65875 0.10535117056856187 0.0025 0.0033444816053511705
0 0.54125 0.10535117056856187 0.0025 0.0033444816053511705
0 0.510625 0.10117056856187291 0.00125 0.0016722408026755853
0 0.7375 0.09698996655518395 0.005 0.006688963210702341
0 0.620625 0.09448160535117058 0.00125 0.0016722408026755853
0 0.609375 0.09448160535117058 0.00125 0.0016722408026755853
0 0.606875 0.09448160535117058 0.00125 0.0016722408026755853
0 0.570625 0.09448160535117058 0.00125 0.0016722408026755853
0 0.563125 0.09448160535117058 0.00125 0.0016722408026755853
0 0.620625 0.08779264214046822 0.00125 0.0016722408026755853
0 0.500625 0.08277591973244147 0.00125 0.0016722408026755853
0 0.480625 0.08110367892976589 0.00125 0.0016722408026755853
0 0.659375 0.07274247491638795 0.00125 0.0016722408026755853
0 0.62375 0.07357859531772576 0.0025 0.0033444816053511705
0 0.620625 0.07274247491638795 0.00125 0.0016722408026755853
0 0.636875 0.07190635451505016 0.00375 0.0033444816053511705
0 0.50375 0.07525083612040134 0.0075 0.010033444816053512
0 0.380625 0.07107023411371237 0.00125 0.0016722408026755853
0 0.54875 0.07190635451505016 0.0025 0.006688963210702341
0 0.709375 0.06856187290969899 0.00125 0.0033444816053511705
0 0.76 0.22073578595317725 0.12 0.3076923076923077
0 0.638125 0.0677257525083612 0.00125 0.0016722408026755853
0 0.635625 0.0677257525083612 0.00125 0.0016722408026755853
0 0.626875 0.0677257525083612 0.00125 0.0016722408026755853
0 0.62375 0.06939799331103678 0.005 0.005016722408026756
0 0.4775 0.06939799331103678 0.005 0.005016722408026756
0 0.473125 0.0677257525083612 0.00125 0.0016722408026755853
0 0.461875 0.0677257525083612 0.00125 0.0016722408026755853
0 0.433125 0.05434782608695652 0.00125 0.0016722408026755853
0 0.386875 0.05434782608695652 0.00125 0.0016722408026755853
0 0.3825 0.056020066889632104 0.005 0.005016722408026756
0 0.429375 0.04180602006688963 0.00125 0.0033444816053511705
0 0.426875 0.04096989966555184 0.00125 0.0016722408026755853
0 0.35 0.5150501672240803 0.68 0.9498327759197325
0 0.496875 0.029264214046822744 0.00125 0.0016722408026755853
0 0.516875 0.027591973244147156 0.00125 0.0016722408026755853
0 0.504375 0.027591973244147156 0.00125 0.0016722408026755853
0 0.5 0.027591973244147156 0.0025 0.0016722408026755853
0 0.5475 0.016722408026755852 0.005 0.006688963210702341
0 0.530625 0.014214046822742474 0.00125 0.0016722408026755853
0 0.525 0.06020066889632107 0.07 0.09364548494983277
