0 0.9203786191536748 0.9881818181818182 0.0011135857461024498 0.0018181818181818182
0 0.8914253897550112 0.9872727272727273 0.0011135857461024498 0.0036363636363636364
0 0.8914253897550112 0.9790909090909091 0.0011135857461024498 0.0018181818181818182
0 0.8379732739420935 0.9736363636363636 0.0011135857461024498 0.0018181818181818182
0 0.8357461024498887 0.9736363636363636 0.0011135857461024498 0.0018181818181818182
0 0.970489977728285 0.9681818181818181 0.0011135857461024498 0.0018181818181818182
0 0.829064587973274 0.9572727272727273 0.0011135857461024498 0.0018181818181818182
0 0.8301781737193764 0.9536363636363636 0.0011135857461024498 0.0018181818181818182
0 0.8301781737193764 0.95 0.0011135857461024498 0.0018181818181818182
0 0.9883073496659243 0.9427272727272727 0.0011135857461024498 0.0018181818181818182
0 0.9860801781737194 0.9381818181818182 0.0033407572383073497 0.007272727272727273
0 0.9832962138084632 0.9327272727272727 0.0022271714922048997 0.0036363636363636364
0 0.987750556792873 0.9327272727272727 0.0022271714922048997 0.007272727272727273
0 0.9855233853006682 0.9281818181818182 0.0022271714922048997 0.005454545454545455
0 0.9883073496659243 0.9045454545454545 0.0011135857461024498 0.0018181818181818182
0 0.984966592427617 0.9027272727272727 0.0011135857461024498 0.0018181818181818182
0 0.829064587973274 0.8936363636363637 0.0011135857461024498 0.0018181818181818182
0 0.85913140311804 0.89 0.0011135857461024498 0.0018181818181818182
0 0.30902004454342985 0.8718181818181818 0.0011135857461024498 0.0018181818181818182
0 0.29955456570155903 0.8718181818181818 0.0022271714922048997 0.0018181818181818182
0 0.2795100222717149 0.8718181818181818 0.0022271714922048997 0.0018181818181818182
0 0.3201559020044543 0.87 0.0011135857461024498 0.0018181818181818182
0 0.3201559020044543 0.8654545454545455 0.0011135857461024498 0.0036363636363636364
0 0.829064587973274 0.8590909090909091 0.0011135857461024498 0.0018181818181818182
0 0.4081291759465479 0.8572727272727273 0.0011135857461024498 0.0018181818181818182
0 0.405902004454343 0.8572727272727273 0.0011135857461024498 0.0018181818181818182
0 0.9693763919821826 0.8554545454545455 0.005567928730512249 0.005454545454545455
0 0.9626948775055679 0.8536363636363636 0.0011135857461024498 0.0018181818181818182
0 0.8646993318485523 0.8518181818181818 0.0011135857461024498 0.0018181818181818182
0 0.4070155902004454 0.8527272727272728 0.0033407572383073497 0.0036363636363636364
0 0.40924276169265034 0.85 0.0011135857461024498 0.0018181818181818182
0 0.9426503340757239 0.8427272727272728 0.0011135857461024498 0.0018181818181818182
0 0.9359688195991092 0.8427272727272728 0.0011135857461024498 0.0018181818181818182
0 0.9265033407572383 0.8427272727272728 0.0022271714922048997 0.0018181818181818182
0 0.923162583518931 0.8427272727272728 0.0022271714922048997 0.0018181818181818182
0 0.9125835189309577 0.8427272727272728 0.0011135857461024498 0.0018181818181818182
0 0.41815144766146994 0.8427272727272728 0.0011135857461024498 0.0018181818181818182
0 0.9398663697104677 0.8418181818181818 0.0022271714922048997 0.0036363636363636364
0 0.9337416481069042 0.8409090909090909 0.0011135857461024498 0.0018181818181818182
0 0.4142538975501114 0.8418181818181818 0.0022271714922048997 0.0036363636363636364
0 0.9304008908685969 0.84 0.0033407572383073497 0.007272727272727273
0 0.41815144766146994 0.8372727272727273 0.0011135857461024498 0.0018181818181818182
0 0.227728285077951 0.8281818181818181 0.0011135857461024498 0.0018181818181818182
0 0.2255011135857461 0.8281818181818181 0.0011135857461024498 0.0018181818181818182
0 0.594097995545657 0.8136363636363636 0.0011135857461024498 0.0018181818181818182
0 0.4354120267260579 0.8118181818181818 0.0022271714922048997 0.0018181818181818182
0 0.5963251670378619 0.81 0.0011135857461024498 0.0018181818181818182
0 0.984966592427617 0.7990909090909091 0.0011135857461024498 0.0018181818181818182
0 0.6030066815144766 0.7990909090909091 0.0011135857461024498 0.0018181818181818182
0 0.5534521158129176 0.7981818181818182 0.0022271714922048997 0.0036363636363636364
0 0.4448775055679287 0.7954545454545454 0.0011135857461024498 0.0018181818181818182
0 0.20044543429844097 0.7963636363636364 0.004454342984409799 0.007272727272727273
0 0.1965478841870824 0.7963636363636364 0.0011135857461024498 0.007272727272727273
0 0.984966592427617 0.7863636363636364 0.0011135857461024498 0.0018181818181818182
0 0.4521158129175947 0.7818181818181819 0.004454342984409799 0.007272727272727273
0 0.6052338530066815 0.7772727272727272 0.0011135857461024498 0.0018181818181818182
0 0.844097995545657 0.7745454545454545 0.004454342984409799 0.007272727272727273
0 0.6074610244988864 0.77 0.0011135857461024498 0.0018181818181818182
0 0.8557906458797327 0.7581818181818182 0.0011135857461024498 0.0036363636363636364
0 0.45601336302895323 0.7554545454545455 0.0011135857461024498 0.0018181818181818182
0 0.18986636971046772 0.7563636363636363 0.0011135857461024498 0.0036363636363636364
0 0.1876391982182628 0.7554545454545455 0.0011135857461024498 0.0018181818181818182
0 0.8569042316258352 0.7536363636363637 0.0011135857461024498 0.0018181818181818182
0 0.1876391982182628 0.7518181818181818 0.0011135857461024498 0.0018181818181818182
0 0.8557906458797327 0.75 0.0011135857461024498 0.0018181818181818182
0 0.6135857461024499 0.7454545454545455 0.0022271714922048997 0.0036363636363636364
0 0.45824053452115815 0.7427272727272727 0.0011135857461024498 0.0018181818181818182
0 0.8468819599109132 0.740909090909091 0.0011135857461024498 0.0018181818181818182
0 0.4621380846325167 0.7354545454545455 0.0022271714922048997 0.012727272727272728
0 0.8491091314031181 0.7327272727272728 0.005567928730512249 0.01090909090909091
0 0.5506681514476615 0.7290909090909091 0.0011135857461024498 0.0036363636363636364
0 0.9793986636971047 0.7263636363636363 0.0011135857461024498 0.0018181818181818182
0 0.9638084632516704 0.7227272727272728 0.0011135857461024498 0.0018181818181818182
0 0.9660356347438753 0.7209090909090909 0.0011135857461024498 0.0018181818181818182
0 0.8891982182628062 0.7154545454545455 0.0011135857461024498 0.0018181818181818182
0 0.8858574610244989 0.7154545454545455 0.0033407572383073497 0.005454545454545455
0 0.8825167037861915 0.7136363636363636 0.0011135857461024498 0.0018181818181818182
0 0.18875278396436526 0.7172727272727273 0.0033407572383073497 0.00909090909090909
0 0.8468819599109132 0.7118181818181818 0.0011135857461024498 0.0018181818181818182
0 0.5528953229398663 0.7127272727272728 0.0011135857461024498 0.0036363636363636364
0 0.9159242761692651 0.7009090909090909 0.0011135857461024498 0.0018181818181818182
0 0.9337416481069042 0.7018181818181818 0.014476614699331848 0.007272727272727273
0 0.9248329621380846 0.6990909090909091 0.0011135857461024498 0.0018181818181818182
0 0.9047884187082406 0.6990909090909091 0.0011135857461024498 0.0018181818181818182
0 0.8930957683741648 0.7018181818181818 0.004454342984409799 0.007272727272727273
0 0.871380846325167 0.6990909090909091 0.0011135857461024498 0.0018181818181818182
0 0.8691536748329621 0.6990909090909091 0.0011135857461024498 0.0018181818181818182
0 0.8663697104677061 0.7 0.0022271714922048997 0.0036363636363636364
0 0.8630289532293987 0.7 0.0022271714922048997 0.0036363636363636364
0 0.9086859688195991 0.8436363636363636 0.1603563474387528 0.2909090909090909
0 0.4626948775055679 0.6981818181818182 0.0011135857461024498 0.0036363636363636364
0 0.6230512249443207 0.6963636363636364 0.0011135857461024498 0.0036363636363636364
0 0.6230512249443207 0.6918181818181818 0.0011135857461024498 0.0018181818181818182
0 0.4599109131403118 0.6845454545454546 0.0022271714922048997 0.0018181818181818182
0 0.6219376391982183 0.6845454545454546 0.0033407572383073497 0.005454545454545455
0 0.6224944320712695 0.6790909090909091 0.0022271714922048997 0.0018181818181818182
0 0.6219376391982183 0.6754545454545454 0.0011135857461024498 0.0018181818181818182
0 0.5551224944320713 0.6763636363636364 0.0011135857461024498 0.014545454545454545
0 0.1965478841870824 0.6554545454545454 0.0011135857461024498 0.0018181818181818182
0 0.6302895322939867 0.6509090909090909 0.004454342984409799 0.007272727272727273
0 0.6302895322939867 0.6427272727272727 0.004454342984409799 0.005454545454545455
0 0.19766146993318487 0.6363636363636364 0.0033407572383073497 0.007272727272727273
0 0.4532293986636971 0.6327272727272727 0.0022271714922048997 0.0036363636363636364
0 0.19710467706013363 0.63 0.0022271714922048997 0.0018181818181818182
0 0.4537861915367483 0.6281818181818182 0.0011135857461024498 0.0018181818181818182
0 0.45601336302895323 0.6236363636363637 0.0011135857461024498 0.0036363636363636364
0 0.5623608017817372 0.59 0.0022271714922048997 0.005454545454545455
0 0.6319599109131403 0.5772727272727273 0.0011135857461024498 0.0018181818181818182
0 0.5684855233853007 0.5681818181818182 0.0011135857461024498 0.0018181818181818182
0 0.21603563474387527 0.5709090909090909 0.004454342984409799 0.007272727272727273
0 0.6314031180400891 0.5654545454545454 0.0022271714922048997 0.007272727272727273
0 0.23273942093541203 0.5590909090909091 0.0022271714922048997 0.0018181818181818182
0 0.6297327394209354 0.56 0.0033407572383073497 0.007272727272727273
0 0.6319599109131403 0.5554545454545454 0.0011135857461024498 0.0018181818181818182
0 0.5723830734966593 0.5572727272727273 0.004454342984409799 0.00909090909090909
0 0.4448775055679287 0.5563636363636364 0.0011135857461024498 0.007272727272727273
0 0.44097995545657015 0.5563636363636364 0.004454342984409799 0.007272727272727273
0 0.23608017817371937 0.5545454545454546 0.0022271714922048997 0.0036363636363636364
0 0.23273942093541203 0.5545454545454546 0.0022271714922048997 0.0036363636363636364
0 0.6130289532293987 0.5390909090909091 0.0011135857461024498 0.0018181818181818182
0 0.6080178173719376 0.5390909090909091 0.0022271714922048997 0.0018181818181818182
0 0.5946547884187082 0.5409090909090909 0.0022271714922048997 0.005454545454545455
0 0.5879732739420935 0.6763636363636364 0.08908685968819599 0.27636363636363637
0 0.43429844097995546 0.5390909090909091 0.004454342984409799 0.012727272727272728
0 0.2589086859688196 0.5281818181818182 0.0011135857461024498 0.0018181818181818182
0 0.43429844097995546 0.5272727272727272 0.004454342984409799 0.007272727272727273
0 0.2678173719376392 0.5136363636363637 0.0011135857461024498 0.0018181818181818182
0 0.2767260579064588 0.5063636363636363 0.0011135857461024498 0.0018181818181818182
0 0.41648106904231624 0.49727272727272726 0.004454342984409799 0.005454545454545455
0 0.410913140311804 0.49636363636363634 0.0022271714922048997 0.0036363636363636364
0 0.40924276169265034 0.48818181818181816 0.0011135857461024498 0.0018181818181818182
0 0.28619153674832964 0.4863636363636364 0.0022271714922048997 0.0018181818181818182
0 0.40924276169265034 0.4809090909090909 0.0011135857461024498 0.0018181818181818182
0 0.289532293986637 0.4818181818181818 0.0022271714922048997 0.0036363636363636364
0 0.28619153674832964 0.4818181818181818 0.0022271714922048997 0.0036363636363636364
0 0.2951002227171492 0.4718181818181818 0.0022271714922048997 0.0018181818181818182
0 0.3992204899777283 0.46636363636363637 0.0011135857461024498 0.0018181818181818182
0 0.2984409799554566 0.4672727272727273 0.0022271714922048997 0.0036363636363636364
0 0.2951002227171492 0.4672727272727273 0.0022271714922048997 0.0036363636363636364
0 0.5902004454342984 0.46454545454545454 0.0022271714922048997 0.0018181818181818182
0 0.23552338530066816 0.46454545454545454 0.0011135857461024498 0.0018181818181818182
0 0.23329621380846324 0.46454545454545454 0.0011135857461024498 0.0018181818181818182
0 0.11191536748329621 0.46454545454545454 0.0011135857461024498 0.0018181818181818182
0 0.060690423162583516 0.46454545454545454 0.0011135857461024498 0.0018181818181818182
0 0.2455456570155902 0.4636363636363636 0.0011135857461024498 0.0036363636363636364
0 0.2383073496659243 0.4636363636363636 0.0022271714922048997 0.0036363636363636364
0 0.2143652561247216 0.4627272727272727 0.0011135857461024498 0.0018181818181818182
0 0.10968819599109131 0.4627272727272727 0.0011135857461024498 0.0018181818181818182
0 0.10746102449888642 0.4627272727272727 0.0011135857461024498 0.0018181818181818182
0 0.24832962138084633 0.4627272727272727 0.0022271714922048997 0.005454545454545455
0 0.24164810690423164 0.4618181818181818 0.0022271714922048997 0.0036363636363636364
0 0.11191536748329621 0.46090909090909093 0.0011135857461024498 0.0018181818181818182
0 0.5812917594654788 0.4618181818181818 0.004454342984409799 0.007272727272727273
0 0.10300668151447662 0.46090909090909093 0.005567928730512249 0.005454545454545455
0 0.05679287305122494 0.4590909090909091 0.0066815144766146995 0.012727272727272728
0 0.3897550111358575 0.45454545454545453 0.004454342984409799 0.007272727272727273
0 0.38530066815144765 0.45636363636363636 0.0066815144766146995 0.01090909090909091
0 0.3040089086859688 0.4527272727272727 0.0022271714922048997 0.0036363636363636364
0 0.6341870824053452 0.45 0.0011135857461024498 0.0018181818181818182
0 0.6252783964365256 0.45 0.0011135857461024498 0.0018181818181818182
0 0.2733853006681514 0.45 0.0011135857461024498 0.0018181818181818182
0 0.1475501113585746 0.45 0.0011135857461024498 0.0018181818181818182
0 0.05066815144766147 0.45 0.0011135857461024498 0.0018181818181818182
0 0.1453229398663697 0.4481818181818182 0.0011135857461024498 0.0018181818181818182
0 0.14309576837416482 0.4481818181818182 0.0011135857461024498 0.0018181818181818182
0 0.1475501113585746 0.44636363636363635 0.0011135857461024498 0.0018181818181818182
0 0.0467706013363029 0.4481818181818182 0.004454342984409799 0.005454545454545455
0 0.2828507795100223 0.44727272727272727 0.004454342984409799 0.007272727272727273
0 0.05289532293986637 0.4445454545454545 0.0011135857461024498 0.0018181818181818182
0 0.36469933184855235 0.44363636363636366 0.0011135857461024498 0.0036363636363636364
0 0.36469933184855235 0.4390909090909091 0.0011135857461024498 0.0018181818181818182
0 0.3374164810690423 0.4381818181818182 0.0022271714922048997 0.0036363636363636364
0 0.32516703786191536 0.6545454545454545 0.27616926503340755 0.43636363636363634
0 0.6753897550111359 0.4354545454545454 0.0011135857461024498 0.0018181818181818182
0 0.5473273942093542 0.4354545454545454 0.0011135857461024498 0.0018181818181818182
0 0.5451002227171492 0.4354545454545454 0.0011135857461024498 0.0018181818181818182
0 0.28674832962138086 0.4354545454545454 0.0011135857461024498 0.0018181818181818182
0 0.18429844097995546 0.4354545454545454 0.0011135857461024498 0.0018181818181818182
0 0.18652561247216035 0.43363636363636365 0.0011135857461024498 0.0018181818181818182
0 0.04510022271714922 0.43363636363636365 0.0011135857461024498 0.0018181818181818182
0 0.5462138084632516 0.4309090909090909 0.0033407572383073497 0.0036363636363636364
0 0.5439866369710468 0.42818181818181816 0.0011135857461024498 0.0018181818181818182
0 0.21492204899777284 0.42727272727272725 0.0022271714922048997 0.0036363636363636364
0 0.2906458797327394 0.43 0.0066815144766146995 0.012727272727272728
0 0.6854120267260579 0.4209090909090909 0.0011135857461024498 0.0018181818181818182
0 0.6815144766146993 0.42 0.0022271714922048997 0.0036363636363636364
0 0.5361915367483296 0.42 0.0033407572383073497 0.0036363636363636364
0 0.22216035634743875 0.41909090909090907 0.0011135857461024498 0.0018181818181818182
0 0.037305122494432075 0.42 0.0033407572383073497 0.0036363636363636364
0 0.6926503340757239 0.41818181818181815 0.004454342984409799 0.007272727272727273
0 0.22605790645879734 0.41454545454545455 0.0022271714922048997 0.0036363636363636364
0 0.688195991091314 0.4163636363636364 0.0066815144766146995 0.01090909090909091
0 0.036191536748329624 0.4081818181818182 0.0011135857461024498 0.0018181818181818182
0 0.7110244988864143 0.40636363636363637 0.0011135857461024498 0.0018181818181818182
0 0.6998886414253898 0.40636363636363637 0.0011135857461024498 0.0018181818181818182
0 0.7082405345211581 0.40545454545454546 0.0022271714922048997 0.0036363636363636364
0 0.2388641425389755 0.40454545454545454 0.0011135857461024498 0.0018181818181818182
0 0.7121380846325167 0.4027272727272727 0.0011135857461024498 0.0018181818181818182
0 0.5261692650334076 0.4027272727272727 0.0011135857461024498 0.0018181818181818182
0 0.036191536748329624 0.4027272727272727 0.0011135857461024498 0.0018181818181818182
0 0.5317371937639198 0.4036363636363636 0.0077951002227171495 0.007272727272727273
0 0.529510022271715 0.3990909090909091 0.0033407572383073497 0.0018181818181818182
0 0.036191536748329624 0.39 0.0011135857461024498 0.0018181818181818182
0 0.5100222717149221 0.3890909090909091 0.004454342984409799 0.007272727272727273
0 0.727728285077951 0.3845454545454545 0.0011135857461024498 0.0018181818181818182
0 0.5155902004454342 0.38727272727272727 0.008908685968819599 0.01090909090909091
0 0.5027839643652561 0.37727272727272726 0.0011135857461024498 0.0018181818181818182
0 0.03396436525612472 0.37727272727272726 0.0011135857461024498 0.0018181818181818182
0 0.5027839643652561 0.37363636363636366 0.0011135857461024498 0.0018181818181818182
0 0.33797327394209353 0.3718181818181818 0.0011135857461024498 0.0018181818181818182
0 0.027282850779510023 0.36272727272727273 0.0011135857461024498 0.0018181818181818182
0 0.4910913140311804 0.3618181818181818 0.0022271714922048997 0.0036363636363636364
0 0.4905345211581292 0.3572727272727273 0.0011135857461024498 0.0018181818181818182
0 0.027282850779510023 0.3518181818181818 0.0011135857461024498 0.0018181818181818182
0 0.737750556792873 0.3472727272727273 0.0033407572383073497 0.0036363636363636364
0 0.3596881959910913 0.3472727272727273 0.0022271714922048997 0.0036363636363636364
0 0.37360801781737196 0.3427272727272727 0.0011135857461024498 0.0018181818181818182
0 0.7388641425389755 0.33545454545454545 0.0011135857461024498 0.0018181818181818182
0 0.3814031180400891 0.3327272727272727 0.0033407572383073497 0.0036363636363636364
0 0.3825167037861915 0.3209090909090909 0.0011135857461024498 0.0018181818181818182
0 0.7383073496659243 0.3181818181818182 0.0022271714922048997 0.0036363636363636364
0 0.027282850779510023 0.31727272727272726 0.0011135857461024498 0.0018181818181818182
0 0.3825167037861915 0.31545454545454543 0.0011135857461024498 0.0018181818181818182
0 0.38028953229398665 0.31545454545454543 0.0011135857461024498 0.0018181818181818182
0 0.7371937639198218 0.31545454545454543 0.004454342984409799 0.005454545454545455
0 0.7388641425389755 0.3090909090909091 0.0011135857461024498 0.0036363636363636364
0 0.3903118040089087 0.30454545454545456 0.0011135857461024498 0.0018181818181818182
0 0.3914253897550111 0.3009090909090909 0.0011135857461024498 0.0018181818181818182
0 0.7388641425389755 0.2990909090909091 0.0011135857461024498 0.0018181818181818182
0 0.38697104677060135 0.2990909090909091 0.0011135857461024498 0.0018181818181818182
0 0.3914253897550111 0.2972727272727273 0.0011135857461024498 0.0018181818181818182
0 0.7388641425389755 0.29545454545454547 0.0011135857461024498 0.0018181818181818182
0 0.019487750556792874 0.29 0.0011135857461024498 0.0018181818181818182
0 0.022271714922048998 0.2881818181818182 0.0022271714922048997 0.005454545454545455
0 0.40757238307349664 0.2872727272727273 0.004454342984409799 0.007272727272727273
0 0.018374164810690423 0.26636363636363636 0.0011135857461024498 0.0018181818181818182
0 0.019487750556792874 0.26181818181818184 0.0033407572383073497 0.0036363636363636364
0 0.4955456570155902 0.26 0.0022271714922048997 0.0036363636363636364
0 0.4910913140311804 0.2590909090909091 0.0022271714922048997 0.005454545454545455
0 0.4927616926503341 0.2545454545454545 0.0033407572383073497 0.007272727272727273
0 0.4905345211581292 0.25 0.0011135857461024498 0.0018181818181818182
0 0.4983296213808463 0.24818181818181817 0.0011135857461024498 0.0018181818181818182
0 0.7466592427616926 0.24545454545454545 0.0033407572383073497 0.0036363636363636364
0 0.7477728285077951 0.23363636363636364 0.0011135857461024498 0.0018181818181818182
0 0.4994432071269488 0.23 0.0011135857461024498 0.0018181818181818182
0 0.4994432071269488 0.2190909090909091 0.0011135857461024498 0.0018181818181818182
0 0.017260579064587972 0.21727272727272728 0.0011135857461024498 0.0018181818181818182
0 0.009465478841870824 0.21545454545454545 0.0011135857461024498 0.0018181818181818182
0 0.011692650334075724 0.2109090909090909 0.0033407572383073497 0.007272727272727273
0 0.5061247216035635 0.20454545454545456 0.0011135857461024498 0.0018181818181818182
0 0.01002227171492205 0.20636363636363636 0.0022271714922048997 0.005454545454545455
0 0.4125835189309577 0.20272727272727273 0.0033407572383073497 0.0018181818181818182
0 0.009465478841870824 0.19363636363636363 0.0011135857461024498 0.0018181818181818182
0 0.7444320712694877 0.18454545454545454 0.0011135857461024498 0.0018181818181818182
0 0.7466592427616926 0.18363636363636363 0.0033407572383073497 0.01090909090909091
0 0.7477728285077951 0.17545454545454545 0.0011135857461024498 0.0018181818181818182
0 0.41648106904231624 0.1781818181818182 0.004454342984409799 0.007272727272727273
0 0.517260579064588 0.17363636363636364 0.0011135857461024498 0.0018181818181818182
0 0.009465478841870824 0.16454545454545455 0.0011135857461024498 0.0018181818181818182
0 0.5189309576837416 0.16363636363636364 0.0022271714922048997 0.007272727272727273
0 0.7299554565701559 0.1572727272727273 0.0011135857461024498 0.0018181818181818182
0 0.522271714922049 0.1590909090909091 0.0022271714922048997 0.005454545454545455
0 0.5178173719376392 0.15818181818181817 0.0022271714922048997 0.007272727272727273
0 0.5194877505567929 0.15272727272727274 0.0033407572383073497 0.007272727272727273
0 0.517260579064588 0.1481818181818182 0.0011135857461024498 0.0018181818181818182
0 0.03841870824053452 0.14636363636363636 0.0011135857461024498 0.0018181818181818182
0 0.40924276169265034 0.14454545454545453 0.0011135857461024498 0.0018181818181818182
0 0.4070155902004454 0.1409090909090909 0.0011135857461024498 0.0018181818181818182
0 0.06291759465478843 0.1390909090909091 0.0011135857461024498 0.0018181818181818182
0 0.0645879732739421 0.13545454545454547 0.0022271714922048997 0.0018181818181818182
0 0.7282850779510023 0.13454545454545455 0.004454342984409799 0.007272727272727273
0 0.5489977728285078 0.1318181818181818 0.0022271714922048997 0.0018181818181818182
0 0.08518930957683742 0.13272727272727272 0.0033407572383073497 0.0036363636363636364
0 0.07126948775055679 0.13272727272727272 0.004454342984409799 0.0036363636363636364
0 0.066815144766147 0.13272727272727272 0.0022271714922048997 0.0036363636363636364
0 0.06291759465478843 0.1318181818181818 0.0011135857461024498 0.0018181818181818182
0 0.4042316258351893 0.13 0.0022271714922048997 0.005454545454545455
0 0.4070155902004454 0.12363636363636364 0.0033407572383073497 0.007272727272727273
0 0.5528953229398663 0.1190909090909091 0.0011135857461024498 0.0018181818181818182
0 0.40924276169265034 0.1190909090909091 0.0011135857461024498 0.0018181818181818182
0 0.5551224944320713 0.11727272727272728 0.0011135857461024498 0.0018181818181818182
0 0.7143652561247216 0.10363636363636364 0.0011135857461024498 0.0036363636363636364
0 0.1364142538975501 0.10272727272727272 0.0011135857461024498 0.0018181818181818182
0 0.5885300668151447 0.09545454545454546 0.0011135857461024498 0.0018181818181818182
0 0.589086859688196 0.09 0.0022271714922048997 0.005454545454545455
0 0.1720489977728285 0.08818181818181818 0.0011135857461024498 0.0018181818181818182
0 0.16982182628062362 0.0890909090909091 0.0011135857461024498 0.0036363636363636364
0 0.7071269487750557 0.08545454545454545 0.0022271714922048997 0.0036363636363636364
0 0.7115812917594655 0.08545454545454545 0.0022271714922048997 0.007272727272727273
0 0.205456570155902 0.0809090909090909 0.0011135857461024498 0.0018181818181818182
0 0.5985523385300668 0.07909090909090909 0.0011135857461024498 0.0018181818181818182
0 0.7099109131403119 0.08 0.0033407572383073497 0.007272727272727273
0 0.2076837416481069 0.07818181818181819 0.0033407572383073497 0.0036363636363636364
0 0.7121380846325167 0.07545454545454545 0.0011135857461024498 0.0018181818181818182
0 0.2834075723830735 0.07545454545454545 0.0011135857461024498 0.0018181818181818182
0 0.2806236080178174 0.07636363636363637 0.0022271714922048997 0.0036363636363636364
0 0.5996659242761693 0.07454545454545454 0.005567928730512249 0.0036363636363636364
0 0.3908685968819599 0.07363636363636364 0.0022271714922048997 0.0018181818181818182
0 0.21547884187082406 0.07363636363636364 0.0011135857461024498 0.0018181818181818182
0 0.20879732739420936 0.07363636363636364 0.0011135857461024498 0.0018181818181818182
0 0.20657015590200445 0.07363636363636364 0.0011135857461024498 0.0018181818181818182
0 0.7032293986636972 0.06727272727272728 0.0011135857461024498 0.0036363636363636364
0 0.25334075723830735 0.06636363636363636 0.0033407572383073497 0.0018181818181818182
0 0.25 0.06272727272727273 0.0011135857461024498 0.0018181818181818182
0 0.27561247216035634 0.060909090909090906 0.0011135857461024498 0.0018181818181818182
0 0.6108017817371938 0.05909090909090909 0.0011135857461024498 0.0018181818181818182
0 0.21380846325167038 0.26181818181818184 0.40979955456570155 0.4072727272727273
0 0.2633630289532294 0.05909090909090909 0.0011135857461024498 0.0018181818181818182
0 0.25556792873051226 0.06181818181818182 0.0077951002227171495 0.007272727272727273
0 0.7015590200445434 0.04727272727272727 0.004454342984409799 0.007272727272727273
0 0.6469933184855234 0.03090909090909091 0.0022271714922048997 0.0036363636363636364
0 0.6358574610244989 0.03 0.0022271714922048997 0.0018181818181818182
0 0.6765033407572383 0.016363636363636365 0.0011135857461024498 0.0036363636363636364
0 0.6742761692650334 0.015454545454545455 0.0011135857461024498 0.0018181818181818182
0 0.6191536748329621 0.24 0.2583518930957684 0.4509090909090909
