0 0.3464391691394659 0.988659793814433 0.001483679525222552 0.002061855670103093
0 0.3768545994065282 0.9876288659793815 0.005934718100890208 0.004123711340206186
0 0.33086053412462907 0.9876288659793815 0.002967359050445104 0.004123711340206186
0 0.32270029673590506 0.98659793814433 0.001483679525222552 0.002061855670103093
0 0.28560830860534125 0.9876288659793815 0.001483679525222552 0.004123711340206186
0 0.3694362017804154 0.98659793814433 0.002967359050445104 0.006185567010309278
0 0.3775964391691395 0.9824742268041237 0.004451038575667656 0.002061855670103093
0 0.37166172106824924 0.9824742268041237 0.001483679525222552 0.002061855670103093
0 0.36275964391691395 0.9845360824742269 0.00741839762611276 0.006185567010309278
0 0.37908011869436203 0.9783505154639175 0.001483679525222552 0.002061855670103093
0 0.28560830860534125 0.9783505154639175 0.001483679525222552 0.002061855670103093
0 0.9384272997032641 0.9721649484536082 0.001483679525222552 0.002061855670103093
0 0.47700296735905046 0.9721649484536082 0.001483679525222552 0.002061855670103093
0 0.263353115727003 0.9721649484536082 0.001483679525222552 0.002061855670103093
0 0.2603857566765579 0.9721649484536082 0.001483679525222552 0.002061855670103093
0 0.6224035608308606 0.9711340206185567 0.013353115727002967 0.004123711340206186
0 0.47181008902077154 0.9711340206185567 0.005934718100890208 0.004123711340206186
0 0.9228486646884273 0.9701030927835051 0.002967359050445104 0.006185567010309278
0 0.46439169139465875 0.9701030927835051 0.005934718100890208 0.006185567010309278
0 0.4577151335311573 0.9701030927835051 0.004451038575667656 0.006185567010309278
0 0.25 0.9618556701030928 0.001483679525222552 0.002061855670103093
0 0.723293768545994 0.9556701030927836 0.001483679525222552 0.002061855670103093
0 0.6951038575667656 0.9556701030927836 0.001483679525222552 0.002061855670103093
0 0.20548961424332343 0.9556701030927836 0.001483679525222552 0.002061855670103093
0 0.7181008902077152 0.954639175257732 0.002967359050445104 0.004123711340206186
0 0.6906528189910979 0.954639175257732 0.004451038575667656 0.004123711340206186
0 0.6862017804154302 0.954639175257732 0.001483679525222552 0.004123711340206186
0 0.20252225519287834 0.954639175257732 0.001483679525222552 0.004123711340206186
0 0.7210682492581603 0.9515463917525773 0.002967359050445104 0.002061855670103093
0 0.6817507418397626 0.9536082474226805 0.004451038575667656 0.006185567010309278
0 0.723293768545994 0.9474226804123711 0.001483679525222552 0.002061855670103093
0 0.9844213649851632 0.9432989690721649 0.001483679525222552 0.002061855670103093
0 0.7307121661721068 0.9391752577319588 0.001483679525222552 0.002061855670103093
0 0.19065281899109793 0.9391752577319588 0.001483679525222552 0.002061855670103093
0 0.9873887240356083 0.9381443298969072 0.001483679525222552 0.004123711340206186
0 0.7388724035608308 0.9381443298969072 0.002967359050445104 0.004123711340206186
0 0.766320474777448 0.9371134020618557 0.004451038575667656 0.006185567010309278
0 0.18100890207715134 0.9360824742268041 0.005934718100890208 0.008247422680412371
0 0.9903560830860534 0.9226804123711341 0.001483679525222552 0.002061855670103093
0 0.8301186943620178 0.9226804123711341 0.001483679525222552 0.002061855670103093
0 0.8123145400593472 0.9226804123711341 0.001483679525222552 0.002061855670103093
0 0.8093471810089021 0.9226804123711341 0.001483679525222552 0.002061855670103093
0 0.15652818991097922 0.9226804123711341 0.001483679525222552 0.002061855670103093
0 0.8160237388724035 0.9216494845360824 0.002967359050445104 0.004123711340206186
0 0.15281899109792285 0.9216494845360824 0.002967359050445104 0.004123711340206186
0 0.8204747774480712 0.9206185567010309 0.002967359050445104 0.006185567010309278
0 0.8234421364985163 0.9164948453608247 0.002967359050445104 0.002061855670103093
0 0.1609792284866469 0.9195876288659793 0.00741839762611276 0.008247422680412371
0 0.8271513353115727 0.9185567010309278 0.00741839762611276 0.010309278350515464
0 0.16023738872403562 0.9144329896907216 0.002967359050445104 0.002061855670103093
0 0.892433234421365 0.9061855670103093 0.001483679525222552 0.002061855670103093
0 0.8523738872403561 0.9061855670103093 0.001483679525222552 0.002061855670103093
0 0.13130563798219586 0.9061855670103093 0.001483679525222552 0.002061855670103093
0 0.12091988130563798 0.9061855670103093 0.001483679525222552 0.002061855670103093
0 0.8909495548961425 0.9 0.001483679525222552 0.002061855670103093
0 0.892433234421365 0.8948453608247423 0.004451038575667656 0.004123711340206186
0 0.994807121661721 0.8927835051546392 0.004451038575667656 0.004123711340206186
0 0.09124629080118694 0.8896907216494845 0.001483679525222552 0.002061855670103093
0 0.8649851632047477 0.8876288659793814 0.002967359050445104 0.006185567010309278
0 0.08605341246290801 0.8876288659793814 0.005934718100890208 0.006185567010309278
0 0.865727002967359 0.877319587628866 0.001483679525222552 0.002061855670103093
0 0.08086053412462908 0.8731958762886598 0.001483679525222552 0.002061855670103093
0 0.07566765578635015 0.8670103092783505 0.008902077151335312 0.01443298969072165
0 0.892433234421365 0.8628865979381444 0.004451038575667656 0.010309278350515464
0 0.06528189910979229 0.8546391752577319 0.002967359050445104 0.006185567010309278
0 0.06083086053412463 0.8546391752577319 0.002967359050445104 0.006185567010309278
0 0.9829376854599406 0.843298969072165 0.004451038575667656 0.004123711340206186
0 0.908753709198813 0.8422680412371134 0.001483679525222552 0.002061855670103093
0 0.04896142433234421 0.8381443298969072 0.002967359050445104 0.006185567010309278
0 0.04821958456973294 0.831958762886598 0.001483679525222552 0.002061855670103093
0 0.9436201780415431 0.8989690721649485 0.10682492581602374 0.14845360824742268
0 0.037091988130563795 0.822680412371134 0.002967359050445104 0.004123711340206186
0 0.03635014836795252 0.8175257731958763 0.001483679525222552 0.002061855670103093
0 0.8753709198813057 0.8123711340206186 0.005934718100890208 0.008247422680412371
0 0.026706231454005934 0.7969072164948454 0.005934718100890208 0.010309278350515464
0 0.024480712166172106 0.7865979381443299 0.001483679525222552 0.002061855670103093
0 0.8649851632047477 0.777319587628866 0.002967359050445104 0.004123711340206186
0 0.865727002967359 0.7721649484536083 0.001483679525222552 0.002061855670103093
0 0.865727002967359 0.7670103092783506 0.001483679525222552 0.004123711340206186
0 0.865727002967359 0.7618556701030927 0.001483679525222552 0.002061855670103093
0 0.8642433234421365 0.7577319587628866 0.001483679525222552 0.002061855670103093
0 0.04821958456973294 0.7536082474226804 0.001483679525222552 0.002061855670103093
0 0.012611275964391691 0.7536082474226804 0.001483679525222552 0.002061855670103093
0 0.04821958456973294 0.7494845360824742 0.001483679525222552 0.002061855670103093
0 0.8649851632047477 0.7453608247422681 0.002967359050445104 0.006185567010309278
0 0.8605341246290801 0.743298969072165 0.002967359050445104 0.002061855670103093
0 0.8538575667655787 0.7164948453608248 0.001483679525222552 0.002061855670103093
0 0.8531157270029673 0.711340206185567 0.002967359050445104 0.004123711340206186
0 0.8160237388724035 0.6969072164948453 0.005934718100890208 0.008247422680412371
0 0.024480712166172106 0.6896907216494845 0.001483679525222552 0.002061855670103093
0 0.02596439169139466 0.6855670103092784 0.001483679525222552 0.002061855670103093
0 0.024480712166172106 0.6814432989690722 0.001483679525222552 0.002061855670103093
0 0.793026706231454 0.6793814432989691 0.004451038575667656 0.006185567010309278
0 0.7870919881305638 0.677319587628866 0.001483679525222552 0.002061855670103093
0 0.026706231454005934 0.6721649484536083 0.005934718100890208 0.012371134020618556
0 0.7818991097922848 0.6639175257731958 0.002967359050445104 0.008247422680412371
0 0.03635014836795252 0.654639175257732 0.001483679525222552 0.002061855670103093
0 0.04376854599406528 0.6505154639175258 0.001483679525222552 0.002061855670103093
0 0.037833827893175076 0.6505154639175258 0.004451038575667656 0.002061855670103093
0 0.7485163204747775 0.6453608247422681 0.004451038575667656 0.004123711340206186
0 0.03857566765578635 0.6453608247422681 0.005934718100890208 0.004123711340206186
0 0.7344213649851632 0.6164948453608248 0.002967359050445104 0.004123711340206186
0 0.7351632047477745 0.6113402061855671 0.001483679525222552 0.002061855670103093
0 0.7321958456973294 0.6113402061855671 0.001483679525222552 0.002061855670103093
0 0.6876854599406528 0.6010309278350515 0.001483679525222552 0.002061855670103093
0 0.0956973293768546 0.5989690721649484 0.001483679525222552 0.002061855670103093
0 0.6520771513353115 0.5948453608247423 0.001483679525222552 0.002061855670103093
0 0.10089020771513353 0.5958762886597938 0.002967359050445104 0.004123711340206186
0 0.09718100890207715 0.5948453608247423 0.001483679525222552 0.002061855670103093
0 0.6402077151335311 0.5938144329896907 0.001483679525222552 0.004123711340206186
0 0.13501483679525222 0.5783505154639176 0.002967359050445104 0.002061855670103093
0 0.6246290801186943 0.5711340206185567 0.008902077151335312 0.012371134020618556
0 0.6261127596439169 0.5639175257731959 0.005934718100890208 0.006185567010309278
0 0.620919881305638 0.5618556701030928 0.001483679525222552 0.002061855670103093
0 0.6149851632047477 0.5628865979381443 0.004451038575667656 0.004123711340206186
0 0.6083086053412463 0.5628865979381443 0.005934718100890208 0.004123711340206186
0 0.17878338278931752 0.5577319587628866 0.001483679525222552 0.002061855670103093
0 0.1824925816023739 0.554639175257732 0.002967359050445104 0.004123711340206186
0 0.5823442136498517 0.5494845360824743 0.001483679525222552 0.002061855670103093
0 0.5897626112759644 0.545360824742268 0.001483679525222552 0.002061855670103093
0 0.5838278931750742 0.545360824742268 0.001483679525222552 0.002061855670103093
0 0.5882789317507419 0.5268041237113402 0.001483679525222552 0.002061855670103093
0 0.6149851632047477 0.5247422680412371 0.001483679525222552 0.002061855670103093
0 0.6068249258160238 0.5257731958762887 0.002967359050445104 0.004123711340206186
0 0.5823442136498517 0.5247422680412371 0.001483679525222552 0.002061855670103093
0 0.5675074183976261 0.5247422680412371 0.001483679525222552 0.002061855670103093
0 0.564540059347181 0.5247422680412371 0.001483679525222552 0.002061855670103093
0 0.6409495548961425 0.5247422680412371 0.005934718100890208 0.006185567010309278
0 0.4502967359050445 0.522680412371134 0.001483679525222552 0.002061855670103093
0 0.6632047477744807 0.5237113402061856 0.020771513353115726 0.008247422680412371
0 0.6476261127596439 0.522680412371134 0.00741839762611276 0.006185567010309278
0 0.5526706231454006 0.520618556701031 0.001483679525222552 0.002061855670103093
0 0.31973293768545996 0.520618556701031 0.001483679525222552 0.002061855670103093
0 0.5497032640949555 0.5216494845360825 0.004451038575667656 0.008247422680412371
0 0.39465875370919884 0.520618556701031 0.005934718100890208 0.006185567010309278
0 0.31008902077151335 0.520618556701031 0.002967359050445104 0.006185567010309278
0 0.31750741839762614 0.5164948453608248 0.002967359050445104 0.002061855670103093
0 0.4502967359050445 0.51340206185567 0.001483679525222552 0.004123711340206186
0 0.4206231454005935 0.5123711340206185 0.001483679525222552 0.002061855670103093
0 0.4072700296735905 0.51340206185567 0.004451038575667656 0.004123711340206186
0 0.40281899109792285 0.5123711340206185 0.001483679525222552 0.002061855670103093
0 0.3954005934718101 0.5123711340206185 0.001483679525222552 0.002061855670103093
0 0.39243323442136496 0.5123711340206185 0.001483679525222552 0.002061855670103093
0 0.31973293768545996 0.5123711340206185 0.001483679525222552 0.002061855670103093
0 0.314540059347181 0.51340206185567 0.002967359050445104 0.004123711340206186
0 0.31008902077151335 0.51340206185567 0.002967359050445104 0.004123711340206186
0 0.24629080118694363 0.5154639175257731 0.005934718100890208 0.008247422680412371
0 0.22774480712166173 0.51340206185567 0.004451038575667656 0.004123711340206186
0 0.22032640949554896 0.5123711340206185 0.001483679525222552 0.002061855670103093
0 0.44510385756676557 0.7505154639175258 0.8664688427299704 0.47835051546391755
0 0.20548961424332343 0.5123711340206185 0.001483679525222552 0.002061855670103093
0 0.20252225519287834 0.51340206185567 0.001483679525222552 0.004123711340206186
0 0.7114243323442137 0.5103092783505154 0.001483679525222552 0.002061855670103093
0 0.7173590504451038 0.5082474226804123 0.001483679525222552 0.002061855670103093
0 0.7143916913946587 0.5082474226804123 0.001483679525222552 0.002061855670103093
0 0.4896142433234421 0.5072164948453608 0.005934718100890208 0.008247422680412371
0 0.44287833827893175 0.49381443298969074 0.001483679525222552 0.002061855670103093
0 0.7729970326409495 0.4927835051546392 0.002967359050445104 0.004123711340206186
0 0.4599406528189911 0.4927835051546392 0.002967359050445104 0.004123711340206186
0 0.43991097922848665 0.4927835051546392 0.001483679525222552 0.004123711340206186
0 0.8034124629080118 0.477319587628866 0.001483679525222552 0.002061855670103093
0 0.8063798219584569 0.4762886597938144 0.001483679525222552 0.004123711340206186
0 0.7922848664688428 0.4762886597938144 0.002967359050445104 0.004123711340206186
0 0.7900593471810089 0.4731958762886598 0.001483679525222552 0.002061855670103093
0 0.8182492581602374 0.4608247422680412 0.001483679525222552 0.002061855670103093
0 0.41097922848664686 0.45979381443298967 0.002967359050445104 0.004123711340206186
0 0.827893175074184 0.4577319587628866 0.005934718100890208 0.008247422680412371
0 0.8375370919881305 0.44432989690721647 0.001483679525222552 0.002061855670103093
0 0.34198813056379823 0.44432989690721647 0.001483679525222552 0.002061855670103093
0 0.3241839762611276 0.44432989690721647 0.001483679525222552 0.002061855670103093
0 0.8375370919881305 0.4402061855670103 0.001483679525222552 0.002061855670103093
0 0.3115727002967359 0.44123711340206184 0.005934718100890208 0.008247422680412371
0 0.8538575667655787 0.42783505154639173 0.001483679525222552 0.002061855670103093
0 0.2959940652818991 0.4268041237113402 0.004451038575667656 0.004123711340206186
0 0.8538575667655787 0.4195876288659794 0.001483679525222552 0.002061855670103093
0 0.28264094955489616 0.411340206185567 0.001483679525222552 0.002061855670103093
0 0.865727002967359 0.4092783505154639 0.001483679525222552 0.002061855670103093
0 0.862759643916914 0.4041237113402062 0.004451038575667656 0.008247422680412371
0 0.8649851632047477 0.3989690721649485 0.002967359050445104 0.006185567010309278
0 0.2403560830860534 0.39484536082474225 0.002967359050445104 0.002061855670103093
0 0.25 0.39278350515463917 0.001483679525222552 0.002061855670103093
0 0.865727002967359 0.3865979381443299 0.001483679525222552 0.002061855670103093
0 0.865727002967359 0.3824742268041237 0.001483679525222552 0.002061855670103093
0 0.2218100890207715 0.3783505154639175 0.001483679525222552 0.002061855670103093
0 0.19213649851632048 0.3618556701030928 0.001483679525222552 0.002061855670103093
0 0.19584569732937684 0.36082474226804123 0.002967359050445104 0.004123711340206186
0 0.19065281899109793 0.3577319587628866 0.001483679525222552 0.002061855670103093
0 0.14540059347181009 0.3422680412371134 0.005934718100890208 0.008247422680412371
0 0.13353115727002968 0.32577319587628867 0.005934718100890208 0.008247422680412371
0 0.13130563798219586 0.31030927835051547 0.001483679525222552 0.002061855670103093
0 0.8182492581602374 0.3082474226804124 0.001483679525222552 0.002061855670103093
0 0.8775964391691394 0.30515463917525776 0.001483679525222552 0.004123711340206186
0 0.8746290801186943 0.29175257731958765 0.004451038575667656 0.006185567010309278
0 0.8775964391691394 0.2876288659793814 0.001483679525222552 0.002061855670103093
0 0.8775964391691394 0.28350515463917525 0.001483679525222552 0.002061855670103093
0 0.8701780415430267 0.2845360824742268 0.010385756676557863 0.008247422680412371
0 0.8568249258160238 0.2824742268041237 0.004451038575667656 0.004123711340206186
0 0.8212166172106825 0.27835051546391754 0.001483679525222552 0.004123711340206186
0 0.8160237388724035 0.2824742268041237 0.005934718100890208 0.012371134020618556
0 0.8434718100890207 0.2463917525773196 0.001483679525222552 0.002061855670103093
0 0.8531157270029673 0.24020618556701032 0.002967359050445104 0.002061855670103093
0 0.8538575667655787 0.20309278350515464 0.001483679525222552 0.002061855670103093
0 0.1357566765578635 0.20309278350515464 0.001483679525222552 0.002061855670103093
0 0.13724035608308605 0.2 0.004451038575667656 0.004123711340206186
0 0.13204747774480713 0.2 0.002967359050445104 0.004123711340206186
0 0.8531157270029673 0.1958762886597938 0.002967359050445104 0.008247422680412371
0 0.8508902077151336 0.18969072164948453 0.004451038575667656 0.008247422680412371
0 0.14391691394658754 0.19072164948453607 0.002967359050445104 0.010309278350515464
0 0.8538575667655787 0.18453608247422681 0.001483679525222552 0.002061855670103093
0 0.15356083086053413 0.1824742268041237 0.001483679525222552 0.002061855670103093
0 0.1476261127596439 0.18453608247422681 0.00741839762611276 0.006185567010309278
0 0.8419881305637982 0.17216494845360825 0.001483679525222552 0.002061855670103093
0 0.15801186943620177 0.16597938144329896 0.001483679525222552 0.002061855670103093
0 0.15504451038575667 0.1670103092783505 0.001483679525222552 0.004123711340206186
0 0.8227002967359051 0.15360824742268042 0.001483679525222552 0.002061855670103093
0 0.827893175074184 0.15257731958762888 0.005934718100890208 0.008247422680412371
0 0.17433234421364985 0.14948453608247422 0.001483679525222552 0.002061855670103093
0 0.16913946587537093 0.1515463917525773 0.005934718100890208 0.006185567010309278
0 0.18620178041543026 0.13711340206185568 0.001483679525222552 0.002061855670103093
0 0.8137982195845698 0.13505154639175257 0.00741839762611276 0.006185567010309278
0 0.18100890207715134 0.1360824742268041 0.005934718100890208 0.008247422680412371
0 0.8034124629080118 0.12371134020618557 0.004451038575667656 0.008247422680412371
0 0.8063798219584569 0.11855670103092783 0.001483679525222552 0.002061855670103093
0 0.2010385756676558 0.11649484536082474 0.001483679525222552 0.002061855670103093
0 0.1980712166172107 0.11649484536082474 0.001483679525222552 0.002061855670103093
0 0.7811572700296736 0.10927835051546392 0.004451038575667656 0.008247422680412371
0 0.7774480712166172 0.10721649484536082 0.002967359050445104 0.004123711340206186
0 0.7826409495548962 0.10206185567010309 0.001483679525222552 0.002061855670103093
0 0.776706231454006 0.10103092783505155 0.00741839762611276 0.004123711340206186
0 0.7700296735905044 0.10103092783505155 0.002967359050445104 0.004123711340206186
0 0.2158753709198813 0.1 0.001483679525222552 0.002061855670103093
0 0.7470326409495549 0.08556701030927835 0.001483679525222552 0.002061855670103093
0 0.7292284866468842 0.08556701030927835 0.001483679525222552 0.002061855670103093
0 0.7440652818991098 0.08350515463917525 0.001483679525222552 0.002061855670103093
0 0.7262611275964391 0.08350515463917525 0.001483679525222552 0.002061855670103093
0 0.2737388724035608 0.0711340206185567 0.001483679525222552 0.002061855670103093
0 0.7210682492581603 0.07010309278350516 0.005934718100890208 0.008247422680412371
0 0.7143916913946587 0.07216494845360824 0.010385756676557863 0.012371134020618556
0 0.7010385756676558 0.06701030927835051 0.001483679525222552 0.002061855670103093
0 0.6958456973293768 0.06804123711340206 0.002967359050445104 0.004123711340206186
0 0.28264094955489616 0.06907216494845361 0.004451038575667656 0.006185567010309278
0 0.2789317507418398 0.06804123711340206 0.002967359050445104 0.004123711340206186
0 0.27522255192878337 0.06701030927835051 0.001483679525222552 0.002061855670103093
0 0.30192878338278933 0.05257731958762887 0.001483679525222552 0.002061855670103093
0 0.6268545994065282 0.050515463917525774 0.001483679525222552 0.002061855670103093
0 0.6120178041543026 0.050515463917525774 0.001483679525222552 0.002061855670103093
0 0.5704747774480712 0.04020618556701031 0.001483679525222552 0.002061855670103093
0 0.6045994065281899 0.03608247422680412 0.001483679525222552 0.002061855670103093
0 0.5534124629080118 0.03814432989690722 0.005934718100890208 0.006185567010309278
0 0.3805637982195846 0.03608247422680412 0.001483679525222552 0.002061855670103093
0 0.6016320474777448 0.03402061855670103 0.001483679525222552 0.002061855670103093
0 0.5971810089020771 0.03711340206185567 0.016320474777448073 0.008247422680412371
0 0.5719584569732937 0.03505154639175258 0.004451038575667656 0.004123711340206186
0 0.5556379821958457 0.03402061855670103 0.001483679525222552 0.002061855670103093
0 0.5497032640949555 0.03402061855670103 0.001483679525222552 0.002061855670103093
0 0.38649851632047477 0.03402061855670103 0.001483679525222552 0.002061855670103093
0 0.3434718100890208 0.03402061855670103 0.001483679525222552 0.002061855670103093
0 0.33382789317507416 0.03711340206185567 0.002967359050445104 0.008247422680412371
0 0.45178041543026703 0.027835051546391754 0.001483679525222552 0.002061855670103093
0 0.4992581602373887 0.01958762886597938 0.001483679525222552 0.002061855670103093
0 0.5452522255192879 0.018556701030927835 0.001483679525222552 0.004123711340206186
0 0.5422848664688428 0.01752577319587629 0.001483679525222552 0.002061855670103093
0 0.5252225519287834 0.018556701030927835 0.002967359050445104 0.004123711340206186
0 0.5155786350148368 0.01752577319587629 0.001483679525222552 0.002061855670103093
0 0.505192878338279 0.01752577319587629 0.001483679525222552 0.002061855670103093
0 0.5044510385756676 0.2721649484536082 0.7477744807121661 0.511340206185567
