0 0.4503448275862069 0.9991961414790996 0.001379310344827586 0.001607717041800643
0 0.4337931034482759 0.9991961414790996 0.001379310344827586 0.001607717041800643
0 0.42 0.997588424437299 0.001379310344827586 0.001607717041800643
0 0.9703448275862069 0.9895498392282959 0.001379310344827586 0.001607717041800643
0 0.3779310344827586 0.9895498392282959 0.002758620689655172 0.001607717041800643
0 0.9655172413793104 0.9887459807073955 0.002758620689655172 0.003215434083601286
0 0.96 0.9887459807073955 0.005517241379310344 0.003215434083601286
0 0.48482758620689653 0.9879421221864951 0.001379310344827586 0.001607717041800643
0 0.9682758620689655 0.9863344051446945 0.002758620689655172 0.001607717041800643
0 0.3758620689655172 0.9863344051446945 0.001379310344827586 0.001607717041800643
0 0.3910344827586207 0.9863344051446945 0.006896551724137931 0.00482315112540193
0 0.9703448275862069 0.9831189710610932 0.001379310344827586 0.001607717041800643
0 0.48482758620689653 0.9839228295819936 0.001379310344827586 0.003215434083601286
0 0.5331034482758621 0.9766881028938906 0.001379310344827586 0.001607717041800643
0 0.516551724137931 0.9766881028938906 0.001379310344827586 0.001607717041800643
0 0.3510344827586207 0.9766881028938906 0.001379310344827586 0.001607717041800643
0 0.3137931034482759 0.9766881028938906 0.001379310344827586 0.001607717041800643
0 0.8779310344827587 0.97508038585209 0.001379310344827586 0.001607717041800643
0 0.5213793103448275 0.9758842443729904 0.002758620689655172 0.003215434083601286
0 0.3289655172413793 0.9758842443729904 0.004137931034482759 0.003215434083601286
0 0.32 0.9758842443729904 0.008275862068965517 0.003215434083601286
0 0.5379310344827586 0.97508038585209 0.005517241379310344 0.00482315112540193
0 0.23241379310344829 0.9734726688102894 0.001379310344827586 0.001607717041800643
0 0.25103448275862067 0.9742765273311897 0.005517241379310344 0.006430868167202572
0 0.23724137931034484 0.9742765273311897 0.008275862068965517 0.006430868167202572
0 0.8737931034482759 0.9726688102893891 0.004137931034482759 0.006430868167202572
0 0.9793103448275862 0.9686495176848875 0.005517241379310344 0.008038585209003215
0 0.26275862068965516 0.9638263665594855 0.001379310344827586 0.001607717041800643
0 0.28758620689655173 0.9622186495176849 0.001379310344827586 0.001607717041800643
0 0.22413793103448276 0.9614147909967846 0.006896551724137931 0.006430868167202572
0 0.22137931034482758 0.9557877813504824 0.001379310344827586 0.001607717041800643
0 0.4579310344827586 0.9533762057877814 0.005517241379310344 0.003215434083601286
0 0.4186206896551724 0.952572347266881 0.001379310344827586 0.001607717041800643
0 0.39448275862068966 0.952572347266881 0.002758620689655172 0.001607717041800643
0 0.38689655172413795 0.952572347266881 0.001379310344827586 0.001607717041800643
0 0.5496551724137931 0.9509646302250804 0.001379310344827586 0.001607717041800643
0 0.5365517241379311 0.952572347266881 0.002758620689655172 0.00482315112540193
0 0.20758620689655172 0.9509646302250804 0.001379310344827586 0.001607717041800643
0 0.5462068965517242 0.9501607717041801 0.002758620689655172 0.003215434083601286
0 0.19241379310344828 0.9493569131832797 0.001379310344827586 0.001607717041800643
0 0.5510344827586207 0.9477491961414791 0.001379310344827586 0.001607717041800643
0 0.21448275862068966 0.9477491961414791 0.001379310344827586 0.001607717041800643
0 0.9903448275862069 0.9485530546623794 0.005517241379310344 0.006430868167202572
0 0.20206896551724138 0.9445337620578779 0.001379310344827586 0.001607717041800643
0 0.48551724137931035 0.9397106109324759 0.002758620689655172 0.001607717041800643
0 0.4820689655172414 0.9397106109324759 0.001379310344827586 0.001607717041800643
0 0.14689655172413793 0.9381028938906752 0.001379310344827586 0.001607717041800643
0 0.9924137931034482 0.9364951768488746 0.001379310344827586 0.001607717041800643
0 0.5717241379310345 0.9372990353697749 0.004137931034482759 0.003215434083601286
0 0.5620689655172414 0.9372990353697749 0.004137931034482759 0.003215434083601286
0 0.35379310344827586 0.9364951768488746 0.001379310344827586 0.001607717041800643
0 0.5648275862068965 0.934887459807074 0.001379310344827586 0.001607717041800643
0 0.16 0.9364951768488746 0.002758620689655172 0.00482315112540193
0 0.15310344827586206 0.9364951768488746 0.008275862068965517 0.00482315112540193
0 0.863448275862069 0.9356913183279743 0.005517241379310344 0.006430868167202572
0 0.35379310344827586 0.9332797427652733 0.001379310344827586 0.001607717041800643
0 0.4896551724137931 0.932475884244373 0.002758620689655172 0.003215434083601286
0 0.4862068965517241 0.9316720257234726 0.001379310344827586 0.001607717041800643
0 0.4986206896551724 0.930064308681672 0.001379310344827586 0.001607717041800643
0 0.5027586206896552 0.927652733118971 0.004137931034482759 0.003215434083601286
0 0.49310344827586206 0.9268488745980707 0.001379310344827586 0.001607717041800643
0 0.4896551724137931 0.9284565916398714 0.005517241379310344 0.00482315112540193
0 0.34 0.9268488745980707 0.001379310344827586 0.001607717041800643
0 0.06689655172413793 0.9252411575562701 0.001379310344827586 0.001607717041800643
0 0.05862068965517241 0.9252411575562701 0.001379310344827586 0.001607717041800643
0 0.05586206896551724 0.9244372990353698 0.001379310344827586 0.003215434083601286
0 0.8613793103448276 0.9220257234726688 0.001379310344827586 0.001607717041800643
0 0.9924137931034482 0.9204180064308681 0.001379310344827586 0.001607717041800643
0 0.573103448275862 0.9163987138263665 0.001379310344827586 0.003215434083601286
0 0.3413793103448276 0.9139871382636656 0.001379310344827586 0.001607717041800643
0 0.33793103448275863 0.9147909967845659 0.002758620689655172 0.003215434083601286
0 0.060689655172413794 0.9188102893890675 0.011034482758620689 0.011254019292604502
0 0.5110344827586207 0.9107717041800643 0.006896551724137931 0.00482315112540193
0 0.3289655172413793 0.9067524115755627 0.001379310344827586 0.003215434083601286
0 0.3413793103448276 0.8995176848874598 0.001379310344827586 0.001607717041800643
0 0.5841379310344827 0.8979099678456591 0.001379310344827586 0.001607717041800643
0 0.11862068965517242 0.8963022508038585 0.002758620689655172 0.001607717041800643
0 0.11103448275862068 0.8946945337620579 0.001379310344827586 0.001607717041800643
0 0.9924137931034482 0.8914790996784566 0.001379310344827586 0.001607717041800643
0 0.5813793103448276 0.8938906752411575 0.004137931034482759 0.006430868167202572
0 0.11241379310344828 0.8914790996784566 0.001379310344827586 0.001607717041800643
0 0.3041379310344828 0.889871382636656 0.001379310344827586 0.001607717041800643
0 0.5779310344827586 0.8890675241157556 0.002758620689655172 0.003215434083601286
0 0.3386206896551724 0.8922829581993569 0.006896551724137931 0.00964630225080386
0 0.30689655172413793 0.8882636655948553 0.001379310344827586 0.001607717041800643
0 0.11448275862068966 0.8882636655948553 0.002758620689655172 0.001607717041800643
0 0.11103448275862068 0.8882636655948553 0.001379310344827586 0.001607717041800643
0 0.3303448275862069 0.8818327974276527 0.001379310344827586 0.001607717041800643
0 0.3303448275862069 0.8770096463022508 0.001379310344827586 0.001607717041800643
0 0.5758620689655173 0.8762057877813505 0.001379310344827586 0.003215434083601286
0 0.32689655172413795 0.8778135048231511 0.002758620689655172 0.006430868167202572
0 0.07448275862068965 0.8770096463022508 0.005517241379310344 0.00482315112540193
0 0.0696551724137931 0.8754019292604501 0.001379310344827586 0.001607717041800643
0 0.8675862068965517 0.8729903536977492 0.002758620689655172 0.003215434083601286
0 0.8620689655172413 0.8721864951768489 0.002758620689655172 0.00482315112540193
0 0.5082758620689655 0.8705787781350482 0.001379310344827586 0.001607717041800643
0 0.8641379310344828 0.8681672025723473 0.004137931034482759 0.006430868167202572
0 0.8613793103448276 0.8641479099678456 0.001379310344827586 0.001607717041800643
0 0.8710344827586207 0.862540192926045 0.001379310344827586 0.001607717041800643
0 0.573103448275862 0.862540192926045 0.001379310344827586 0.001607717041800643
0 0.5082758620689655 0.8609324758842444 0.001379310344827586 0.001607717041800643
0 0.30689655172413793 0.8609324758842444 0.001379310344827586 0.001607717041800643
0 0.05172413793103448 0.8609324758842444 0.001379310344827586 0.001607717041800643
0 0.046206896551724136 0.8609324758842444 0.001379310344827586 0.001607717041800643
0 0.30344827586206896 0.8593247588424437 0.002758620689655172 0.00482315112540193
0 0.4993103448275862 0.8585209003215434 0.005517241379310344 0.006430868167202572
0 0.06344827586206897 0.8585209003215434 0.005517241379310344 0.006430868167202572
0 0.1006896551724138 0.8472668810289389 0.002758620689655172 0.003215434083601286
0 0.10137931034482758 0.840032154340836 0.001379310344827586 0.001607717041800643
0 0.5055172413793103 0.837620578778135 0.001379310344827586 0.003215434083601286
0 0.30758620689655175 0.837620578778135 0.002758620689655172 0.003215434083601286
0 0.8779310344827587 0.8271704180064309 0.001379310344827586 0.001607717041800643
0 0.8724137931034482 0.8271704180064309 0.001379310344827586 0.001607717041800643
0 0.98 0.8239549839228296 0.001379310344827586 0.001607717041800643
0 0.8779310344827587 0.8239549839228296 0.001379310344827586 0.001607717041800643
0 0.8751724137931034 0.8239549839228296 0.001379310344827586 0.001607717041800643
0 0.926896551724138 0.9059485530546624 0.13241379310344828 0.16881028938906753
0 0.8882758620689655 0.8159163987138264 0.011034482758620689 0.011254019292604502
0 0.6944827586206896 0.8078778135048231 0.001379310344827586 0.001607717041800643
0 0.6889655172413793 0.8086816720257235 0.006896551724137931 0.003215434083601286
0 0.6827586206896552 0.8086816720257235 0.002758620689655172 0.003215434083601286
0 0.6896551724137931 0.8038585209003215 0.002758620689655172 0.003215434083601286
0 0.6931034482758621 0.8022508038585209 0.004137931034482759 0.006430868167202572
0 0.26827586206896553 0.7990353697749196 0.001379310344827586 0.003215434083601286
0 0.6979310344827586 0.7966237942122186 0.002758620689655172 0.001607717041800643
0 0.7055172413793104 0.795016077170418 0.001379310344827586 0.001607717041800643
0 0.7020689655172414 0.795016077170418 0.002758620689655172 0.001607717041800643
0 0.03793103448275862 0.795016077170418 0.001379310344827586 0.001607717041800643
0 0.6627586206896552 0.7934083601286174 0.001379310344827586 0.001607717041800643
0 0.3503448275862069 0.7942122186495176 0.005517241379310344 0.006430868167202572
0 0.03586206896551724 0.7942122186495176 0.005517241379310344 0.006430868167202572
0 0.03517241379310345 0.7885852090032154 0.004137931034482759 0.00482315112540193
0 0.04206896551724138 0.7853697749196141 0.001379310344827586 0.001607717041800643
0 0.04 0.7869774919614148 0.002758620689655172 0.00482315112540193
0 0.7055172413793104 0.7821543408360129 0.001379310344827586 0.001607717041800643
0 0.3503448275862069 0.7845659163987139 0.005517241379310344 0.00964630225080386
0 0.7055172413793104 0.7789389067524116 0.001379310344827586 0.001607717041800643
0 0.2731034482758621 0.7813504823151125 0.005517241379310344 0.006430868167202572
0 0.2731034482758621 0.7741157556270096 0.005517241379310344 0.00482315112540193
0 0.7082758620689655 0.7709003215434084 0.001379310344827586 0.001607717041800643
0 0.6255172413793103 0.7709003215434084 0.001379310344827586 0.001607717041800643
0 0.6193103448275862 0.770096463022508 0.002758620689655172 0.003215434083601286
0 0.4606896551724138 0.7684887459807074 0.005517241379310344 0.006430868167202572
0 0.3220689655172414 0.7644694533762058 0.004137931034482759 0.00482315112540193
0 0.2751724137931034 0.7612540192926045 0.001379310344827586 0.001607717041800643
0 0.5648275862068965 0.7580385852090032 0.001379310344827586 0.001607717041800643
0 0.4241379310344828 0.7580385852090032 0.001379310344827586 0.001607717041800643
0 0.323448275862069 0.7588424437299035 0.001379310344827586 0.003215434083601286
0 0.6103448275862069 0.7572347266881029 0.004137931034482759 0.003215434083601286
0 0.7144827586206897 0.7556270096463023 0.002758620689655172 0.003215434083601286
0 0.5462068965517242 0.7556270096463023 0.005517241379310344 0.006430868167202572
0 0.5413793103448276 0.7556270096463023 0.001379310344827586 0.006430868167202572
0 0.38689655172413795 0.7532154340836013 0.001379310344827586 0.001607717041800643
0 0.36344827586206896 0.7556270096463023 0.001379310344827586 0.006430868167202572
0 0.3586206896551724 0.7556270096463023 0.005517241379310344 0.006430868167202572
0 0.2751724137931034 0.7532154340836013 0.001379310344827586 0.001607717041800643
0 0.24344827586206896 0.7516077170418006 0.001379310344827586 0.001607717041800643
0 0.2751724137931034 0.75 0.001379310344827586 0.001607717041800643
0 0.5675862068965517 0.7467845659163987 0.001379310344827586 0.001607717041800643
0 0.3289655172413793 0.7467845659163987 0.001379310344827586 0.001607717041800643
0 0.24413793103448275 0.747588424437299 0.002758620689655172 0.003215434083601286
0 0.7193103448275862 0.7451768488745981 0.001379310344827586 0.001607717041800643
0 0.5372413793103449 0.7451768488745981 0.001379310344827586 0.001607717041800643
0 0.2393103448275862 0.7451768488745981 0.001379310344827586 0.001607717041800643
0 0.5413793103448276 0.7443729903536977 0.001379310344827586 0.003215434083601286
0 0.5324137931034483 0.7435691318327974 0.005517241379310344 0.00482315112540193
0 0.3317241379310345 0.7419614147909968 0.001379310344827586 0.001607717041800643
0 0.24206896551724139 0.7419614147909968 0.001379310344827586 0.001607717041800643
0 0.6144827586206897 0.7355305466237942 0.001379310344827586 0.001607717041800643
0 0.6172413793103448 0.7339228295819936 0.001379310344827586 0.001607717041800643
0 0.5710344827586207 0.7379421221864951 0.005517241379310344 0.012861736334405145
0 0.5337931034482759 0.7371382636655949 0.008275862068965517 0.011254019292604502
0 0.6006896551724138 0.7315112540192926 0.001379310344827586 0.003215434083601286
0 0.02413793103448276 0.7315112540192926 0.004137931034482759 0.003215434083601286
0 0.3331034482758621 0.7226688102893891 0.001379310344827586 0.001607717041800643
0 0.29379310344827586 0.7194533762057878 0.002758620689655172 0.001607717041800643
0 0.26413793103448274 0.7194533762057878 0.001379310344827586 0.001607717041800643
0 0.2558620689655172 0.7194533762057878 0.001379310344827586 0.001607717041800643
0 0.3213793103448276 0.7186495176848875 0.002758620689655172 0.003215434083601286
0 0.30758620689655175 0.7146302250803859 0.002758620689655172 0.001607717041800643
0 0.4627586206896552 0.7017684887459807 0.001379310344827586 0.001607717041800643
0 0.7255172413793104 0.7033762057877814 0.005517241379310344 0.008038585209003215
0 0.7151724137931035 0.6889067524115756 0.001379310344827586 0.001607717041800643
0 0.5193103448275862 0.6872990353697749 0.001379310344827586 0.001607717041800643
0 0.516551724137931 0.6808681672025724 0.001379310344827586 0.001607717041800643
0 0.5144827586206897 0.6792604501607717 0.002758620689655172 0.00482315112540193
0 0.011724137931034483 0.677652733118971 0.001379310344827586 0.001607717041800643
0 0.736551724137931 0.6784565916398714 0.005517241379310344 0.006430868167202572
0 0.5096551724137931 0.677652733118971 0.004137931034482759 0.00482315112540193
0 0.7344827586206897 0.6744372990353698 0.001379310344827586 0.001607717041800643
0 0.7372413793103448 0.6728295819935691 0.001379310344827586 0.001607717041800643
0 0.5124137931034483 0.6712218649517685 0.001379310344827586 0.001607717041800643
0 0.5013793103448276 0.6680064308681672 0.001379310344827586 0.001607717041800643
0 0.49724137931034484 0.6680064308681672 0.001379310344827586 0.001607717041800643
0 0.4993103448275862 0.6647909967845659 0.002758620689655172 0.001607717041800643
0 0.4882758620689655 0.6655948553054662 0.005517241379310344 0.006430868167202572
0 0.011724137931034483 0.655144694533762 0.001379310344827586 0.001607717041800643
0 0.4882758620689655 0.6567524115755627 0.005517241379310344 0.008038585209003215
0 0.011724137931034483 0.6519292604501608 0.001379310344827586 0.001607717041800643
0 0.7475862068965518 0.6527331189710611 0.005517241379310344 0.006430868167202572
0 0.011724137931034483 0.6471061093247589 0.001379310344827586 0.001607717041800643
0 0.7496551724137931 0.6310289389067524 0.001379310344827586 0.001607717041800643
0 0.7482758620689656 0.6342443729903537 0.004137931034482759 0.008038585209003215
0 0.7524137931034482 0.6157556270096463 0.001379310344827586 0.003215434083601286
0 0.021379310344827585 0.6053054662379421 0.001379310344827586 0.001607717041800643
0 0.027586206896551724 0.594855305466238 0.005517241379310344 0.006430868167202572
0 0.022758620689655173 0.594855305466238 0.001379310344827586 0.006430868167202572
0 0.7593103448275862 0.5892282958199357 0.004137931034482759 0.00482315112540193
0 0.7606896551724138 0.5844051446945338 0.001379310344827586 0.001607717041800643
0 0.04068965517241379 0.5795819935691319 0.001379310344827586 0.001607717041800643
0 0.06551724137931035 0.5715434083601286 0.001379310344827586 0.001607717041800643
0 0.06275862068965517 0.5715434083601286 0.001379310344827586 0.001607717041800643
0 0.06413793103448276 0.5683279742765274 0.001379310344827586 0.001607717041800643
0 0.07931034482758621 0.567524115755627 0.004137931034482759 0.003215434083601286
0 0.04758620689655172 0.5667202572347267 0.001379310344827586 0.001607717041800643
0 0.04482758620689655 0.567524115755627 0.001379310344827586 0.003215434083601286
0 0.08068965517241379 0.5522508038585209 0.001379310344827586 0.001607717041800643
0 0.07793103448275862 0.5522508038585209 0.001379310344827586 0.001607717041800643
0 0.07517241379310345 0.5514469453376206 0.001379310344827586 0.003215434083601286
0 0.7682758620689655 0.5490353697749196 0.008275862068965517 0.008038585209003215
0 0.07931034482758621 0.5281350482315113 0.001379310344827586 0.001607717041800643
0 0.07517241379310345 0.5289389067524116 0.001379310344827586 0.003215434083601286
0 0.7648275862068965 0.502411575562701 0.001379310344827586 0.001607717041800643
0 0.7613793103448275 0.502411575562701 0.002758620689655172 0.001607717041800643
0 0.10206896551724139 0.5056270096463023 0.005517241379310344 0.008038585209003215
0 0.7606896551724138 0.4983922829581994 0.001379310344827586 0.003215434083601286
0 0.7586206896551724 0.4927652733118971 0.005517241379310344 0.00482315112540193
0 0.7544827586206897 0.4871382636655949 0.002758620689655172 0.003215434083601286
0 0.76 0.4879421221864952 0.002758620689655172 0.008038585209003215
0 0.7579310344827587 0.48231511254019294 0.004137931034482759 0.006430868167202572
0 0.7606896551724138 0.4782958199356913 0.001379310344827586 0.001607717041800643
0 0.11103448275862068 0.4638263665594855 0.001379310344827586 0.001607717041800643
0 0.11310344827586206 0.4533762057877814 0.005517241379310344 0.01607717041800643
0 0.7303448275862069 0.43810289389067525 0.001379310344827586 0.001607717041800643
0 0.11379310344827587 0.43729903536977494 0.006896551724137931 0.012861736334405145
0 0.7055172413793104 0.4284565916398714 0.001379310344827586 0.001607717041800643
0 0.6834482758620689 0.4188102893890675 0.001379310344827586 0.001607717041800643
0 0.12758620689655173 0.40434083601286175 0.001379310344827586 0.001607717041800643
0 0.26275862068965516 0.385048231511254 0.001379310344827586 0.001607717041800643
0 0.2593103448275862 0.3858520900321543 0.002758620689655172 0.003215434083601286
0 0.2613793103448276 0.38102893890675243 0.004137931034482759 0.003215434083601286
0 0.26413793103448274 0.37861736334405144 0.001379310344827586 0.001607717041800643
0 0.3179310344827586 0.3754019292604502 0.001379310344827586 0.001607717041800643
0 0.31517241379310346 0.3754019292604502 0.001379310344827586 0.001607717041800643
0 0.12275862068965518 0.37861736334405144 0.002758620689655172 0.008038585209003215
0 0.3117241379310345 0.3754019292604502 0.002758620689655172 0.00482315112540193
0 0.30551724137931036 0.3737942122186495 0.001379310344827586 0.001607717041800643
0 0.3027586206896552 0.3737942122186495 0.001379310344827586 0.001607717041800643
0 0.27793103448275863 0.3745980707395498 0.004137931034482759 0.003215434083601286
0 0.2710344827586207 0.3721864951768489 0.001379310344827586 0.001607717041800643
0 0.3289655172413793 0.3617363344051447 0.001379310344827586 0.003215434083601286
0 0.13034482758620689 0.3617363344051447 0.001379310344827586 0.003215434083601286
0 0.3317241379310345 0.3609324758842444 0.001379310344827586 0.00482315112540193
0 0.27379310344827584 0.35771704180064307 0.001379310344827586 0.001607717041800643
0 0.5055172413793103 0.3528938906752412 0.001379310344827586 0.001607717041800643
0 0.2751724137931034 0.3536977491961415 0.001379310344827586 0.003215434083601286
0 0.13310344827586207 0.3536977491961415 0.001379310344827586 0.003215434083601286
0 0.27379310344827584 0.3496784565916399 0.001379310344827586 0.001607717041800643
0 0.6724137931034483 0.34887459807073956 0.001379310344827586 0.003215434083601286
0 0.6696551724137931 0.34807073954983925 0.001379310344827586 0.001607717041800643
0 0.6613793103448276 0.342443729903537 0.001379310344827586 0.003215434083601286
0 0.5082758620689655 0.34163987138263663 0.001379310344827586 0.001607717041800643
0 0.5110344827586207 0.3384244372990354 0.001379310344827586 0.00482315112540193
0 0.5082758620689655 0.33681672025723475 0.001379310344827586 0.001607717041800643
0 0.33586206896551724 0.33681672025723475 0.004137931034482759 0.00482315112540193
0 0.2751724137931034 0.33360128617363344 0.001379310344827586 0.001607717041800643
0 0.33586206896551724 0.3319935691318328 0.001379310344827586 0.001607717041800643
0 0.33379310344827584 0.3311897106109325 0.005517241379310344 0.006430868167202572
0 0.49586206896551727 0.32636655948553056 0.001379310344827586 0.003215434083601286
0 0.46413793103448275 0.32556270096463025 0.001379310344827586 0.001607717041800643
0 0.3331034482758621 0.32556270096463025 0.004137931034482759 0.00482315112540193
0 0.4517241379310345 0.32234726688102894 0.001379310344827586 0.001607717041800643
0 0.34 0.32234726688102894 0.001379310344827586 0.001607717041800643
0 0.33793103448275863 0.32395498392282956 0.002758620689655172 0.00482315112540193
0 0.13517241379310344 0.3247588424437299 0.005517241379310344 0.006430868167202572
0 0.6613793103448276 0.3215434083601286 0.001379310344827586 0.003215434083601286
0 0.14413793103448275 0.3207395498392283 0.001379310344827586 0.001607717041800643
0 0.4406896551724138 0.317524115755627 0.001379310344827586 0.001607717041800643
0 0.5448275862068965 0.3094855305466238 0.002758620689655172 0.001607717041800643
0 0.4820689655172414 0.3094855305466238 0.001379310344827586 0.001607717041800643
0 0.43103448275862066 0.3094855305466238 0.001379310344827586 0.001607717041800643
0 0.5524137931034483 0.30305466237942125 0.001379310344827586 0.001607717041800643
0 0.2751724137931034 0.30305466237942125 0.001379310344827586 0.001607717041800643
0 0.5744827586206896 0.30144694533762056 0.001379310344827586 0.001607717041800643
0 0.5524137931034483 0.2982315112540193 0.001379310344827586 0.001607717041800643
0 0.14482758620689656 0.2990353697749196 0.002758620689655172 0.003215434083601286
0 0.5558620689655173 0.2990353697749196 0.002758620689655172 0.006430868167202572
0 0.3510344827586207 0.297427652733119 0.001379310344827586 0.003215434083601286
0 0.5124137931034483 0.295016077170418 0.001379310344827586 0.001607717041800643
0 0.4324137931034483 0.295016077170418 0.001379310344827586 0.001607717041800643
0 0.516551724137931 0.2942122186495177 0.004137931034482759 0.003215434083601286
0 0.49724137931034484 0.2942122186495177 0.001379310344827586 0.003215434083601286
0 0.5744827586206896 0.29180064308681675 0.001379310344827586 0.001607717041800643
0 0.5124137931034483 0.29180064308681675 0.001379310344827586 0.001607717041800643
0 0.2731034482758621 0.2942122186495177 0.005517241379310344 0.006430868167202572
0 0.5172413793103449 0.29019292604501606 0.002758620689655172 0.001607717041800643
0 0.35379310344827586 0.2869774919614148 0.001379310344827586 0.001607717041800643
0 0.2731034482758621 0.2861736334405145 0.005517241379310344 0.006430868167202572
0 0.4889655172413793 0.2821543408360129 0.001379310344827586 0.001607717041800643
0 0.4862068965517241 0.2805466237942122 0.001379310344827586 0.001607717041800643
0 0.35379310344827586 0.2757234726688103 0.001379310344827586 0.001607717041800643
0 0.44 0.2733118971061093 0.002758620689655172 0.003215434083601286
0 0.35310344827586204 0.2692926045016077 0.002758620689655172 0.001607717041800643
0 0.26620689655172414 0.2684887459807074 0.002758620689655172 0.003215434083601286
0 0.14689655172413793 0.2709003215434084 0.006896551724137931 0.011254019292604502
0 0.46620689655172415 0.26688102893890675 0.005517241379310344 0.006430868167202572
0 0.28413793103448276 0.26688102893890675 0.005517241379310344 0.006430868167202572
0 0.25724137931034485 0.26607717041800644 0.004137931034482759 0.00482315112540193
0 0.4406896551724138 0.2628617363344051 0.001379310344827586 0.001607717041800643
0 0.43724137931034485 0.26366559485530544 0.002758620689655172 0.003215434083601286
0 0.5855172413793104 0.2612540192926045 0.001379310344827586 0.001607717041800643
0 0.6593103448275862 0.2604501607717042 0.005517241379310344 0.006430868167202572
0 0.6537931034482759 0.2620578778135048 0.008275862068965517 0.00964630225080386
0 0.43724137931034485 0.2596463022508039 0.005517241379310344 0.00482315112540193
0 0.4337931034482759 0.2580385852090032 0.001379310344827586 0.001607717041800643
0 0.14620689655172414 0.2604501607717042 0.005517241379310344 0.006430868167202572
0 0.5634482758620689 0.25562700964630225 0.001379310344827586 0.003215434083601286
0 0.3193103448275862 0.2516077170418006 0.001379310344827586 0.001607717041800643
0 0.15517241379310345 0.24839228295819935 0.001379310344827586 0.001607717041800643
0 0.5544827586206896 0.24115755627009647 0.005517241379310344 0.006430868167202572
0 0.32 0.2379421221864952 0.002758620689655172 0.003215434083601286
0 0.3158620689655172 0.2379421221864952 0.002758620689655172 0.003215434083601286
0 0.5331034482758621 0.23231511254019294 0.004137931034482759 0.001607717041800643
0 0.3158620689655172 0.23392282958199356 0.005517241379310344 0.00482315112540193
0 0.3124137931034483 0.23231511254019294 0.001379310344827586 0.001607717041800643
0 0.28413793103448276 0.23231511254019294 0.002758620689655172 0.001607717041800643
0 0.6372413793103449 0.22909967845659163 0.005517241379310344 0.00482315112540193
0 0.4296551724137931 0.22588424437299034 0.001379310344827586 0.001607717041800643
0 0.6372413793103449 0.22186495176848875 0.005517241379310344 0.006430868167202572
0 0.5579310344827586 0.21945337620578778 0.001379310344827586 0.001607717041800643
0 0.526896551724138 0.22186495176848875 0.005517241379310344 0.006430868167202572
0 0.46620689655172415 0.22186495176848875 0.005517241379310344 0.006430868167202572
0 0.5020689655172413 0.25643086816720256 0.07724137931034483 0.07877813504823152
0 0.4296551724137931 0.2162379421221865 0.001379310344827586 0.001607717041800643
0 0.42689655172413793 0.2162379421221865 0.001379310344827586 0.001607717041800643
0 0.6275862068965518 0.21302250803858522 0.002758620689655172 0.00482315112540193
0 0.2413793103448276 0.21221864951768488 0.002758620689655172 0.003215434083601286
0 0.5606896551724138 0.20739549839228297 0.001379310344827586 0.003215434083601286
0 0.2620689655172414 0.2090032154340836 0.005517241379310344 0.006430868167202572
0 0.31517241379310346 0.20418006430868169 0.004137931034482759 0.003215434083601286
0 0.3103448275862069 0.20418006430868169 0.002758620689655172 0.003215434083601286
0 0.3137931034482759 0.20176848874598072 0.001379310344827586 0.001607717041800643
0 0.6172413793103448 0.1985530546623794 0.001379310344827586 0.001607717041800643
0 0.6137931034482759 0.19935691318327975 0.002758620689655172 0.003215434083601286
0 0.573103448275862 0.1985530546623794 0.001379310344827586 0.001607717041800643
0 0.6137931034482759 0.19533762057877813 0.005517241379310344 0.00482315112540193
0 0.6103448275862069 0.1937299035369775 0.001379310344827586 0.001607717041800643
0 0.5703448275862069 0.1945337620578778 0.006896551724137931 0.003215434083601286
0 0.5744827586206896 0.18890675241157556 0.001379310344827586 0.001607717041800643
0 0.603448275862069 0.18890675241157556 0.004137931034482759 0.00482315112540193
0 0.6062068965517241 0.18569131832797428 0.001379310344827586 0.001607717041800643
0 0.6062068965517241 0.182475884244373 0.001379310344827586 0.001607717041800643
0 0.5744827586206896 0.182475884244373 0.001379310344827586 0.001607717041800643
0 0.3096551724137931 0.1712218649517685 0.001379310344827586 0.001607717041800643
0 0.4386206896551724 0.15755627009646303 0.005517241379310344 0.006430868167202572
0 0.4193103448275862 0.15514469453376206 0.002758620689655172 0.001607717041800643
0 0.36344827586206896 0.15514469453376206 0.001379310344827586 0.001607717041800643
0 0.4186206896551724 0.15192926045016078 0.001379310344827586 0.001607717041800643
0 0.40758620689655173 0.14067524115755628 0.001379310344827586 0.001607717041800643
0 0.3979310344827586 0.13585209003215434 0.001379310344827586 0.001607717041800643
0 0.3917241379310345 0.565112540192926 0.7613793103448275 0.8697749196141479
0 0.3979310344827586 0.1310289389067524 0.001379310344827586 0.001607717041800643
0 0.4013793103448276 0.13183279742765272 0.002758620689655172 0.006430868167202572
