0 0.4946714031971581 0.9620418848167539 0.0017761989342806395 0.002617801047120419
0 0.4911190053285968 0.9620418848167539 0.0017761989342806395 0.002617801047120419
0 0.3845470692717584 0.9620418848167539 0.0017761989342806395 0.002617801047120419
0 0.3561278863232682 0.9607329842931938 0.0017761989342806395 0.005235602094240838
0 0.38010657193605685 0.9594240837696335 0.003552397868561279 0.007853403141361256
0 0.4928952042628774 0.9554973821989529 0.0053285968028419185 0.005235602094240838
0 0.49644760213143874 0.9515706806282722 0.0017761989342806395 0.002617801047120419
0 0.3561278863232682 0.9489528795811518 0.0017761989342806395 0.002617801047120419
0 0.4955595026642984 0.9450261780104712 0.003552397868561279 0.005235602094240838
0 0.5071047957371225 0.9410994764397905 0.0017761989342806395 0.002617801047120419
0 0.5124333925399644 0.9397905759162304 0.0053285968028419185 0.005235602094240838
0 0.2912966252220249 0.918848167539267 0.003552397868561279 0.005235602094240838
0 0.28596802841918295 0.918848167539267 0.003552397868561279 0.005235602094240838
0 0.5959147424511545 0.9149214659685864 0.0017761989342806395 0.002617801047120419
0 0.5861456483126111 0.9175392670157068 0.007104795737122558 0.007853403141361256
0 0.28596802841918295 0.912303664921466 0.003552397868561279 0.002617801047120419
0 0.7113676731793961 0.8992146596858639 0.0017761989342806395 0.002617801047120419
0 0.6030195381882771 0.8992146596858639 0.0017761989342806395 0.002617801047120419
0 0.7735346358792184 0.8979057591623036 0.0053285968028419185 0.005235602094240838
0 0.7948490230905861 0.893979057591623 0.0017761989342806395 0.002617801047120419
0 0.783303730017762 0.8965968586387435 0.010657193605683837 0.007853403141361256
0 0.7113676731793961 0.893979057591623 0.0017761989342806395 0.002617801047120419
0 0.6216696269982238 0.8952879581151832 0.007104795737122558 0.010471204188481676
0 0.27087033747779754 0.8913612565445026 0.0017761989342806395 0.002617801047120419
0 0.2673179396092362 0.8782722513089005 0.0017761989342806395 0.002617801047120419
0 0.6403197158081705 0.8769633507853403 0.0053285968028419185 0.005235602094240838
0 0.25133214920071045 0.8573298429319371 0.0017761989342806395 0.002617801047120419
0 0.8641207815275311 0.856020942408377 0.0053285968028419185 0.005235602094240838
0 0.24511545293072823 0.8547120418848168 0.007104795737122558 0.007853403141361256
0 0.23712255772646537 0.8363874345549738 0.0017761989342806395 0.002617801047120419
0 0.23090586145648312 0.8337696335078534 0.007104795737122558 0.007853403141361256
0 0.8774422735346359 0.8324607329842932 0.007104795737122558 0.010471204188481676
0 0.23268206039076378 0.824607329842932 0.010657193605683837 0.015706806282722512
0 0.19626998223801065 0.8154450261780105 0.0017761989342806395 0.002617801047120419
0 0.19005328596802842 0.8075916230366492 0.010657193605683837 0.01832460732984293
0 0.18561278863232683 0.7945026178010471 0.0017761989342806395 0.002617801047120419
0 0.18206039076376554 0.7945026178010471 0.0017761989342806395 0.002617801047120419
0 0.8934280639431617 0.7840314136125655 0.003552397868561279 0.007853403141361256
0 0.17584369449378331 0.7866492146596858 0.010657193605683837 0.01832460732984293
0 0.8978685612788633 0.7735602094240838 0.0017761989342806395 0.002617801047120419
0 0.17406749555950266 0.774869109947644 0.003552397868561279 0.005235602094240838
0 0.9040852575488455 0.7657068062827225 0.010657193605683837 0.01832460732984293
0 0.9085257548845471 0.7526178010471204 0.0017761989342806395 0.002617801047120419
0 0.9218472468916519 0.7513089005235603 0.003552397868561279 0.005235602094240838
0 0.9156305506216696 0.7513089005235603 0.0053285968028419185 0.005235602094240838
0 0.9174067495559503 0.7473821989528796 0.0017761989342806395 0.002617801047120419
0 0.17229129662522202 0.7303664921465969 0.003552397868561279 0.010471204188481676
0 0.9484902309058615 0.7068062827225131 0.007104795737122558 0.010471204188481676
0 0.13143872113676733 0.7068062827225131 0.007104795737122558 0.010471204188481676
0 0.11634103019538189 0.6897905759162304 0.0017761989342806395 0.002617801047120419
0 0.12078152753108348 0.6884816753926701 0.003552397868561279 0.005235602094240838
0 0.11456483126110124 0.6845549738219895 0.0017761989342806395 0.002617801047120419
0 0.08792184724689166 0.668848167539267 0.0017761989342806395 0.002617801047120419
0 0.9795737122557726 0.6479057591623036 0.0017761989342806395 0.002617801047120419
0 0.08436944937833037 0.6479057591623036 0.0017761989342806395 0.002617801047120419
0 0.9795737122557726 0.6426701570680629 0.0017761989342806395 0.002617801047120419
0 0.07815275310834814 0.643979057591623 0.007104795737122558 0.010471204188481676
0 0.0719360568383659 0.643979057591623 0.0017761989342806395 0.010471204188481676
0 0.9760213143872114 0.6387434554973822 0.0017761989342806395 0.005235602094240838
0 0.9795737122557726 0.6348167539267016 0.0017761989342806395 0.002617801047120419
0 0.9795737122557726 0.6295811518324608 0.0017761989342806395 0.002617801047120419
0 0.07015985790408526 0.6269633507853403 0.0017761989342806395 0.002617801047120419
0 0.06394316163410302 0.6230366492146597 0.007104795737122558 0.010471204188481676
0 0.05772646536412078 0.6230366492146597 0.0017761989342806395 0.010471204188481676
0 0.043516873889875664 0.6034031413612565 0.0017761989342806395 0.002617801047120419
0 0.04706927175843695 0.6007853403141361 0.0017761989342806395 0.007853403141361256
0 0.043516873889875664 0.5955497382198953 0.0017761989342806395 0.002617801047120419
0 0.9937833037300178 0.5589005235602095 0.0017761989342806395 0.002617801047120419
0 0.9920071047957372 0.5536649214659686 0.0017761989342806395 0.002617801047120419
0 0.03641207815275311 0.5405759162303665 0.0053285968028419185 0.007853403141361256
0 0.03197158081705151 0.5340314136125655 0.007104795737122558 0.020942408376963352
0 0.02930728241563055 0.5196335078534031 0.0017761989342806395 0.002617801047120419
0 0.9920071047957372 0.5039267015706806 0.0017761989342806395 0.002617801047120419
0 0.9920071047957372 0.4725130890052356 0.0053285968028419185 0.013089005235602094
0 0.9884547069271759 0.46335078534031415 0.0053285968028419185 0.005235602094240838
0 0.9795737122557726 0.45157068062827227 0.0017761989342806395 0.002617801047120419
0 0.9795737122557726 0.4410994764397906 0.0017761989342806395 0.002617801047120419
0 0.9760213143872114 0.4410994764397906 0.0017761989342806395 0.002617801047120419
0 0.9715808170515098 0.4424083769633508 0.003552397868561279 0.005235602094240838
0 0.9626998223801065 0.418848167539267 0.007104795737122558 0.015706806282722512
0 0.043516873889875664 0.4018324607329843 0.0017761989342806395 0.002617801047120419
0 0.9626998223801065 0.4031413612565445 0.007104795737122558 0.010471204188481676
0 0.9422735346358793 0.3992146596858639 0.0017761989342806395 0.002617801047120419
0 0.04440497335701599 0.39397905759162305 0.003552397868561279 0.007853403141361256
0 0.04706927175843695 0.387434554973822 0.0053285968028419185 0.010471204188481676
0 0.043516873889875664 0.38089005235602097 0.0017761989342806395 0.002617801047120419
0 0.05595026642984014 0.3782722513089005 0.0017761989342806395 0.002617801047120419
0 0.05950266429840142 0.3743455497382199 0.0053285968028419185 0.010471204188481676
0 0.0630550621669627 0.36780104712041883 0.0017761989342806395 0.002617801047120419
0 0.05950266429840142 0.3599476439790576 0.0053285968028419185 0.007853403141361256
0 0.0763765541740675 0.331151832460733 0.010657193605683837 0.02356020942408377
0 0.08081705150976909 0.31544502617801046 0.0017761989342806395 0.002617801047120419
0 0.07460035523978685 0.3180628272251309 0.007104795737122558 0.007853403141361256
0 0.09769094138543517 0.29581151832460734 0.003552397868561279 0.005235602094240838
0 0.08880994671403197 0.29712041884816753 0.007104795737122558 0.007853403141361256
0 0.10124333925399645 0.28403141361256545 0.003552397868561279 0.007853403141361256
0 0.9085257548845471 0.2604712041884817 0.0017761989342806395 0.002617801047120419
0 0.9040852575488455 0.2617801047120419 0.003552397868561279 0.005235602094240838
0 0.8907637655417406 0.25523560209424084 0.0017761989342806395 0.002617801047120419
0 0.9040852575488455 0.25523560209424084 0.007104795737122558 0.007853403141361256
0 0.8996447602131439 0.2526178010471204 0.0017761989342806395 0.002617801047120419
0 0.1172291296625222 0.2356020942408377 0.007104795737122558 0.010471204188481676
0 0.8632326820603907 0.21465968586387435 0.007104795737122558 0.010471204188481676
0 0.14742451154529307 0.19240837696335078 0.003552397868561279 0.002617801047120419
0 0.14298401420959148 0.19240837696335078 0.0017761989342806395 0.002617801047120419
0 0.152753108348135 0.18979057591623036 0.003552397868561279 0.002617801047120419
0 0.7992895204262878 0.17015706806282724 0.010657193605683837 0.005235602094240838
0 0.6651865008880995 0.168848167539267 0.0017761989342806395 0.002617801047120419
0 0.7024866785079928 0.1531413612565445 0.0017761989342806395 0.002617801047120419
0 0.7273534635879219 0.1505235602094241 0.0017761989342806395 0.002617801047120419
0 0.7060390763765542 0.1505235602094241 0.0017761989342806395 0.002617801047120419
0 0.7229129662522202 0.14921465968586387 0.003552397868561279 0.005235602094240838
0 0.7024866785079928 0.14790575916230367 0.0017761989342806395 0.002617801047120419
0 0.6669626998223801 0.14528795811518325 0.0017761989342806395 0.002617801047120419
0 0.6607460035523979 0.15968586387434555 0.003552397868561279 0.031413612565445025
0 0.6651865008880995 0.1400523560209424 0.0017761989342806395 0.002617801047120419
0 0.17229129662522202 0.14397905759162305 0.003552397868561279 0.010471204188481676
0 0.6616341030195382 0.13743455497382198 0.0017761989342806395 0.002617801047120419
0 0.17495559502664298 0.13612565445026178 0.0053285968028419185 0.010471204188481676
0 0.1714031971580817 0.12958115183246074 0.0017761989342806395 0.002617801047120419
0 0.6642984014209592 0.13089005235602094 0.007104795737122558 0.010471204188481676
0 0.650088809946714 0.10863874345549739 0.007104795737122558 0.007853403141361256
0 0.6438721136767318 0.10602094240837696 0.0017761989342806395 0.002617801047120419
0 0.1882770870337478 0.11125654450261781 0.007104795737122558 0.013089005235602094
0 0.6243339253996447 0.09554973821989529 0.0017761989342806395 0.002617801047120419
0 0.6172291296625222 0.09293193717277487 0.0017761989342806395 0.002617801047120419
0 0.6243339253996447 0.09031413612565445 0.0017761989342806395 0.002617801047120419
0 0.6225577264653641 0.08507853403141362 0.0017761989342806395 0.002617801047120419
0 0.6101243339253997 0.0693717277486911 0.0017761989342806395 0.002617801047120419
0 0.4626998223801066 0.0693717277486911 0.0017761989342806395 0.002617801047120419
0 0.5994671403197158 0.06675392670157068 0.008880994671403197 0.007853403141361256
0 0.4626998223801066 0.06413612565445026 0.0017761989342806395 0.002617801047120419
0 0.4591474245115453 0.06413612565445026 0.0017761989342806395 0.002617801047120419
0 0.4413854351687389 0.06544502617801047 0.0053285968028419185 0.005235602094240838
0 0.42362344582593253 0.056282722513089 0.0017761989342806395 0.002617801047120419
0 0.22824156305506216 0.05366492146596859 0.0017761989342806395 0.002617801047120419
0 0.5603907637655418 0.04842931937172775 0.0017761989342806395 0.002617801047120419
0 0.23179396092362345 0.049738219895287955 0.0053285968028419185 0.005235602094240838
0 0.5746003552397868 0.04319371727748691 0.0017761989342806395 0.002617801047120419
0 0.5266429840142096 0.04319371727748691 0.0017761989342806395 0.002617801047120419
0 0.5008880994671403 0.04712041884816754 0.007104795737122558 0.010471204188481676
0 0.42451154529307283 0.04450261780104712 0.003552397868561279 0.005235602094240838
0 0.23357015985790408 0.04319371727748691 0.0017761989342806395 0.002617801047120419
0 0.23001776198934282 0.04319371727748691 0.0017761989342806395 0.002617801047120419
0 0.3969804618117229 0.0274869109947644 0.0017761989342806395 0.002617801047120419
0 0.39520426287744226 0.02225130890052356 0.0017761989342806395 0.002617801047120419
0 0.3907637655417407 0.02356020942408377 0.003552397868561279 0.005235602094240838
0 0.38632326820603907 0.024869109947643978 0.0053285968028419185 0.007853403141361256
0 0.3827708703374778 0.02225130890052356 0.0017761989342806395 0.002617801047120419
0 0.28507992895204265 0.02225130890052356 0.0017761989342806395 0.002617801047120419
0 0.27264653641207814 0.02225130890052356 0.0017761989342806395 0.002617801047120419
0 0.5115452930728241 0.49214659685863876 0.9662522202486679 0.9424083769633508
