0 0.9388674388674388 0.9874517374517374 0.001287001287001287 0.0019305019305019305
0 0.898970398970399 0.9874517374517374 0.001287001287001287 0.0019305019305019305
0 0.9137709137709138 0.9855212355212355 0.002574002574002574 0.005791505791505791
0 0.9208494208494209 0.9835907335907336 0.006435006435006435 0.005791505791505791
0 0.9433719433719434 0.9816602316602316 0.007722007722007722 0.013513513513513514
0 0.9491634491634492 0.972007722007722 0.001287001287001287 0.0019305019305019305
0 0.8835263835263836 0.971042471042471 0.001287001287001287 0.003861003861003861
0 0.9517374517374517 0.9584942084942085 0.001287001287001287 0.0019305019305019305
0 0.8758043758043758 0.943050193050193 0.001287001287001287 0.0019305019305019305
0 0.9568854568854569 0.9411196911196911 0.001287001287001287 0.0019305019305019305
0 0.9568854568854569 0.9237451737451737 0.001287001287001287 0.0019305019305019305
0 0.9562419562419563 0.918918918918919 0.002574002574002574 0.003861003861003861
0 0.8809523809523809 0.9140926640926641 0.001287001287001287 0.0019305019305019305
0 0.42857142857142855 0.8947876447876448 0.002574002574002574 0.0019305019305019305
0 0.3223938223938224 0.8947876447876448 0.001287001287001287 0.0019305019305019305
0 0.8815958815958816 0.8938223938223938 0.002574002574002574 0.003861003861003861
0 0.4317889317889318 0.8928571428571429 0.001287001287001287 0.0019305019305019305
0 0.3108108108108108 0.8938223938223938 0.001287001287001287 0.003861003861003861
0 0.28893178893178895 0.8938223938223938 0.001287001287001287 0.003861003861003861
0 0.8764478764478765 0.8928571428571429 0.002574002574002574 0.005791505791505791
0 0.5669240669240669 0.890926640926641 0.001287001287001287 0.0019305019305019305
0 0.31467181467181465 0.8928571428571429 0.003861003861003861 0.005791505791505791
0 0.5714285714285714 0.8918918918918919 0.007722007722007722 0.007722007722007722
0 0.8783783783783784 0.888030888030888 0.003861003861003861 0.007722007722007722
0 0.28893178893178895 0.8851351351351351 0.001287001287001287 0.0019305019305019305
0 0.8758043758043758 0.8832046332046332 0.001287001287001287 0.0019305019305019305
0 0.9555984555984556 0.8812741312741312 0.001287001287001287 0.0019305019305019305
0 0.9523809523809523 0.8832046332046332 0.002574002574002574 0.005791505791505791
0 0.7432432432432432 0.8793436293436293 0.001287001287001287 0.0019305019305019305
0 0.6068211068211068 0.8793436293436293 0.001287001287001287 0.0019305019305019305
0 0.49099099099099097 0.8793436293436293 0.001287001287001287 0.0019305019305019305
0 0.4800514800514801 0.8793436293436293 0.002574002574002574 0.0019305019305019305
0 0.47297297297297297 0.8793436293436293 0.001287001287001287 0.0019305019305019305
0 0.2631917631917632 0.8793436293436293 0.001287001287001287 0.0019305019305019305
0 0.2528957528957529 0.8793436293436293 0.001287001287001287 0.0019305019305019305
0 0.22972972972972974 0.8793436293436293 0.001287001287001287 0.0019305019305019305
0 0.46396396396396394 0.8774131274131274 0.001287001287001287 0.0019305019305019305
0 0.22715572715572716 0.8783783783783784 0.001287001287001287 0.003861003861003861
0 0.6068211068211068 0.8754826254826255 0.001287001287001287 0.0019305019305019305
0 0.5019305019305019 0.8764478764478765 0.005148005148005148 0.007722007722007722
0 0.741956241956242 0.8716216216216216 0.001287001287001287 0.0019305019305019305
0 0.8867438867438867 0.8706563706563707 0.002574002574002574 0.003861003861003861
0 0.9253539253539254 0.8667953667953668 0.002574002574002574 0.003861003861003861
0 0.9202059202059202 0.8667953667953668 0.002574002574002574 0.003861003861003861
0 0.9144144144144144 0.8658301158301158 0.001287001287001287 0.0019305019305019305
0 0.9163449163449163 0.9266409266409267 0.08236808236808237 0.12355212355212356
0 0.8886743886743886 0.8658301158301158 0.001287001287001287 0.0019305019305019305
0 0.8861003861003861 0.8658301158301158 0.001287001287001287 0.0019305019305019305
0 0.6222651222651223 0.8638996138996139 0.001287001287001287 0.0019305019305019305
0 0.6196911196911197 0.8638996138996139 0.001287001287001287 0.0019305019305019305
0 0.5193050193050193 0.8638996138996139 0.001287001287001287 0.0019305019305019305
0 0.7921492921492922 0.861969111969112 0.001287001287001287 0.0019305019305019305
0 0.7155727155727156 0.862934362934363 0.005148005148005148 0.003861003861003861
0 0.6254826254826255 0.862934362934363 0.002574002574002574 0.003861003861003861
0 0.7007722007722008 0.86003861003861 0.001287001287001287 0.0019305019305019305
0 0.6364221364221364 0.861969111969112 0.003861003861003861 0.005791505791505791
0 0.788931788931789 0.859073359073359 0.007722007722007722 0.011583011583011582
0 0.8114543114543115 0.8484555984555985 0.001287001287001287 0.0019305019305019305
0 0.693050193050193 0.8484555984555985 0.001287001287001287 0.0019305019305019305
0 0.666023166023166 0.8484555984555985 0.001287001287001287 0.0019305019305019305
0 0.6441441441441441 0.8484555984555985 0.001287001287001287 0.0019305019305019305
0 0.21685971685971686 0.8484555984555985 0.001287001287001287 0.0019305019305019305
0 0.8082368082368082 0.8474903474903475 0.002574002574002574 0.003861003861003861
0 0.6904761904761905 0.8474903474903475 0.001287001287001287 0.003861003861003861
0 0.6685971685971686 0.8474903474903475 0.001287001287001287 0.003861003861003861
0 0.8127413127413128 0.8445945945945946 0.001287001287001287 0.0019305019305019305
0 0.6441441441441441 0.8445945945945946 0.001287001287001287 0.0019305019305019305
0 0.20656370656370657 0.831081081081081 0.001287001287001287 0.0019305019305019305
0 0.8211068211068211 0.831081081081081 0.005148005148005148 0.005791505791505791
0 0.8217503217503217 0.8252895752895753 0.001287001287001287 0.0019305019305019305
0 0.20913770913770913 0.8262548262548263 0.003861003861003861 0.007722007722007722
0 0.1981981981981982 0.8146718146718147 0.005148005148005148 0.007722007722007722
0 0.20012870012870013 0.8098455598455598 0.001287001287001287 0.0019305019305019305
0 0.19755469755469757 0.8079150579150579 0.001287001287001287 0.0019305019305019305
0 0.19626769626769627 0.8040540540540541 0.001287001287001287 0.0019305019305019305
0 0.1615186615186615 0.8021235521235521 0.001287001287001287 0.0019305019305019305
0 0.15701415701415702 0.8001930501930502 0.005148005148005148 0.005791505791505791
0 0.16473616473616473 0.7963320463320464 0.002574002574002574 0.0019305019305019305
0 0.14607464607464607 0.7866795366795367 0.001287001287001287 0.0019305019305019305
0 0.14543114543114544 0.775096525096525 0.002574002574002574 0.0019305019305019305
0 0.8314028314028314 0.7606177606177607 0.005148005148005148 0.007722007722007722
0 0.09588159588159588 0.7557915057915058 0.001287001287001287 0.0019305019305019305
0 0.0933075933075933 0.7548262548262549 0.001287001287001287 0.003861003861003861
0 0.8127413127413128 0.7461389961389961 0.001287001287001287 0.0019305019305019305
0 0.8075933075933076 0.7461389961389961 0.001287001287001287 0.0019305019305019305
0 0.8101673101673101 0.7422779922779923 0.001287001287001287 0.0019305019305019305
0 0.8075933075933076 0.7422779922779923 0.001287001287001287 0.0019305019305019305
0 0.7972972972972973 0.7422779922779923 0.001287001287001287 0.0019305019305019305
0 0.08687258687258688 0.7403474903474904 0.001287001287001287 0.0019305019305019305
0 0.07464607464607464 0.7393822393822393 0.002574002574002574 0.003861003861003861
0 0.06241956241956242 0.7345559845559846 0.001287001287001287 0.0019305019305019305
0 0.7908622908622909 0.7306949806949807 0.003861003861003861 0.0019305019305019305
0 0.7818532818532818 0.724903474903475 0.001287001287001287 0.0019305019305019305
0 0.7921492921492922 0.7133204633204633 0.001287001287001287 0.0019305019305019305
0 0.052123552123552123 0.7113899613899614 0.001287001287001287 0.0019305019305019305
0 0.7683397683397684 0.7027027027027027 0.002574002574002574 0.003861003861003861
0 0.7709137709137709 0.6988416988416989 0.002574002574002574 0.003861003861003861
0 0.04826254826254826 0.694015444015444 0.001287001287001287 0.0019305019305019305
0 0.7702702702702703 0.6872586872586872 0.003861003861003861 0.015444015444015444
0 0.039253539253539256 0.6785714285714286 0.001287001287001287 0.0019305019305019305
0 0.8912483912483913 0.6776061776061776 0.001287001287001287 0.003861003861003861
0 0.8603603603603603 0.6776061776061776 0.003861003861003861 0.003861003861003861
0 0.8346203346203346 0.6776061776061776 0.001287001287001287 0.003861003861003861
0 0.8944658944658944 0.6766409266409267 0.002574002574002574 0.005791505791505791
0 0.8346203346203346 0.668918918918919 0.001287001287001287 0.0019305019305019305
0 0.9157014157014157 0.6631274131274131 0.001287001287001287 0.0019305019305019305
0 0.9111969111969112 0.6621621621621622 0.002574002574002574 0.003861003861003861
0 0.7812097812097812 0.6621621621621622 0.002574002574002574 0.003861003861003861
0 0.9157014157014157 0.6573359073359073 0.001287001287001287 0.0019305019305019305
0 0.7953667953667953 0.6602316602316602 0.005148005148005148 0.007722007722007722
0 0.7541827541827542 0.6602316602316602 0.005148005148005148 0.007722007722007722
0 0.8018018018018018 0.6583011583011583 0.010296010296010296 0.011583011583011582
0 0.9298584298584298 0.6476833976833977 0.001287001287001287 0.0019305019305019305
0 0.747104247104247 0.6476833976833977 0.001287001287001287 0.0019305019305019305
0 0.021235521235521235 0.6476833976833977 0.001287001287001287 0.0019305019305019305
0 0.9343629343629344 0.6457528957528957 0.005148005148005148 0.005791505791505791
0 0.025096525096525095 0.638030888030888 0.001287001287001287 0.0019305019305019305
0 0.01287001287001287 0.6293436293436293 0.005148005148005148 0.007722007722007722
0 0.9794079794079794 0.6158301158301158 0.002574002574002574 0.003861003861003861
0 0.9755469755469756 0.611003861003861 0.002574002574002574 0.005791505791505791
0 0.011583011583011582 0.61003861003861 0.002574002574002574 0.003861003861003861
0 0.010939510939510939 0.6052123552123552 0.001287001287001287 0.0019305019305019305
0 0.007078507078507079 0.6013513513513513 0.001287001287001287 0.0019305019305019305
0 0.9967824967824968 0.5994208494208494 0.001287001287001287 0.0019305019305019305
0 0.002574002574002574 0.5994208494208494 0.005148005148005148 0.005791505791505791
0 0.9974259974259975 0.5260617760617761 0.002574002574002574 0.005791505791505791
0 0.9877734877734877 0.500965250965251 0.001287001287001287 0.0019305019305019305
0 0.9851994851994852 0.5 0.001287001287001287 0.003861003861003861
0 0.9877734877734877 0.4971042471042471 0.001287001287001287 0.0019305019305019305
0 0.019948519948519948 0.48359073359073357 0.001287001287001287 0.0019305019305019305
0 0.9877734877734877 0.4806949806949807 0.001287001287001287 0.003861003861003861
0 0.9851994851994852 0.4797297297297297 0.001287001287001287 0.0019305019305019305
0 0.021235521235521235 0.4797297297297297 0.001287001287001287 0.0019305019305019305
0 0.01866151866151866 0.4797297297297297 0.001287001287001287 0.0019305019305019305
0 0.012226512226512226 0.4797297297297297 0.001287001287001287 0.0019305019305019305
0 0.002574002574002574 0.4826254826254826 0.005148005148005148 0.007722007722007722
0 0.03667953667953668 0.46621621621621623 0.003861003861003861 0.005791505791505791
0 0.03346203346203346 0.472007722007722 0.005148005148005148 0.017374517374517374
0 0.04182754182754183 0.4527027027027027 0.001287001287001287 0.0019305019305019305
0 0.04633204633204633 0.4517374517374517 0.007722007722007722 0.007722007722007722
0 0.06241956241956242 0.4411196911196911 0.001287001287001287 0.0019305019305019305
0 0.06241956241956242 0.4333976833976834 0.001287001287001287 0.0019305019305019305
0 0.9568854568854569 0.42374517374517373 0.001287001287001287 0.0019305019305019305
0 0.052123552123552123 0.416988416988417 0.001287001287001287 0.003861003861003861
0 0.9562419562419563 0.4034749034749035 0.002574002574002574 0.003861003861003861
0 0.9453024453024453 0.3947876447876448 0.001287001287001287 0.0019305019305019305
0 0.04182754182754183 0.3909266409266409 0.001287001287001287 0.0019305019305019305
0 0.9446589446589446 0.3745173745173745 0.005148005148005148 0.007722007722007722
0 0.9343629343629344 0.3581081081081081 0.005148005148005148 0.005791505791505791
0 0.9298584298584298 0.3561776061776062 0.001287001287001287 0.0019305019305019305
0 0.0546975546975547 0.3561776061776062 0.001287001287001287 0.0019305019305019305
0 0.0489060489060489 0.361003861003861 0.007722007722007722 0.011583011583011582
0 0.043758043758043756 0.3590733590733591 0.005148005148005148 0.007722007722007722
0 0.9253539253539254 0.34459459459459457 0.002574002574002574 0.0019305019305019305
0 0.07271557271557272 0.34266409266409265 0.001287001287001287 0.0019305019305019305
0 0.07528957528957529 0.3407335907335907 0.001287001287001287 0.0019305019305019305
0 0.9157014157014157 0.33494208494208494 0.001287001287001287 0.0019305019305019305
0 0.10875160875160875 0.3252895752895753 0.001287001287001287 0.0019305019305019305
0 0.10424710424710425 0.3281853281853282 0.005148005148005148 0.007722007722007722
0 0.09974259974259975 0.3252895752895753 0.001287001287001287 0.0019305019305019305
0 0.09523809523809523 0.32722007722007723 0.005148005148005148 0.005791505791505791
0 0.9144144144144144 0.3252895752895753 0.003861003861003861 0.005791505791505791
0 0.9157014157014157 0.3194980694980695 0.001287001287001287 0.0019305019305019305
0 0.1287001287001287 0.3166023166023166 0.002574002574002574 0.003861003861003861
0 0.12548262548262548 0.3185328185328185 0.003861003861003861 0.007722007722007722
0 0.24453024453024452 0.3156370656370656 0.002574002574002574 0.005791505791505791
0 0.9105534105534105 0.31177606177606176 0.001287001287001287 0.0019305019305019305
0 0.1241956241956242 0.31177606177606176 0.001287001287001287 0.0019305019305019305
0 0.1402831402831403 0.3108108108108108 0.002574002574002574 0.003861003861003861
0 0.12934362934362933 0.3108108108108108 0.006435006435006435 0.003861003861003861
0 0.21557271557271557 0.29633204633204635 0.001287001287001287 0.0019305019305019305
0 0.21171171171171171 0.2972972972972973 0.003861003861003861 0.003861003861003861
0 0.212998712998713 0.2944015444015444 0.001287001287001287 0.0019305019305019305
0 0.24195624195624196 0.28957528957528955 0.002574002574002574 0.007722007722007722
0 0.23873873873873874 0.2876447876447876 0.001287001287001287 0.007722007722007722
0 0.9034749034749034 0.2808880308880309 0.005148005148005148 0.005791505791505791
0 0.898970398970399 0.27895752895752896 0.001287001287001287 0.0019305019305019305
0 0.8912483912483913 0.27895752895752896 0.001287001287001287 0.0019305019305019305
0 0.8848133848133848 0.2644787644787645 0.001287001287001287 0.003861003861003861
0 0.8822393822393823 0.2635135135135135 0.001287001287001287 0.0019305019305019305
0 0.8667953667953668 0.2644787644787645 0.006435006435006435 0.003861003861003861
0 0.853925353925354 0.24903474903474904 0.001287001287001287 0.003861003861003861
0 0.8513513513513513 0.24806949806949807 0.001287001287001287 0.0019305019305019305
0 0.8378378378378378 0.25 0.010296010296010296 0.005791505791505791
0 0.8301158301158301 0.24806949806949807 0.002574002574002574 0.0019305019305019305
0 0.21685971685971686 0.24420849420849422 0.001287001287001287 0.0019305019305019305
0 0.823037323037323 0.24034749034749034 0.001287001287001287 0.0019305019305019305
0 0.21943371943371942 0.23938223938223938 0.003861003861003861 0.007722007722007722
0 0.8153153153153153 0.21814671814671815 0.001287001287001287 0.003861003861003861
0 0.2084942084942085 0.21235521235521235 0.005148005148005148 0.007722007722007722
0 0.1981981981981982 0.18146718146718147 0.005148005148005148 0.007722007722007722
0 0.20012870012870013 0.17664092664092665 0.001287001287001287 0.0019305019305019305
0 0.19755469755469757 0.17471042471042472 0.001287001287001287 0.0019305019305019305
0 0.7767052767052767 0.17277992277992277 0.001287001287001287 0.0019305019305019305
0 0.8005148005148005 0.17374517374517376 0.005148005148005148 0.007722007722007722
0 0.7792792792792793 0.17084942084942084 0.001287001287001287 0.0019305019305019305
0 0.7696267696267697 0.15444015444015444 0.005148005148005148 0.011583011583011582
0 0.18597168597168598 0.14961389961389962 0.001287001287001287 0.0019305019305019305
0 0.7696267696267697 0.14285714285714285 0.005148005148005148 0.007722007722007722
0 0.7387387387387387 0.1274131274131274 0.005148005148005148 0.007722007722007722
0 0.7277992277992278 0.12451737451737452 0.001287001287001287 0.0019305019305019305
0 0.7149292149292149 0.12644787644787644 0.003861003861003861 0.005791505791505791
0 0.6068211068211068 0.111003861003861 0.001287001287001287 0.0019305019305019305
0 0.555984555984556 0.111003861003861 0.002574002574002574 0.0019305019305019305
0 0.6891891891891891 0.10907335907335908 0.001287001287001287 0.0019305019305019305
0 0.6853281853281853 0.111003861003861 0.003861003861003861 0.005791505791505791
0 0.6814671814671814 0.10907335907335908 0.001287001287001287 0.0019305019305019305
0 0.6344916344916345 0.11003861003861004 0.002574002574002574 0.003861003861003861
0 0.6306306306306306 0.10907335907335908 0.002574002574002574 0.0019305019305019305
0 0.5746460746460746 0.10907335907335908 0.001287001287001287 0.0019305019305019305
0 0.18468468468468469 0.09555984555984556 0.003861003861003861 0.0019305019305019305
0 0.19626769626769627 0.0859073359073359 0.001287001287001287 0.0019305019305019305
0 0.1981981981981982 0.08204633204633205 0.002574002574002574 0.0019305019305019305
0 0.20077220077220076 0.07915057915057915 0.002574002574002574 0.003861003861003861
0 0.19626769626769627 0.07818532818532818 0.001287001287001287 0.0019305019305019305
0 0.22844272844272845 0.06853281853281853 0.001287001287001287 0.0019305019305019305
0 0.2232947232947233 0.06756756756756757 0.006435006435006435 0.011583011583011582
0 0.2187902187902188 0.06563706563706563 0.005148005148005148 0.007722007722007722
0 0.4472329472329472 0.05308880308880309 0.001287001287001287 0.0019305019305019305
0 0.4214929214929215 0.05308880308880309 0.001287001287001287 0.0019305019305019305
0 0.2483912483912484 0.05308880308880309 0.002574002574002574 0.0019305019305019305
0 0.2528957528957529 0.05115830115830116 0.001287001287001287 0.0019305019305019305
0 0.4498069498069498 0.052123552123552123 0.003861003861003861 0.007722007722007722
0 0.4214929214929215 0.04922779922779923 0.001287001287001287 0.0019305019305019305
0 0.4517374517374517 0.04826254826254826 0.002574002574002574 0.003861003861003861
0 0.43564993564993565 0.0472972972972973 0.001287001287001287 0.0019305019305019305
0 0.43307593307593306 0.04826254826254826 0.001287001287001287 0.003861003861003861
0 0.25675675675675674 0.04922779922779923 0.003861003861003861 0.005791505791505791
0 0.2528957528957529 0.0472972972972973 0.001287001287001287 0.0019305019305019305
0 0.24903474903474904 0.04826254826254826 0.003861003861003861 0.003861003861003861
0 0.26126126126126126 0.041505791505791506 0.007722007722007722 0.013513513513513514
0 0.3642213642213642 0.033783783783783786 0.002574002574002574 0.0019305019305019305
0 0.3906048906048906 0.032818532818532815 0.001287001287001287 0.003861003861003861
0 0.38803088803088803 0.03185328185328185 0.001287001287001287 0.0019305019305019305
0 0.37258687258687256 0.03185328185328185 0.001287001287001287 0.0019305019305019305
0 0.3687258687258687 0.03185328185328185 0.001287001287001287 0.0019305019305019305
0 0.27413127413127414 0.032818532818532815 0.002574002574002574 0.003861003861003861
0 0.2644787644787645 0.03185328185328185 0.001287001287001287 0.0019305019305019305
0 0.25997425997426 0.033783783783783786 0.005148005148005148 0.005791505791505791
0 0.30694980694980695 0.023166023166023165 0.003861003861003861 0.007722007722007722
0 0.30373230373230375 0.01833976833976834 0.002574002574002574 0.005791505791505791
0 0.5 0.4555984555984556 1.0 0.8803088803088803
