0 0.9687975646879756 0.98671875 0.0015220700152207 0.0015625
0 0.875951293759513 0.98671875 0.0015220700152207 0.0015625
0 0.865296803652968 0.98515625 0.0015220700152207 0.0015625
0 0.9710806697108066 0.984375 0.0060882800608828 0.00625
0 0.9733637747336378 0.98046875 0.0015220700152207 0.0015625
0 0.8683409436834094 0.98125 0.0045662100456621 0.00625
0 0.9855403348554034 0.97265625 0.0015220700152207 0.0015625
0 0.8668188736681888 0.97578125 0.0045662100456621 0.0078125
0 0.982496194824962 0.96875 0.0045662100456621 0.00625
0 0.8668188736681888 0.96328125 0.0045662100456621 0.0046875
0 0.984779299847793 0.95390625 0.0030441400304414 0.0015625
0 0.8668188736681888 0.95390625 0.0015220700152207 0.0015625
0 0.9855403348554034 0.93046875 0.0015220700152207 0.0015625
0 0.9193302891933028 0.92578125 0.0030441400304414 0.0015625
0 0.9855403348554034 0.92421875 0.0015220700152207 0.0015625
0 0.8546423135464232 0.92421875 0.0015220700152207 0.0015625
0 0.9855403348554034 0.92109375 0.0015220700152207 0.0015625
0 0.9003044140030442 0.91953125 0.0015220700152207 0.0015625
0 0.982496194824962 0.91875 0.0015220700152207 0.003125
0 0.9855403348554034 0.91640625 0.0015220700152207 0.0015625
0 0.8538812785388128 0.9171875 0.0030441400304414 0.003125
0 0.9855403348554034 0.91328125 0.0015220700152207 0.0015625
0 0.9627092846270928 0.91328125 0.0015220700152207 0.0015625
0 0.9528158295281582 0.915625 0.0060882800608828 0.00625
0 0.943683409436834 0.90703125 0.0121765601217656 0.0109375
0 0.20624048706240486 0.89765625 0.0015220700152207 0.0015625
0 0.20015220700152206 0.8984375 0.0076103500761035 0.003125
0 0.9710806697108066 0.896875 0.0060882800608828 0.00625
0 0.2009132420091324 0.89375 0.0030441400304414 0.003125
0 0.9642313546423136 0.8953125 0.0106544901065449 0.009375
0 0.8561643835616438 0.89375 0.0045662100456621 0.00625
0 0.8531202435312024 0.88984375 0.0015220700152207 0.0015625
0 0.20471841704718416 0.8921875 0.0045662100456621 0.00625
0 0.8637747336377474 0.88828125 0.0015220700152207 0.0015625
0 0.6377473363774734 0.88671875 0.0030441400304414 0.0015625
0 0.21232876712328766 0.88671875 0.0015220700152207 0.0015625
0 0.7054794520547946 0.88515625 0.0015220700152207 0.0015625
0 0.17732115677321156 0.8859375 0.0045662100456621 0.003125
0 0.621765601217656 0.88359375 0.0015220700152207 0.0015625
0 0.17275494672754946 0.88359375 0.0015220700152207 0.0015625
0 0.7054794520547946 0.88203125 0.0015220700152207 0.0015625
0 0.6986301369863014 0.884375 0.0091324200913242 0.00625
0 0.15905631659056316 0.88203125 0.0015220700152207 0.0015625
0 0.7024353120243532 0.87890625 0.0045662100456621 0.0046875
0 0.14992389649923896 0.87421875 0.0015220700152207 0.0015625
0 0.14687975646879756 0.87421875 0.0015220700152207 0.0015625
0 0.7229832572298326 0.8734375 0.0030441400304414 0.003125
0 0.2663622526636225 0.87265625 0.0030441400304414 0.0015625
0 0.7313546423135464 0.87109375 0.0015220700152207 0.0015625
0 0.2648401826484018 0.86953125 0.0030441400304414 0.0015625
0 0.7420091324200914 0.86640625 0.0015220700152207 0.0015625
0 0.9710806697108066 0.86875 0.0060882800608828 0.009375
0 0.9687975646879756 0.86171875 0.0015220700152207 0.0015625
0 0.0958904109589041 0.8609375 0.0030441400304414 0.003125
0 0.9687975646879756 0.85859375 0.0015220700152207 0.0015625
0 0.1324200913242009 0.8609375 0.0030441400304414 0.00625
0 0.0882800608828006 0.86015625 0.0060882800608828 0.0046875
0 0.7640791476407914 0.859375 0.0060882800608828 0.00625
0 0.971841704718417 0.8578125 0.0045662100456621 0.009375
0 0.621765601217656 0.85390625 0.0015220700152207 0.0015625
0 0.13013698630136986 0.85625 0.0045662100456621 0.00625
0 0.13318112633181126 0.85234375 0.0015220700152207 0.0015625
0 0.9733637747336378 0.85078125 0.0015220700152207 0.0015625
0 0.910958904109589 0.8515625 0.0015220700152207 0.003125
0 0.906392694063927 0.85234375 0.0045662100456621 0.0046875
0 0.9193302891933028 0.91875 0.1339421613394216 0.1375
0 0.8668188736681888 0.8515625 0.0045662100456621 0.003125
0 0.16210045662100456 0.85078125 0.0015220700152207 0.0015625
0 0.776255707762557 0.846875 0.0060882800608828 0.00625
0 0.6430745814307458 0.83828125 0.0015220700152207 0.0015625
0 0.6377473363774734 0.84296875 0.0091324200913242 0.0109375
0 0.2998477929984779 0.83671875 0.0030441400304414 0.0015625
0 0.2914764079147641 0.83671875 0.0015220700152207 0.0015625
0 0.2762557077625571 0.83671875 0.0015220700152207 0.0015625
0 0.16666666666666666 0.83671875 0.0015220700152207 0.0015625
0 0.3036529680365297 0.83359375 0.0015220700152207 0.0015625
0 0.3006088280060883 0.83359375 0.0015220700152207 0.0015625
0 0.2686453576864536 0.83671875 0.0106544901065449 0.0078125
0 0.1613394216133942 0.83515625 0.0060882800608828 0.0046875
0 0.07534246575342465 0.83515625 0.0045662100456621 0.0046875
0 0.7754946727549468 0.82890625 0.0015220700152207 0.0015625
0 0.6636225266362252 0.828125 0.0030441400304414 0.003125
0 0.6598173515981736 0.82734375 0.0015220700152207 0.0015625
0 0.7343987823439878 0.828125 0.0106544901065449 0.00625
0 0.723744292237443 0.82578125 0.0015220700152207 0.0015625
0 0.1187214611872146 0.828125 0.0060882800608828 0.00625
0 0.6704718417047184 0.82109375 0.0015220700152207 0.0015625
0 0.10882800608828005 0.81484375 0.0015220700152207 0.0015625
0 0.06164383561643835 0.815625 0.0015220700152207 0.003125
0 0.715372907153729 0.815625 0.0060882800608828 0.00625
0 0.7054794520547946 0.81328125 0.0015220700152207 0.0015625
0 0.6894977168949772 0.81328125 0.0030441400304414 0.0015625
0 0.6811263318112634 0.81328125 0.0015220700152207 0.0015625
0 0.700152207001522 0.85 0.1582952815829528 0.075
0 0.3036529680365297 0.81171875 0.0015220700152207 0.0015625
0 0.05859969558599695 0.8109375 0.0015220700152207 0.003125
0 0.10882800608828005 0.80703125 0.0015220700152207 0.0015625
0 0.10882800608828005 0.80078125 0.0015220700152207 0.0015625
0 0.09512937595129375 0.7890625 0.0045662100456621 0.003125
0 0.0502283105022831 0.79140625 0.0030441400304414 0.0078125
0 0.5007610350076104 0.7859375 0.0030441400304414 0.003125
0 0.4878234398782344 0.78359375 0.0015220700152207 0.0015625
0 0.4931506849315068 0.784375 0.0091324200913242 0.00625
0 0.0837138508371385 0.77734375 0.0030441400304414 0.0046875
0 0.0791476407914764 0.77734375 0.0030441400304414 0.0046875
0 0.4634703196347032 0.7734375 0.0015220700152207 0.003125
0 0.4360730593607306 0.7734375 0.0045662100456621 0.003125
0 0.4277016742770167 0.7734375 0.0030441400304414 0.003125
0 0.4193302891933029 0.77265625 0.0015220700152207 0.0015625
0 0.4246575342465753 0.77265625 0.0030441400304414 0.0046875
0 0.03729071537290715 0.77109375 0.0015220700152207 0.0015625
0 0.5228310502283106 0.76484375 0.0015220700152207 0.0015625
0 0.06468797564687975 0.76328125 0.0015220700152207 0.0015625
0 0.4589041095890411 0.76171875 0.0015220700152207 0.0015625
0 0.4558599695585997 0.76171875 0.0015220700152207 0.0015625
0 0.4421613394216134 0.76015625 0.0015220700152207 0.0015625
0 0.12252663622526636 0.76015625 0.0015220700152207 0.0015625
0 0.3401826484018265 0.759375 0.0015220700152207 0.00625
0 0.5190258751902588 0.7578125 0.0091324200913242 0.009375
0 0.12557077625570776 0.75625 0.0045662100456621 0.00625
0 0.5205479452054794 0.75234375 0.0060882800608828 0.0046875
0 0.515220700152207 0.75078125 0.0015220700152207 0.0015625
0 0.1232876712328767 0.75234375 0.0030441400304414 0.0046875
0 0.1293759512937595 0.75078125 0.0030441400304414 0.0046875
0 0.11339421613394216 0.74921875 0.0015220700152207 0.0015625
0 0.09056316590563165 0.74921875 0.0015220700152207 0.0015625
0 0.7686453576864536 0.7484375 0.0030441400304414 0.003125
0 0.7648401826484018 0.7484375 0.0015220700152207 0.003125
0 0.1248097412480974 0.7484375 0.0030441400304414 0.003125
0 0.08599695585996955 0.74765625 0.0015220700152207 0.0015625
0 0.05859969558599695 0.75 0.0045662100456621 0.00625
0 0.02511415525114155 0.74765625 0.0015220700152207 0.0015625
0 0.1187214611872146 0.74765625 0.0060882800608828 0.0046875
0 0.06012176560121765 0.74609375 0.0015220700152207 0.0015625
0 0.7397260273972602 0.746875 0.0060882800608828 0.00625
0 0.7214611872146118 0.746875 0.0060882800608828 0.00625
0 0.05707762557077625 0.74453125 0.0015220700152207 0.0015625
0 0.02815829528158295 0.74609375 0.0015220700152207 0.0046875
0 0.02511415525114155 0.74296875 0.0015220700152207 0.0015625
0 0.730593607305936 0.7453125 0.015220700152207 0.009375
0 0.5083713850837138 0.740625 0.0060882800608828 0.00625
0 0.4984779299847793 0.73828125 0.0015220700152207 0.0015625
0 0.4946727549467275 0.73828125 0.0030441400304414 0.0015625
0 0.4147640791476408 0.73046875 0.0015220700152207 0.0015625
0 0.713089802130898 0.72421875 0.0015220700152207 0.0015625
0 0.4619482496194825 0.71953125 0.0015220700152207 0.0015625
0 0.01293759512937595 0.71171875 0.0015220700152207 0.0015625
0 0.8112633181126332 0.70859375 0.0091324200913242 0.0078125
0 0.01293759512937595 0.69765625 0.0015220700152207 0.0015625
0 0.6963470319634704 0.6859375 0.0045662100456621 0.003125
0 0.6415525114155252 0.67421875 0.0015220700152207 0.0015625
0 0.01293759512937595 0.67421875 0.0015220700152207 0.0015625
0 0.6445966514459666 0.6734375 0.0015220700152207 0.003125
0 0.6111111111111112 0.67265625 0.0045662100456621 0.0046875
0 0.621765601217656 0.671875 0.0045662100456621 0.00625
0 0.8272450532724506 0.66328125 0.0015220700152207 0.0015625
0 0.4741248097412481 0.66328125 0.0015220700152207 0.0015625
0 0.6506849315068494 0.66171875 0.0015220700152207 0.0015625
0 0.647640791476408 0.66171875 0.0015220700152207 0.0015625
0 0.5928462709284628 0.66171875 0.0015220700152207 0.0015625
0 0.654490106544901 0.6609375 0.0030441400304414 0.003125
0 0.6590563165905632 0.66015625 0.0030441400304414 0.0046875
0 0.589041095890411 0.66015625 0.0060882800608828 0.0046875
0 0.5852359208523592 0.65703125 0.0015220700152207 0.0015625
0 0.589041095890411 0.65625 0.0030441400304414 0.003125
0 0.4832572298325723 0.64921875 0.0015220700152207 0.0015625
0 0.5730593607305936 0.64609375 0.0015220700152207 0.0015625
0 0.4863013698630137 0.64609375 0.0015220700152207 0.0015625
0 0.4954337899543379 0.63671875 0.0015220700152207 0.0015625
0 0.4923896499238965 0.63671875 0.0015220700152207 0.0015625
0 0.02815829528158295 0.6375 0.0015220700152207 0.003125
0 0.4984779299847793 0.63359375 0.0015220700152207 0.0015625
0 0.5487062404870624 0.62890625 0.0015220700152207 0.0015625
0 0.03424657534246575 0.62578125 0.0015220700152207 0.0015625
0 0.5182648401826484 0.62421875 0.0015220700152207 0.0015625
0 0.54337899543379 0.6234375 0.0030441400304414 0.003125
0 0.5395738203957382 0.62265625 0.0015220700152207 0.0015625
0 0.5213089802130898 0.62265625 0.0015220700152207 0.0015625
0 0.03729071537290715 0.61953125 0.0015220700152207 0.0015625
0 0.5334855403348554 0.62109375 0.0076103500761035 0.0078125
0 0.5273972602739726 0.6203125 0.0076103500761035 0.009375
0 0.0273972602739726 0.609375 0.0060882800608828 0.00625
0 0.02815829528158295 0.58984375 0.0076103500761035 0.0078125
0 0.02511415525114155 0.58515625 0.0015220700152207 0.0015625
0 0.8272450532724506 0.57265625 0.0015220700152207 0.0015625
0 0.8242009132420092 0.57265625 0.0015220700152207 0.0015625
0 0.02511415525114155 0.55703125 0.0015220700152207 0.0015625
0 0.8272450532724506 0.52109375 0.0015220700152207 0.0015625
0 0.8272450532724506 0.51640625 0.0015220700152207 0.0015625
0 0.8272450532724506 0.47734375 0.0015220700152207 0.0015625
0 0.8242009132420092 0.47578125 0.0015220700152207 0.0015625
0 0.015220700152207 0.47265625 0.0060882800608828 0.0046875
0 0.01445966514459665 0.46796875 0.0015220700152207 0.0015625
0 0.01445966514459665 0.4640625 0.0045662100456621 0.003125
0 0.8272450532724506 0.46171875 0.0015220700152207 0.0015625
0 0.8272450532724506 0.39921875 0.0015220700152207 0.0015625
0 0.8257229832572298 0.3890625 0.0045662100456621 0.003125
0 0.01445966514459665 0.36953125 0.0015220700152207 0.0015625
0 0.2480974124809741 0.36875 0.0030441400304414 0.003125
0 0.2519025875190259 0.36328125 0.0015220700152207 0.0015625
0 0.2480974124809741 0.36484375 0.0060882800608828 0.0046875
0 0.24277016742770166 0.36328125 0.0015220700152207 0.0015625
0 0.015220700152207 0.36484375 0.0060882800608828 0.0046875
0 0.24277016742770166 0.35703125 0.0015220700152207 0.0015625
0 0.24277016742770166 0.34609375 0.0015220700152207 0.0015625
0 0.03424657534246575 0.33828125 0.0015220700152207 0.0015625
0 0.0289193302891933 0.34296875 0.0091324200913242 0.0109375
0 0.258751902587519 0.3359375 0.0060882800608828 0.00625
0 0.24277016742770166 0.32890625 0.0015220700152207 0.0015625
0 0.23668188736681886 0.32890625 0.0015220700152207 0.0015625
0 0.258751902587519 0.328125 0.0060882800608828 0.00625
0 0.23972602739726026 0.32578125 0.0015220700152207 0.0015625
0 0.23668188736681886 0.32578125 0.0015220700152207 0.0015625
0 0.0395738203957382 0.32734375 0.0060882800608828 0.0046875
0 0.2298325722983257 0.31640625 0.0030441400304414 0.0046875
0 0.815068493150685 0.30859375 0.0015220700152207 0.0015625
0 0.2176560121765601 0.30390625 0.0030441400304414 0.0046875
0 0.2762557077625571 0.30078125 0.0015220700152207 0.0015625
0 0.2709284627092846 0.30234375 0.0060882800608828 0.0046875
0 0.815068493150685 0.29453125 0.0015220700152207 0.0015625
0 0.05251141552511415 0.29375 0.0045662100456621 0.00625
0 0.04946727549467275 0.28984375 0.0015220700152207 0.0015625
0 0.2831050228310502 0.290625 0.0060882800608828 0.00625
0 0.815068493150685 0.28359375 0.0015220700152207 0.0015625
0 0.19406392694063926 0.28203125 0.0015220700152207 0.0015625
0 0.06925418569254185 0.27890625 0.0015220700152207 0.0015625
0 0.3006088280060883 0.27578125 0.0015220700152207 0.0015625
0 0.2952815829528158 0.27734375 0.0060882800608828 0.0046875
0 0.1933028919330289 0.27734375 0.0030441400304414 0.0046875
0 0.0639269406392694 0.278125 0.0060882800608828 0.00625
0 0.3127853881278539 0.26328125 0.0015220700152207 0.0015625
0 0.3074581430745814 0.26484375 0.0060882800608828 0.0046875
0 0.1811263318112633 0.26484375 0.0030441400304414 0.0046875
0 0.1765601217656012 0.26484375 0.0030441400304414 0.0046875
0 0.0837138508371385 0.2640625 0.0030441400304414 0.003125
0 0.076103500761035 0.26484375 0.0060882800608828 0.0046875
0 0.317351598173516 0.25390625 0.0015220700152207 0.0015625
0 0.3485540334855403 0.25078125 0.0030441400304414 0.0015625
0 0.16971080669710806 0.253125 0.0015220700152207 0.00625
0 0.1643835616438356 0.253125 0.0060882800608828 0.00625
0 0.15905631659056316 0.25078125 0.0015220700152207 0.0015625
0 0.08751902587519025 0.253125 0.0045662100456621 0.00625
0 0.3660578386605784 0.24765625 0.0015220700152207 0.0015625
0 0.3698630136986301 0.2453125 0.0030441400304414 0.003125
0 0.09817351598173515 0.24453125 0.0015220700152207 0.0015625
0 0.15753424657534246 0.240625 0.0015220700152207 0.00625
0 0.15220700152207 0.240625 0.0060882800608828 0.00625
0 0.0989345509893455 0.23984375 0.0030441400304414 0.0046875
0 0.11035007610350075 0.23359375 0.0015220700152207 0.0015625
0 0.8028919330289194 0.23046875 0.0015220700152207 0.0015625
0 0.14535768645357686 0.22890625 0.0015220700152207 0.0015625
0 0.802130898021309 0.2265625 0.0030441400304414 0.003125
0 0.136986301369863 0.22734375 0.0060882800608828 0.0046875
0 0.12100456621004566 0.22578125 0.0015220700152207 0.0015625
0 0.7907153729071538 0.21796875 0.0015220700152207 0.0015625
0 0.7884322678843226 0.2109375 0.0060882800608828 0.00625
0 0.3942161339421613 0.2078125 0.0091324200913242 0.009375
0 0.7884322678843226 0.203125 0.0060882800608828 0.00625
0 0.3980213089802131 0.20078125 0.0015220700152207 0.0015625
0 0.3926940639269406 0.20234375 0.0060882800608828 0.0046875
0 0.7785388127853882 0.19140625 0.0015220700152207 0.0015625
0 0.4147640791476408 0.18828125 0.0015220700152207 0.0015625
0 0.4117199391171994 0.18828125 0.0015220700152207 0.0015625
0 0.4063926940639269 0.19296875 0.0091324200913242 0.0109375
0 0.7663622526636226 0.178125 0.0015220700152207 0.00625
0 0.76103500761035 0.178125 0.0060882800608828 0.00625
0 0.4269406392694064 0.17578125 0.0015220700152207 0.0015625
0 0.423896499238965 0.17578125 0.0015220700152207 0.0015625
0 0.4185692541856925 0.18046875 0.0091324200913242 0.0109375
0 0.7526636225266362 0.16796875 0.0015220700152207 0.0015625
0 0.7511415525114156 0.1640625 0.0076103500761035 0.003125
0 0.439117199391172 0.16328125 0.0015220700152207 0.0015625
0 0.4360730593607306 0.16328125 0.0015220700152207 0.0015625
0 0.4307458143074581 0.16796875 0.0091324200913242 0.0109375
0 0.4482496194824962 0.15078125 0.0015220700152207 0.0015625
0 0.4429223744292237 0.15546875 0.0091324200913242 0.0109375
0 0.4512937595129376 0.14140625 0.0015220700152207 0.0015625
0 0.7397260273972602 0.140625 0.0060882800608828 0.00625
0 0.728310502283105 0.1359375 0.0045662100456621 0.00625
0 0.7252663622526636 0.13203125 0.0015220700152207 0.0015625
0 0.4512937595129376 0.12734375 0.0015220700152207 0.0015625
0 0.728310502283105 0.12734375 0.0045662100456621 0.0046875
0 0.7161339421613394 0.11796875 0.0015220700152207 0.0015625
0 0.7146118721461188 0.1140625 0.0076103500761035 0.003125
0 0.6461187214611872 0.11328125 0.0015220700152207 0.0015625
0 0.4657534246575342 0.103125 0.0060882800608828 0.00625
0 0.693302891933029 0.09140625 0.0015220700152207 0.0015625
0 0.6902587519025876 0.08828125 0.0015220700152207 0.0015625
0 0.6735159817351598 0.08828125 0.0015220700152207 0.0015625
0 0.6704718417047184 0.0890625 0.0015220700152207 0.003125
0 0.4878234398782344 0.07890625 0.0015220700152207 0.0015625
0 0.6202435312024354 0.07578125 0.0015220700152207 0.0015625
0 0.619482496194825 0.0640625 0.0030441400304414 0.003125
0 0.5091324200913242 0.06328125 0.0015220700152207 0.0015625
0 0.5038051750380518 0.06796875 0.0091324200913242 0.0109375
0 0.6080669710806698 0.05703125 0.0015220700152207 0.0015625
0 0.6080669710806698 0.05390625 0.0015220700152207 0.0015625
0 0.5121765601217656 0.05390625 0.0015220700152207 0.0015625
0 0.606544901065449 0.05078125 0.0015220700152207 0.0015625
0 0.5951293759512938 0.03984375 0.0030441400304414 0.0015625
0 0.5251141552511416 0.04140625 0.0030441400304414 0.0046875
0 0.591324200913242 0.02890625 0.0015220700152207 0.0015625
0 0.5372907153729072 0.0296875 0.0030441400304414 0.00625
0 0.5951293759512938 0.0265625 0.0030441400304414 0.003125
0 0.5898021308980214 0.0265625 0.0045662100456621 0.003125
0 0.5494672754946728 0.0140625 0.0030441400304414 0.003125
0 0.560882800608828 0.00859375 0.0015220700152207 0.0015625
0 0.5639269406392694 0.00703125 0.0015220700152207 0.0015625
0 0.4200913242009132 0.45 0.8158295281582952 0.9
0 0.5624048706240488 0.003125 0.0045662100456621 0.00625
