0 0.7186495176848875 0.9285714285714286 0.003215434083601286 0.004081632653061225
0 0.729903536977492 0.926530612244898 0.006430868167202572 0.00816326530612245
0 0.7435691318327974 0.9132653061224489 0.001607717041800643 0.0020408163265306124
0 0.7403536977491961 0.9132653061224489 0.001607717041800643 0.0020408163265306124
0 0.677652733118971 0.9132653061224489 0.001607717041800643 0.0020408163265306124
0 0.659967845659164 0.9132653061224489 0.001607717041800643 0.0020408163265306124
0 0.6342443729903537 0.9132653061224489 0.001607717041800643 0.0020408163265306124
0 0.6993569131832797 0.9122448979591836 0.003215434083601286 0.004081632653061225
0 0.6929260450160771 0.9122448979591836 0.003215434083601286 0.004081632653061225
0 0.6543408360128617 0.9122448979591836 0.003215434083601286 0.004081632653061225
0 0.6310289389067524 0.9122448979591836 0.001607717041800643 0.004081632653061225
0 0.33440514469453375 0.9122448979591836 0.006430868167202572 0.004081632653061225
0 0.7419614147909968 0.9081632653061225 0.00482315112540193 0.004081632653061225
0 0.6487138263665595 0.9071428571428571 0.001607717041800643 0.0020408163265306124
0 0.7451768488745981 0.9051020408163265 0.001607717041800643 0.0020408163265306124
0 0.6519292604501608 0.9081632653061225 0.00482315112540193 0.00816326530612245
0 0.7580385852090032 0.8969387755102041 0.001607717041800643 0.0020408163265306124
0 0.3070739549839228 0.8938775510204081 0.003215434083601286 0.004081632653061225
0 0.30064308681672025 0.8948979591836734 0.00964630225080386 0.006122448979591836
0 0.7580385852090032 0.8887755102040816 0.001607717041800643 0.0020408163265306124
0 0.6310289389067524 0.8765306122448979 0.001607717041800643 0.0020408163265306124
0 0.34646302250803857 0.8744897959183674 0.001607717041800643 0.0020408163265306124
0 0.26607717041800644 0.8642857142857143 0.001607717041800643 0.0020408163265306124
0 0.7684887459807074 0.8612244897959184 0.006430868167202572 0.00816326530612245
0 0.7805466237942122 0.8479591836734693 0.001607717041800643 0.0020408163265306124
0 0.3866559485530547 0.8479591836734693 0.001607717041800643 0.0020408163265306124
0 0.3963022508038585 0.8469387755102041 0.00482315112540193 0.004081632653061225
0 0.3882636655948553 0.8438775510204082 0.001607717041800643 0.0020408163265306124
0 0.7942122186495176 0.8448979591836735 0.006430868167202572 0.00816326530612245
0 0.2347266881028939 0.8448979591836735 0.006430868167202572 0.00816326530612245
0 0.22186495176848875 0.8285714285714286 0.006430868167202572 0.00816326530612245
0 0.6487138263665595 0.823469387755102 0.001607717041800643 0.0020408163265306124
0 0.6454983922829582 0.8214285714285714 0.001607717041800643 0.0020408163265306124
0 0.3963022508038585 0.8030612244897959 0.001607717041800643 0.0020408163265306124
0 0.795016077170418 0.813265306122449 0.00482315112540193 0.026530612244897958
0 0.659967845659164 0.7989795918367347 0.001607717041800643 0.0020408163265306124
0 0.21945337620578778 0.7908163265306123 0.001607717041800643 0.0020408163265306124
0 0.3882636655948553 0.7887755102040817 0.001607717041800643 0.0020408163265306124
0 0.3963022508038585 0.7857142857142857 0.00482315112540193 0.004081632653061225
0 0.3866559485530547 0.7846938775510204 0.001607717041800643 0.0020408163265306124
0 0.7813504823151125 0.7714285714285715 0.006430868167202572 0.00816326530612245
0 0.6519292604501608 0.7683673469387755 0.00482315112540193 0.0020408163265306124
0 0.20739549839228297 0.7581632653061224 0.003215434083601286 0.006122448979591836
0 0.3770096463022508 0.7520408163265306 0.001607717041800643 0.0020408163265306124
0 0.20819935691318328 0.7520408163265306 0.001607717041800643 0.0020408163265306124
0 0.36977491961414793 0.7459183673469387 0.003215434083601286 0.0020408163265306124
0 0.3641479099678457 0.7438775510204082 0.001607717041800643 0.0020408163265306124
0 0.6655948553054662 0.7397959183673469 0.003215434083601286 0.0020408163265306124
0 0.20659163987138263 0.7397959183673469 0.001607717041800643 0.0020408163265306124
0 0.6696141479099679 0.7357142857142858 0.001607717041800643 0.0020408163265306124
0 0.6663987138263665 0.7357142857142858 0.001607717041800643 0.0020408163265306124
0 0.6591639871382636 0.736734693877551 0.006430868167202572 0.004081632653061225
0 0.7580385852090032 0.7275510204081632 0.001607717041800643 0.0020408163265306124
0 0.27893890675241156 0.726530612244898 0.00482315112540193 0.00816326530612245
0 0.2829581993569132 0.7224489795918367 0.003215434083601286 0.004081632653061225
0 0.7580385852090032 0.7193877551020408 0.001607717041800643 0.0020408163265306124
0 0.7548231511254019 0.7193877551020408 0.001607717041800643 0.0020408163265306124
0 0.7508038585209004 0.7204081632653061 0.003215434083601286 0.004081632653061225
0 0.35771704180064307 0.7193877551020408 0.001607717041800643 0.0020408163265306124
0 0.3384244372990354 0.7193877551020408 0.001607717041800643 0.0020408163265306124
0 0.30305466237942125 0.7204081632653061 0.00482315112540193 0.004081632653061225
0 0.2942122186495177 0.7214285714285714 0.00964630225080386 0.006122448979591836
0 0.2861736334405145 0.7214285714285714 0.003215434083601286 0.006122448979591836
0 0.2733118971061093 0.7234693877551021 0.012861736334405145 0.01020408163265306
0 0.4895498392282958 0.7173469387755103 0.001607717041800643 0.0020408163265306124
0 0.4790996784565916 0.7173469387755103 0.003215434083601286 0.0020408163265306124
0 0.2652733118971061 0.7163265306122449 0.006430868167202572 0.00816326530612245
0 0.2692926045016077 0.7112244897959183 0.001607717041800643 0.0020408163265306124
0 0.2652733118971061 0.710204081632653 0.003215434083601286 0.004081632653061225
0 0.5008038585209004 0.7071428571428572 0.001607717041800643 0.0020408163265306124
0 0.684887459807074 0.7061224489795919 0.006430868167202572 0.00816326530612245
0 0.21945337620578778 0.7030612244897959 0.001607717041800643 0.0020408163265306124
0 0.2090032154340836 0.7071428571428572 0.006430868167202572 0.01020408163265306
0 0.7548231511254019 0.6928571428571428 0.001607717041800643 0.0020408163265306124
0 0.6977491961414791 0.689795918367347 0.006430868167202572 0.00816326530612245
0 0.5112540192926045 0.6908163265306122 0.006430868167202572 0.01020408163265306
0 0.4477491961414791 0.6846938775510204 0.001607717041800643 0.0020408163265306124
0 0.5136655948553055 0.6826530612244898 0.001607717041800643 0.0020408163265306124
0 0.4292604501607717 0.6826530612244898 0.00964630225080386 0.006122448979591836
0 0.23231511254019294 0.6724489795918367 0.001607717041800643 0.0020408163265306124
0 0.7757234726688103 0.6683673469387755 0.001607717041800643 0.0020408163265306124
0 0.7813504823151125 0.6663265306122449 0.006430868167202572 0.006122448979591836
0 0.5482315112540193 0.6663265306122449 0.00964630225080386 0.006122448979591836
0 0.5418006430868167 0.6653061224489796 0.003215434083601286 0.004081632653061225
0 0.3022508038585209 0.7836734693877551 0.19292604501607716 0.2612244897959184
0 0.23231511254019294 0.6551020408163265 0.001607717041800643 0.004081632653061225
0 0.7966237942122186 0.6520408163265307 0.001607717041800643 0.0020408163265306124
0 0.7339228295819936 0.6520408163265307 0.001607717041800643 0.0020408163265306124
0 0.7258842443729904 0.6510204081632653 0.00482315112540193 0.004081632653061225
0 0.3866559485530547 0.639795918367347 0.001607717041800643 0.0020408163265306124
0 0.5916398713826366 0.6357142857142857 0.003215434083601286 0.0020408163265306124
0 0.3882636655948553 0.6357142857142857 0.001607717041800643 0.0020408163265306124
0 0.6157556270096463 0.6346938775510204 0.003215434083601286 0.004081632653061225
0 0.6270096463022508 0.6326530612244898 0.006430868167202572 0.00816326530612245
0 0.7090032154340836 0.6265306122448979 0.003215434083601286 0.004081632653061225
0 0.7966237942122186 0.6234693877551021 0.001607717041800643 0.0020408163265306124
0 0.7114147909967846 0.6214285714285714 0.001607717041800643 0.0020408163265306124
0 0.7081993569131833 0.6214285714285714 0.001607717041800643 0.0020408163265306124
0 0.7885852090032154 0.6153061224489796 0.001607717041800643 0.0020408163265306124
0 0.3609324758842444 0.6153061224489796 0.001607717041800643 0.0020408163265306124
0 0.7942122186495176 0.6163265306122448 0.006430868167202572 0.00816326530612245
0 0.6527331189710611 0.6163265306122448 0.006430868167202572 0.00816326530612245
0 0.7282958199356914 0.6081632653061224 0.003215434083601286 0.004081632653061225
0 0.7234726688102894 0.6071428571428571 0.006430868167202572 0.006122448979591836
0 0.7363344051446945 0.6010204081632653 0.003215434083601286 0.006122448979591836
0 0.7379421221864951 0.5959183673469388 0.003215434083601286 0.004081632653061225
0 0.7339228295819936 0.5948979591836735 0.001607717041800643 0.0020408163265306124
0 0.7419614147909968 0.5887755102040816 0.001607717041800643 0.0020408163265306124
0 0.7379421221864951 0.5908163265306122 0.006430868167202572 0.006122448979591836
0 0.34807073954983925 0.5887755102040816 0.001607717041800643 0.0020408163265306124
0 0.8038585209003215 0.5836734693877551 0.003215434083601286 0.00816326530612245
0 0.34807073954983925 0.5806122448979592 0.001607717041800643 0.0020408163265306124
0 0.8078778135048231 0.5816326530612245 0.001607717041800643 0.00816326530612245
0 0.34807073954983925 0.576530612244898 0.001607717041800643 0.0020408163265306124
0 0.8078778135048231 0.5724489795918367 0.00482315112540193 0.006122448979591836
0 0.33681672025723475 0.5704081632653061 0.001607717041800643 0.0020408163265306124
0 0.8207395498392283 0.5693877551020409 0.00482315112540193 0.004081632653061225
0 0.8118971061093248 0.5693877551020409 0.003215434083601286 0.004081632653061225
0 0.3384244372990354 0.5663265306122449 0.001607717041800643 0.0020408163265306124
0 0.33520900321543406 0.5663265306122449 0.001607717041800643 0.0020408163265306124
0 0.33038585209003213 0.5540816326530612 0.001607717041800643 0.0020408163265306124
0 0.3247588424437299 0.5520408163265306 0.006430868167202572 0.006122448979591836
0 0.33360128617363344 0.5479591836734694 0.001607717041800643 0.0020408163265306124
0 0.7266881028938906 0.7346938775510204 0.19292604501607716 0.39183673469387753
0 0.6864951768488746 0.5377551020408163 0.003215434083601286 0.0020408163265306124
0 0.32636655948553056 0.5438775510204081 0.00964630225080386 0.014285714285714285
0 0.6905144694533762 0.5357142857142857 0.001607717041800643 0.0020408163265306124
0 0.6937299035369775 0.5336734693877551 0.001607717041800643 0.0020408163265306124
0 0.6889067524115756 0.5316326530612245 0.00482315112540193 0.006122448979591836
0 0.6937299035369775 0.5071428571428571 0.001607717041800643 0.0020408163265306124
0 0.32234726688102894 0.4642857142857143 0.001607717041800643 0.0020408163265306124
0 0.32234726688102894 0.4602040816326531 0.001607717041800643 0.0020408163265306124
0 0.24517684887459806 0.45408163265306123 0.001607717041800643 0.0020408163265306124
0 0.2491961414790997 0.4530612244897959 0.003215434083601286 0.00816326530612245
0 0.24517684887459806 0.4479591836734694 0.001607717041800643 0.0020408163265306124
0 0.32234726688102894 0.4418367346938776 0.001607717041800643 0.0020408163265306124
0 0.25643086816720256 0.4418367346938776 0.001607717041800643 0.0020408163265306124
0 0.2684887459807074 0.4387755102040816 0.003215434083601286 0.004081632653061225
0 0.7033762057877814 0.43673469387755104 0.008038585209003215 0.00816326530612245
0 0.7684887459807074 0.42346938775510207 0.003215434083601286 0.0020408163265306124
0 0.7612540192926045 0.42346938775510207 0.001607717041800643 0.0020408163265306124
0 0.317524115755627 0.42346938775510207 0.001607717041800643 0.0020408163265306124
0 0.7194533762057878 0.42142857142857143 0.001607717041800643 0.0020408163265306124
0 0.31189710610932475 0.42142857142857143 0.006430868167202572 0.006122448979591836
0 0.8327974276527331 0.4204081632653061 0.006430868167202572 0.00816326530612245
0 0.7194533762057878 0.4173469387755102 0.001607717041800643 0.0020408163265306124
0 0.3215434083601286 0.4173469387755102 0.003215434083601286 0.0020408163265306124
0 0.2692926045016077 0.4153061224489796 0.001607717041800643 0.0020408163265306124
0 0.7435691318327974 0.40714285714285714 0.001607717041800643 0.0020408163265306124
0 0.8480707395498392 0.4051020408163265 0.001607717041800643 0.0020408163265306124
0 0.2821543408360129 0.4030612244897959 0.001607717041800643 0.0020408163265306124
0 0.2733118971061093 0.4051020408163265 0.006430868167202572 0.006122448979591836
0 0.844855305466238 0.4 0.00482315112540193 0.00816326530612245
0 0.8472668810289389 0.3948979591836735 0.003215434083601286 0.006122448979591836
0 0.8408360128617364 0.39387755102040817 0.003215434083601286 0.004081632653061225
0 0.727491961414791 0.39081632653061227 0.001607717041800643 0.0020408163265306124
0 0.7339228295819936 0.38877551020408163 0.001607717041800643 0.0020408163265306124
0 0.2990353697749196 0.38979591836734695 0.003215434083601286 0.004081632653061225
0 0.2853697749196141 0.38979591836734695 0.001607717041800643 0.004081632653061225
0 0.08762057877813505 0.38979591836734695 0.001607717041800643 0.004081632653061225
0 0.08279742765273312 0.38877551020408163 0.00482315112540193 0.006122448979591836
0 0.3167202572347267 0.3795918367346939 0.003215434083601286 0.004081632653061225
0 0.20659163987138263 0.37857142857142856 0.001607717041800643 0.0020408163265306124
0 0.8480707395498392 0.37448979591836734 0.001607717041800643 0.0020408163265306124
0 0.8432475884244373 0.37448979591836734 0.001607717041800643 0.0020408163265306124
0 0.20659163987138263 0.37448979591836734 0.001607717041800643 0.0020408163265306124
0 0.04260450160771704 0.37244897959183676 0.001607717041800643 0.0020408163265306124
0 0.319935691318328 0.37142857142857144 0.003215434083601286 0.004081632653061225
0 0.8480707395498392 0.3663265306122449 0.001607717041800643 0.0020408163265306124
0 0.20659163987138263 0.3673469387755102 0.001607717041800643 0.004081632653061225
0 0.10209003215434084 0.3653061224489796 0.001607717041800643 0.004081632653061225
0 0.319935691318328 0.363265306122449 0.003215434083601286 0.004081632653061225
0 0.3159163987138264 0.36020408163265305 0.001607717041800643 0.0020408163265306124
0 0.8528938906752411 0.35816326530612247 0.001607717041800643 0.0020408163265306124
0 0.8585209003215434 0.35612244897959183 0.006430868167202572 0.006122448979591836
0 0.3536977491961415 0.3469387755102041 0.006430868167202572 0.00816326530612245
0 0.34807073954983925 0.3469387755102041 0.001607717041800643 0.00816326530612245
0 0.09887459807073955 0.34183673469387754 0.001607717041800643 0.0020408163265306124
0 0.10209003215434084 0.3408163265306122 0.001607717041800643 0.004081632653061225
0 0.3609324758842444 0.33163265306122447 0.001607717041800643 0.0020408163265306124
0 0.3207395498392283 0.33163265306122447 0.001607717041800643 0.0020408163265306124
0 0.3207395498392283 0.32755102040816325 0.001607717041800643 0.0020408163265306124
0 0.3167202572347267 0.32857142857142857 0.003215434083601286 0.004081632653061225
0 0.24517684887459806 0.32551020408163267 0.001607717041800643 0.0020408163265306124
0 0.33520900321543406 0.32142857142857145 0.001607717041800643 0.0020408163265306124
0 0.8593247588424437 0.3153061224489796 0.001607717041800643 0.0020408163265306124
0 0.10048231511254019 0.31326530612244896 0.001607717041800643 0.0020408163265306124
0 0.8609324758842444 0.30306122448979594 0.001607717041800643 0.0020408163265306124
0 0.08922829581993569 0.3010204081632653 0.001607717041800643 0.0020408163265306124
0 0.340032154340836 0.29897959183673467 0.001607717041800643 0.0020408163265306124
0 0.8609324758842444 0.2969387755102041 0.001607717041800643 0.0020408163265306124
0 0.8577170418006431 0.29897959183673467 0.001607717041800643 0.006122448979591836
0 0.3536977491961415 0.29591836734693877 0.006430868167202572 0.004081632653061225
0 0.3408360128617363 0.29489795918367345 0.003215434083601286 0.0020408163265306124
0 0.3360128617363344 0.2979591836734694 0.003215434083601286 0.00816326530612245
0 0.2580385852090032 0.29489795918367345 0.001607717041800643 0.0020408163265306124
0 0.24758842443729903 0.2979591836734694 0.006430868167202572 0.00816326530612245
0 0.08922829581993569 0.29489795918367345 0.001607717041800643 0.0020408163265306124
0 0.08360128617363344 0.29591836734693877 0.003215434083601286 0.004081632653061225
0 0.3770096463022508 0.2857142857142857 0.00482315112540193 0.00816326530612245
0 0.8456591639871383 0.28061224489795916 0.003215434083601286 0.0020408163265306124
0 0.3737942122186495 0.28061224489795916 0.001607717041800643 0.0020408163265306124
0 0.0008038585209003215 0.2785714285714286 0.001607717041800643 0.0020408163265306124
0 0.08118971061093247 0.27653061224489794 0.001607717041800643 0.0020408163265306124
0 0.08520900321543408 0.27448979591836736 0.006430868167202572 0.006122448979591836
0 0.08922829581993569 0.27040816326530615 0.001607717041800643 0.0020408163265306124
0 0.08520900321543408 0.2693877551020408 0.003215434083601286 0.004081632653061225
0 0.8480707395498392 0.26632653061224487 0.001607717041800643 0.0020408163265306124
0 0.3995176848874598 0.26632653061224487 0.001607717041800643 0.0020408163265306124
0 0.8392282958199357 0.2642857142857143 0.006430868167202572 0.006122448979591836
0 0.40273311897106107 0.2653061224489796 0.00482315112540193 0.012244897959183673
0 0.08762057877813505 0.2540816326530612 0.00482315112540193 0.006122448979591836
0 0.8215434083601286 0.24693877551020407 0.003215434083601286 0.004081632653061225
0 0.4284565916398714 0.24693877551020407 0.00482315112540193 0.004081632653061225
0 0.4091639871382637 0.24591836734693878 0.001607717041800643 0.0020408163265306124
0 0.01045016077170418 0.24591836734693878 0.001607717041800643 0.0020408163265306124
0 0.013665594855305467 0.2336734693877551 0.001607717041800643 0.0020408163265306124
0 0.8094855305466238 0.2316326530612245 0.001607717041800643 0.0020408163265306124
0 0.08922829581993569 0.2193877551020408 0.001607717041800643 0.0020408163265306124
0 0.8078778135048231 0.20918367346938777 0.00482315112540193 0.0020408163265306124
0 0.10209003215434084 0.20918367346938777 0.001607717041800643 0.0020408163265306124
0 0.4252411575562701 0.20714285714285716 0.001607717041800643 0.0020408163265306124
0 0.11414790996784566 0.20918367346938777 0.003215434083601286 0.006122448979591836
0 0.0297427652733119 0.2163265306122449 0.008038585209003215 0.02040816326530612
0 0.1085209003215434 0.20714285714285716 0.008038585209003215 0.006122448979591836
0 0.8086816720257235 0.19795918367346937 0.003215434083601286 0.004081632653061225
0 0.8038585209003215 0.1989795918367347 0.003215434083601286 0.006122448979591836
0 0.028938906752411574 0.2 0.006430868167202572 0.00816326530612245
0 0.4509646302250804 0.18877551020408162 0.001607717041800643 0.0020408163265306124
0 0.7966237942122186 0.1846938775510204 0.001607717041800643 0.0020408163265306124
0 0.4533762057877814 0.1846938775510204 0.003215434083601286 0.0020408163265306124
0 0.04019292604501608 0.18877551020408162 0.003215434083601286 0.01020408163265306
0 0.7934083601286174 0.1816326530612245 0.00482315112540193 0.004081632653061225
0 0.47508038585209006 0.18061224489795918 0.001607717041800643 0.0020408163265306124
0 0.4630225080385852 0.18571428571428572 0.006430868167202572 0.012244897959183673
0 0.4565916398713826 0.1816326530612245 0.003215434083601286 0.004081632653061225
0 0.4509646302250804 0.18061224489795918 0.001607717041800643 0.0020408163265306124
0 0.1270096463022508 0.1826530612244898 0.003215434083601286 0.006122448979591836
0 0.12138263665594855 0.18061224489795918 0.001607717041800643 0.0020408163265306124
0 0.04421221864951769 0.1826530612244898 0.008038585209003215 0.006122448979591836
0 0.5844051446945338 0.16428571428571428 0.001607717041800643 0.0020408163265306124
0 0.5731511254019293 0.1663265306122449 0.00482315112540193 0.006122448979591836
0 0.5683279742765274 0.1653061224489796 0.001607717041800643 0.004081632653061225
0 0.11495176848874598 0.1653061224489796 0.001607717041800643 0.004081632653061225
0 0.11173633440514469 0.16428571428571428 0.001607717041800643 0.0020408163265306124
0 0.0932475884244373 0.1653061224489796 0.003215434083601286 0.004081632653061225
0 0.08440514469453377 0.1663265306122449 0.00482315112540193 0.006122448979591836
0 0.07958199356913183 0.1653061224489796 0.001607717041800643 0.004081632653061225
0 0.06430868167202572 0.27755102040816326 0.12861736334405144 0.22857142857142856
0 0.7837620578778135 0.1540816326530612 0.001607717041800643 0.0020408163265306124
0 0.7797427652733119 0.15510204081632653 0.003215434083601286 0.004081632653061225
0 0.7676848874598071 0.15 0.001607717041800643 0.0020408163265306124
0 0.7797427652733119 0.15 0.006430868167202572 0.006122448979591836
0 0.7757234726688103 0.14795918367346939 0.001607717041800643 0.0020408163265306124
0 0.3963022508038585 0.14489795918367346 0.001607717041800643 0.004081632653061225
0 0.41559485530546625 0.14183673469387756 0.001607717041800643 0.0020408163265306124
0 0.4212218649517685 0.14285714285714285 0.006430868167202572 0.00816326530612245
0 0.6197749196141479 0.1377551020408163 0.00482315112540193 0.006122448979591836
0 0.614951768488746 0.12857142857142856 0.001607717041800643 0.004081632653061225
0 0.4364951768488746 0.12755102040816327 0.001607717041800643 0.0020408163265306124
0 0.33360128617363344 0.12755102040816327 0.008038585209003215 0.006122448979591836
0 0.31109324758842444 0.12755102040816327 0.00482315112540193 0.006122448979591836
0 0.3762057877813505 0.12653061224489795 0.006430868167202572 0.00816326530612245
0 0.4332797427652733 0.12244897959183673 0.00482315112540193 0.00816326530612245
0 0.7411575562700965 0.10510204081632653 0.00964630225080386 0.014285714285714285
0 0.7355305466237942 0.09897959183673469 0.001607717041800643 0.0020408163265306124
0 0.7017684887459807 0.09897959183673469 0.001607717041800643 0.0020408163265306124
0 0.614951768488746 0.1 0.001607717041800643 0.004081632653061225
0 0.43488745980707394 0.09897959183673469 0.001607717041800643 0.0020408163265306124
0 0.25482315112540194 0.09591836734693877 0.001607717041800643 0.004081632653061225
0 0.6937299035369775 0.09081632653061225 0.001607717041800643 0.0020408163265306124
0 0.7081993569131833 0.08877551020408163 0.001607717041800643 0.0020408163265306124
0 0.6189710610932476 0.08673469387755102 0.003215434083601286 0.006122448979591836
0 0.6929260450160771 0.08469387755102041 0.003215434083601286 0.006122448979591836
0 0.6318327974276527 0.07040816326530612 0.003215434083601286 0.006122448979591836
0 0.6808681672025724 0.06938775510204082 0.001607717041800643 0.00816326530612245
0 0.6752411575562701 0.06938775510204082 0.006430868167202572 0.00816326530612245
0 0.6696141479099679 0.0663265306122449 0.001607717041800643 0.0020408163265306124
0 0.4413183279742765 0.0663265306122449 0.00482315112540193 0.0020408163265306124
0 0.25482315112540194 0.0673469387755102 0.001607717041800643 0.004081632653061225
0 0.6495176848874598 0.05714285714285714 0.003215434083601286 0.004081632653061225
0 0.6454983922829582 0.05918367346938776 0.00482315112540193 0.00816326530612245
0 0.43488745980707394 0.05918367346938776 0.00482315112540193 0.00816326530612245
0 0.43086816720257237 0.05714285714285714 0.003215434083601286 0.004081632653061225
0 0.5337620578778135 0.3846938775510204 0.6559485530546624 0.6673469387755102
0 0.6438906752411575 0.05204081632653061 0.001607717041800643 0.0020408163265306124
0 0.4364951768488746 0.05204081632653061 0.001607717041800643 0.0020408163265306124
0 0.6680064308681672 0.05102040816326531 0.001607717041800643 0.004081632653061225
0 0.6647909967845659 0.05 0.001607717041800643 0.0020408163265306124
0 0.6503215434083601 0.05102040816326531 0.008038585209003215 0.004081632653061225
0 0.430064308681672 0.05102040816326531 0.008038585209003215 0.004081632653061225
0 0.42363344051446944 0.05 0.001607717041800643 0.0020408163265306124
0 0.41318327974276525 0.053061224489795916 0.003215434083601286 0.00816326530612245
0 0.3979099678456592 0.05 0.001607717041800643 0.0020408163265306124
0 0.2692926045016077 0.05 0.001607717041800643 0.0020408163265306124
0 0.26366559485530544 0.053061224489795916 0.006430868167202572 0.00816326530612245
0 0.2580385852090032 0.053061224489795916 0.001607717041800643 0.00816326530612245
0 0.272508038585209 0.0336734693877551 0.001607717041800643 0.0020408163265306124
0 0.2966237942122186 0.02142857142857143 0.001607717041800643 0.0020408163265306124
0 0.3247588424437299 0.018367346938775512 0.003215434083601286 0.004081632653061225
0 0.34726688102893893 0.08163265306122448 0.2057877813504823 0.1306122448979592
0 0.2990353697749196 0.017346938775510204 0.003215434083601286 0.0020408163265306124
