0 0.37753378378378377 0.9528846153846153 0.0016891891891891893 0.0019230769230769232
0 0.3251689189189189 0.9528846153846153 0.0016891891891891893 0.0019230769230769232
0 0.31503378378378377 0.9528846153846153 0.0016891891891891893 0.0019230769230769232
0 0.2964527027027027 0.9528846153846153 0.0016891891891891893 0.0019230769230769232
0 0.2592905405405405 0.9528846153846153 0.0016891891891891893 0.0019230769230769232
0 0.3716216216216216 0.9519230769230769 0.0033783783783783786 0.0038461538461538464
0 0.35219594594594594 0.9519230769230769 0.005067567567567568 0.0038461538461538464
0 0.33192567567567566 0.9519230769230769 0.005067567567567568 0.0038461538461538464
0 0.31165540540540543 0.9519230769230769 0.0016891891891891893 0.0038461538461538464
0 0.375 0.9490384615384615 0.0033783783783783786 0.0019230769230769232
0 0.3268581081081081 0.9490384615384615 0.0016891891891891893 0.0019230769230769232
0 0.2643581081081081 0.9471153846153846 0.0016891891891891893 0.0019230769230769232
0 0.24662162162162163 0.95 0.006756756756756757 0.007692307692307693
0 0.37753378378378377 0.9451923076923077 0.0016891891891891893 0.0019230769230769232
0 0.2533783783783784 0.948076923076923 0.010135135135135136 0.011538461538461539
0 0.6326013513513513 0.9365384615384615 0.005067567567567568 0.0038461538461538464
0 0.620777027027027 0.9346153846153846 0.008445945945945946 0.007692307692307693
0 0.43158783783783783 0.9278846153846154 0.0016891891891891893 0.0019230769230769232
0 0.2956081081081081 0.9230769230769231 0.0033783783783783786 0.0038461538461538464
0 0.6503378378378378 0.9211538461538461 0.0033783783783783786 0.0038461538461538464
0 0.5692567567567568 0.9211538461538461 0.0033783783783783786 0.0038461538461538464
0 0.6554054054054054 0.9201923076923076 0.0033783783783783786 0.0057692307692307696
0 0.4560810810810811 0.9192307692307692 0.006756756756756757 0.007692307692307693
0 0.20945945945945946 0.9182692307692307 0.013513513513513514 0.009615384615384616
0 0.6511824324324325 0.9105769230769231 0.005067567567567568 0.0019230769230769232
0 0.3657094594594595 0.9105769230769231 0.0016891891891891893 0.0019230769230769232
0 0.34797297297297297 0.9125 0.006756756756756757 0.009615384615384616
0 0.4560810810810811 0.9096153846153846 0.006756756756756757 0.007692307692307693
0 0.6326013513513513 0.9057692307692308 0.005067567567567568 0.0038461538461538464
0 0.23564189189189189 0.9057692307692308 0.005067567567567568 0.0038461538461538464
0 0.33192567567567566 0.9009615384615385 0.0016891891891891893 0.0019230769230769232
0 0.45861486486486486 0.8990384615384616 0.0016891891891891893 0.0019230769230769232
0 0.33614864864864863 0.8990384615384616 0.0033783783783783786 0.0019230769230769232
0 0.4814189189189189 0.8913461538461539 0.0033783783783783786 0.0019230769230769232
0 0.9434121621621622 0.8894230769230769 0.0016891891891891893 0.0019230769230769232
0 0.4856418918918919 0.8875 0.0016891891891891893 0.0019230769230769232
0 0.4822635135135135 0.8875 0.0016891891891891893 0.0019230769230769232
0 0.6951013513513513 0.8836538461538461 0.0016891891891891893 0.0019230769230769232
0 0.691722972972973 0.8817307692307692 0.0016891891891891893 0.0019230769230769232
0 0.5228040540540541 0.8778846153846154 0.0016891891891891893 0.0019230769230769232
0 0.6951013513513513 0.8769230769230769 0.0016891891891891893 0.0038461538461538464
0 0.6875 0.8826923076923077 0.016891891891891893 0.019230769230769232
0 0.691722972972973 0.8711538461538462 0.005067567567567568 0.0038461538461538464
0 0.9206081081081081 0.8692307692307693 0.0033783783783783786 0.0038461538461538464
0 0.6739864864864865 0.8682692307692308 0.0033783783783783786 0.0019230769230769232
0 0.9197635135135135 0.864423076923077 0.0016891891891891893 0.0019230769230769232
0 0.7339527027027027 0.8605769230769231 0.0016891891891891893 0.0019230769230769232
0 0.6849662162162162 0.8605769230769231 0.0016891891891891893 0.0019230769230769232
0 0.6782094594594594 0.8576923076923076 0.008445945945945946 0.007692307692307693
0 0.7331081081081081 0.8548076923076923 0.0033783783783783786 0.0057692307692307696
0 0.7322635135135135 0.8490384615384615 0.0016891891891891893 0.0019230769230769232
0 0.6714527027027027 0.8509615384615384 0.005067567567567568 0.0057692307692307696
0 0.8217905405405406 0.8451923076923077 0.0016891891891891893 0.0019230769230769232
0 0.8141891891891891 0.8451923076923077 0.0033783783783783786 0.0019230769230769232
0 0.08023648648648649 0.8288461538461539 0.005067567567567568 0.0038461538461538464
0 0.831081081081081 0.8278846153846153 0.0033783783783783786 0.0057692307692307696
0 0.9197635135135135 0.8240384615384615 0.0016891891891891893 0.0019230769230769232
0 0.13344594594594594 0.8259615384615384 0.0033783783783783786 0.0057692307692307696
0 0.8505067567567568 0.8105769230769231 0.0016891891891891893 0.0019230769230769232
0 0.057432432432432436 0.8115384615384615 0.006756756756756757 0.007692307692307693
0 0.8488175675675675 0.8009615384615385 0.0016891891891891893 0.0019230769230769232
0 0.8454391891891891 0.8009615384615385 0.0016891891891891893 0.0019230769230769232
0 0.18158783783783783 0.7990384615384616 0.0016891891891891893 0.0019230769230769232
0 0.15962837837837837 0.7990384615384616 0.0016891891891891893 0.0019230769230769232
0 0.057432432432432436 0.801923076923077 0.006756756756756757 0.007692307692307693
0 0.16807432432432431 0.7951923076923076 0.0016891891891891893 0.0019230769230769232
0 0.1545608108108108 0.7971153846153847 0.011824324324324325 0.0057692307692307696
0 0.1545608108108108 0.7932692307692307 0.0016891891891891893 0.0019230769230769232
0 0.05489864864864865 0.7913461538461538 0.0016891891891891893 0.0019230769230769232
0 0.9214527027027027 0.7913461538461538 0.005067567567567568 0.0057692307692307696
0 0.8699324324324325 0.7836538461538461 0.0033783783783783786 0.0019230769230769232
0 0.847972972972973 0.7817307692307692 0.006756756756756757 0.0057692307692307696
0 0.9206081081081081 0.7788461538461539 0.0033783783783783786 0.0038461538461538464
0 0.8885135135135135 0.7807692307692308 0.006756756756756757 0.007692307692307693
0 0.9214527027027027 0.7701923076923077 0.0016891891891891893 0.0019230769230769232
0 0.9991554054054054 0.7548076923076923 0.0016891891891891893 0.0019230769230769232
0 0.9594594594594594 0.823076923076923 0.08108108108108109 0.13846153846153847
0 0.04391891891891892 0.7413461538461539 0.006756756756756757 0.009615384615384616
0 0.0472972972972973 0.7365384615384616 0.0033783783783783786 0.0038461538461538464
0 0.041385135135135136 0.7336538461538461 0.0016891891891891893 0.0019230769230769232
0 0.9045608108108109 0.7259615384615384 0.0016891891891891893 0.0019230769230769232
0 0.041385135135135136 0.6990384615384615 0.0016891891891891893 0.0019230769230769232
0 0.030405405405405407 0.6730769230769231 0.006756756756756757 0.007692307692307693
0 0.9113175675675675 0.6730769230769231 0.015202702702702704 0.011538461538461539
0 0.9298986486486487 0.6605769230769231 0.0016891891891891893 0.0019230769230769232
0 0.9341216216216216 0.6596153846153846 0.0033783783783783786 0.0038461538461538464
0 0.9256756756756757 0.6596153846153846 0.0033783783783783786 0.0038461538461538464
0 0.026182432432432432 0.6451923076923077 0.0016891891891891893 0.0019230769230769232
0 0.017736486486486486 0.6423076923076924 0.008445945945945946 0.007692307692307693
0 0.9569256756756757 0.6288461538461538 0.005067567567567568 0.0038461538461538464
0 0.014358108108108109 0.6278846153846154 0.0016891891891891893 0.0019230769230769232
0 0.014358108108108109 0.6240384615384615 0.0016891891891891893 0.0019230769230769232
0 0.9619932432432432 0.5980769230769231 0.0016891891891891893 0.0038461538461538464
0 0.016891891891891893 0.5894230769230769 0.006756756756756757 0.009615384615384616
0 0.9771959459459459 0.5836538461538462 0.0016891891891891893 0.0019230769230769232
0 0.9721283783783784 0.5817307692307693 0.0016891891891891893 0.0019230769230769232
0 0.9831081081081081 0.5817307692307693 0.006756756756756757 0.0057692307692307696
0 0.02787162162162162 0.5798076923076924 0.0016891891891891893 0.0019230769230769232
0 0.02787162162162162 0.5759615384615384 0.0016891891891891893 0.0019230769230769232
0 0.02787162162162162 0.5557692307692308 0.0016891891891891893 0.0038461538461538464
0 0.9856418918918919 0.5528846153846154 0.0016891891891891893 0.0019230769230769232
0 0.9856418918918919 0.5221153846153846 0.0016891891891891893 0.0019230769230769232
0 0.9822635135135135 0.510576923076923 0.0016891891891891893 0.0019230769230769232
0 0.9856418918918919 0.5086538461538461 0.0016891891891891893 0.0019230769230769232
0 0.9856418918918919 0.5048076923076923 0.0016891891891891893 0.0019230769230769232
0 0.9822635135135135 0.5057692307692307 0.0016891891891891893 0.0038461538461538464
0 0.041385135135135136 0.5048076923076923 0.0016891891891891893 0.0019230769230769232
0 0.9856418918918919 0.5009615384615385 0.0016891891891891893 0.0019230769230769232
0 0.9856418918918919 0.4625 0.0016891891891891893 0.0019230769230769232
0 0.05827702702702703 0.46057692307692305 0.0016891891891891893 0.0019230769230769232
0 0.05574324324324324 0.45576923076923076 0.0033783783783783786 0.0038461538461538464
0 0.9974662162162162 0.44326923076923075 0.005067567567567568 0.0057692307692307696
0 0.05489864864864865 0.42980769230769234 0.0016891891891891893 0.0019230769230769232
0 0.9949324324324325 0.4221153846153846 0.010135135135135136 0.013461538461538462
0 0.9890202702702703 0.41634615384615387 0.0016891891891891893 0.0019230769230769232
0 0.056587837837837836 0.4173076923076923 0.005067567567567568 0.0038461538461538464
0 0.9856418918918919 0.40673076923076923 0.0016891891891891893 0.0019230769230769232
0 0.07094594594594594 0.37403846153846154 0.006756756756756757 0.009615384615384616
0 0.08699324324324324 0.3644230769230769 0.0016891891891891893 0.0019230769230769232
0 0.9856418918918919 0.3625 0.0016891891891891893 0.0019230769230769232
0 0.9856418918918919 0.35865384615384616 0.0016891891891891893 0.0019230769230769232
0 0.9839527027027027 0.3548076923076923 0.0016891891891891893 0.0019230769230769232
0 0.08192567567567567 0.3548076923076923 0.0016891891891891893 0.0019230769230769232
0 0.9712837837837838 0.3451923076923077 0.0033783783783783786 0.0019230769230769232
0 0.9712837837837838 0.3403846153846154 0.0033783783783783786 0.0038461538461538464
0 0.9662162162162162 0.3403846153846154 0.0033783783783783786 0.0038461538461538464
0 0.09628378378378379 0.31634615384615383 0.0033783783783783786 0.009615384615384616
0 0.10050675675675676 0.3105769230769231 0.008445945945945946 0.0057692307692307696
0 0.950168918918919 0.30673076923076925 0.0016891891891891893 0.0019230769230769232
0 0.1089527027027027 0.30480769230769234 0.0016891891891891893 0.0019230769230769232
0 0.956081081081081 0.30673076923076925 0.006756756756756757 0.009615384615384616
0 0.11233108108108109 0.3 0.005067567567567568 0.007692307692307693
0 0.8741554054054054 0.29134615384615387 0.0016891891891891893 0.0019230769230769232
0 0.8682432432432432 0.28942307692307695 0.006756756756756757 0.0057692307692307696
0 0.11317567567567567 0.2923076923076923 0.010135135135135136 0.011538461538461539
0 0.8369932432432432 0.28557692307692306 0.0016891891891891893 0.0019230769230769232
0 0.9586148648648649 0.28365384615384615 0.0016891891891891893 0.0019230769230769232
0 0.9028716216216216 0.28173076923076923 0.0016891891891891893 0.0019230769230769232
0 0.9586148648648649 0.2798076923076923 0.0016891891891891893 0.0019230769230769232
0 0.11148648648648649 0.28076923076923077 0.006756756756756757 0.007692307692307693
0 0.8927364864864865 0.24903846153846154 0.0016891891891891893 0.0019230769230769232
0 0.9434121621621622 0.24711538461538463 0.0016891891891891893 0.0019230769230769232
0 0.8758445945945946 0.24519230769230768 0.0016891891891891893 0.0019230769230769232
0 0.8471283783783784 0.24519230769230768 0.0016891891891891893 0.0019230769230769232
0 0.1891891891891892 0.24519230769230768 0.006756756756756757 0.009615384615384616
0 0.8530405405405406 0.2423076923076923 0.006756756756756757 0.007692307692307693
0 0.19341216216216217 0.23846153846153847 0.005067567567567568 0.007692307692307693
0 0.19003378378378377 0.23365384615384616 0.0016891891891891893 0.0019230769230769232
0 0.8775337837837838 0.2221153846153846 0.0016891891891891893 0.0019230769230769232
0 0.20439189189189189 0.22115384615384615 0.0033783783783783786 0.0038461538461538464
0 0.8766891891891891 0.2173076923076923 0.0033783783783783786 0.0038461538461538464
0 0.2533783783783784 0.21826923076923077 0.0033783783783783786 0.0057692307692307696
0 0.20692567567567569 0.21634615384615385 0.0016891891891891893 0.0019230769230769232
0 0.20354729729729729 0.21634615384615385 0.0016891891891891893 0.0019230769230769232
0 0.2170608108108108 0.20865384615384616 0.0016891891891891893 0.0019230769230769232
0 0.7930743243243243 0.2076923076923077 0.005067567567567568 0.007692307692307693
0 0.2195945945945946 0.2048076923076923 0.0033783783783783786 0.0019230769230769232
0 0.7728040540540541 0.20288461538461539 0.0016891891891891893 0.0019230769230769232
0 0.8268581081081081 0.20096153846153847 0.0016891891891891893 0.0019230769230769232
0 0.8234797297297297 0.20096153846153847 0.0016891891891891893 0.0019230769230769232
0 0.8201013513513513 0.20096153846153847 0.0016891891891891893 0.0019230769230769232
0 0.7972972972972973 0.20192307692307693 0.0033783783783783786 0.0038461538461538464
0 0.7694256756756757 0.20096153846153847 0.0016891891891891893 0.0019230769230769232
0 0.26942567567567566 0.20096153846153847 0.0016891891891891893 0.0019230769230769232
0 0.2609797297297297 0.20384615384615384 0.008445945945945946 0.007692307692307693
0 0.22972972972972974 0.20192307692307693 0.006756756756756757 0.0038461538461538464
0 0.22297297297297297 0.20192307692307693 0.0033783783783783786 0.0038461538461538464
0 0.2170608108108108 0.20096153846153847 0.0016891891891891893 0.0019230769230769232
0 0.7559121621621622 0.19134615384615383 0.0016891891891891893 0.0019230769230769232
0 0.7559121621621622 0.18557692307692308 0.0016891891891891893 0.0019230769230769232
0 0.7525337837837838 0.18557692307692308 0.0016891891891891893 0.0019230769230769232
0 0.3015202702702703 0.18557692307692308 0.0016891891891891893 0.0019230769230769232
0 0.2939189189189189 0.18653846153846154 0.0033783783783783786 0.0038461538461538464
0 0.7423986486486487 0.1778846153846154 0.0016891891891891893 0.0019230769230769232
0 0.31165540540540543 0.1605769230769231 0.0016891891891891893 0.0019230769230769232
0 0.7238175675675675 0.15865384615384615 0.0016891891891891893 0.0019230769230769232
0 0.31165540540540543 0.15673076923076923 0.0016891891891891893 0.0019230769230769232
0 0.7280405405405406 0.1576923076923077 0.0033783783783783786 0.007692307692307693
0 0.7255067567567568 0.1548076923076923 0.0016891891891891893 0.0019230769230769232
0 0.3251689189189189 0.14711538461538462 0.0016891891891891893 0.0019230769230769232
0 0.7153716216216216 0.14134615384615384 0.0016891891891891893 0.0019230769230769232
0 0.7010135135135135 0.12884615384615383 0.0033783783783783786 0.0038461538461538464
0 0.3251689189189189 0.12788461538461537 0.0016891891891891893 0.0019230769230769232
0 0.7018581081081081 0.12403846153846154 0.0016891891891891893 0.0019230769230769232
0 0.6984797297297297 0.12403846153846154 0.0016891891891891893 0.0019230769230769232
0 0.6883445945945946 0.1201923076923077 0.0016891891891891893 0.0019230769230769232
0 0.6875 0.11538461538461539 0.0033783783783783786 0.0038461538461538464
0 0.3564189189189189 0.11057692307692307 0.0033783783783783786 0.0019230769230769232
0 0.35219594594594594 0.11057692307692307 0.0016891891891891893 0.0019230769230769232
0 0.3657094594594595 0.10865384615384616 0.0016891891891891893 0.0019230769230769232
0 0.3614864864864865 0.10865384615384616 0.0033783783783783786 0.0019230769230769232
0 0.6765202702702703 0.09903846153846153 0.0016891891891891893 0.0019230769230769232
0 0.39611486486486486 0.09519230769230769 0.0016891891891891893 0.0019230769230769232
0 0.6858108108108109 0.09519230769230769 0.006756756756756757 0.0057692307692307696
0 0.6798986486486487 0.09326923076923077 0.0016891891891891893 0.0019230769230769232
0 0.6714527027027027 0.09326923076923077 0.0016891891891891893 0.0019230769230769232
0 0.6680743243243243 0.09326923076923077 0.0016891891891891893 0.0019230769230769232
0 0.3918918918918919 0.09326923076923077 0.0033783783783783786 0.0019230769230769232
0 0.6613175675675675 0.09134615384615384 0.0016891891891891893 0.0019230769230769232
0 0.6579391891891891 0.0798076923076923 0.0016891891891891893 0.0019230769230769232
0 0.6613175675675675 0.07788461538461539 0.0016891891891891893 0.0019230769230769232
0 0.43327702702702703 0.07788461538461539 0.0016891891891891893 0.0019230769230769232
0 0.6579391891891891 0.07596153846153846 0.0016891891891891893 0.0019230769230769232
0 0.4873310810810811 0.06634615384615385 0.0016891891891891893 0.0019230769230769232
0 0.6570945945945946 0.06826923076923076 0.010135135135135136 0.013461538461538462
0 0.6511824324324325 0.0625 0.0016891891891891893 0.0019230769230769232
0 0.6478040540540541 0.0625 0.0016891891891891893 0.0019230769230769232
0 0.49408783783783783 0.0625 0.0016891891891891893 0.0019230769230769232
0 0.4907094594594595 0.0625 0.0016891891891891893 0.0019230769230769232
0 0.5701013513513513 0.04807692307692308 0.005067567567567568 0.0038461538461538464
0 0.5515202702702703 0.047115384615384615 0.0016891891891891893 0.0019230769230769232
0 0.5481418918918919 0.047115384615384615 0.0016891891891891893 0.0019230769230769232
0 0.543918918918919 0.04807692307692308 0.0033783783783783786 0.0038461538461538464
0 0.5371621621621622 0.04807692307692308 0.006756756756756757 0.0038461538461538464
0 0.53125 0.047115384615384615 0.0016891891891891893 0.0019230769230769232
0 0.5228040540540541 0.047115384615384615 0.0016891891891891893 0.0019230769230769232
0 0.6097972972972973 0.0375 0.006756756756756757 0.009615384615384616
0 0.6148648648648649 0.03365384615384615 0.0033783783783783786 0.0057692307692307696
0 0.6021959459459459 0.03173076923076923 0.0016891891891891893 0.0019230769230769232
0 0.5067567567567568 0.49230769230769234 0.9864864864864865 0.9230769230769231
