0 0.33997844827586204 0.9936936936936936 0.0010775862068965517 0.0018018018018018018
0 0.33782327586206895 0.9936936936936936 0.0010775862068965517 0.0018018018018018018
0 0.3076508620689655 0.9936936936936936 0.0010775862068965517 0.0018018018018018018
0 0.28663793103448276 0.9936936936936936 0.0021551724137931034 0.0018018018018018018
0 0.3098060344827586 0.9927927927927928 0.0010775862068965517 0.0036036036036036037
0 0.33782327586206895 0.9900900900900901 0.0010775862068965517 0.0018018018018018018
0 0.28502155172413796 0.9900900900900901 0.0010775862068965517 0.0018018018018018018
0 0.35129310344827586 0.990990990990991 0.004310344827586207 0.007207207207207207
0 0.3421336206896552 0.9900900900900901 0.003232758620689655 0.005405405405405406
0 0.328125 0.9792792792792793 0.0010775862068965517 0.0018018018018018018
0 0.2769396551724138 0.9783783783783784 0.0021551724137931034 0.0036036036036036037
0 0.2764008620689655 0.9738738738738739 0.0010775862068965517 0.0018018018018018018
0 0.3098060344827586 0.9684684684684685 0.0010775862068965517 0.0018018018018018018
0 0.32489224137931033 0.9648648648648649 0.0010775862068965517 0.0018018018018018018
0 0.24838362068965517 0.9648648648648649 0.0010775862068965517 0.0018018018018018018
0 0.24622844827586207 0.9648648648648649 0.0010775862068965517 0.0018018018018018018
0 0.26885775862068967 0.963963963963964 0.003232758620689655 0.0036036036036036037
0 0.24730603448275862 0.9603603603603603 0.003232758620689655 0.0036036036036036037
0 0.2494612068965517 0.9576576576576576 0.0010775862068965517 0.0018018018018018018
0 0.21605603448275862 0.9522522522522523 0.0010775862068965517 0.0018018018018018018
0 0.38092672413793105 0.9504504504504504 0.0010775862068965517 0.0018018018018018018
0 0.3599137931034483 0.9504504504504504 0.0021551724137931034 0.0018018018018018018
0 0.25808189655172414 0.9504504504504504 0.0010775862068965517 0.0018018018018018018
0 0.3766163793103448 0.9495495495495495 0.0010775862068965517 0.0036036036036036037
0 0.3566810344827586 0.9486486486486486 0.0021551724137931034 0.0018018018018018018
0 0.2543103448275862 0.9495495495495495 0.0021551724137931034 0.0036036036036036037
0 0.2650862068965517 0.9486486486486486 0.004310344827586207 0.005405405405405406
0 0.25862068965517243 0.9459459459459459 0.0021551724137931034 0.0036036036036036037
0 0.22252155172413793 0.9378378378378378 0.0010775862068965517 0.0018018018018018018
0 0.22629310344827586 0.9261261261261261 0.004310344827586207 0.007207207207207207
0 0.23329741379310345 0.918018018018018 0.0010775862068965517 0.0018018018018018018
0 0.23868534482758622 0.9144144144144144 0.0010775862068965517 0.0018018018018018018
0 0.234375 0.9144144144144144 0.003232758620689655 0.0018018018018018018
0 0.3895474137931034 0.9099099099099099 0.0010775862068965517 0.0036036036036036037
0 0.2349137931034483 0.9099099099099099 0.004310344827586207 0.0036036036036036037
0 0.7386853448275862 0.9072072072072072 0.0010775862068965517 0.0018018018018018018
0 0.7009698275862069 0.9072072072072072 0.0010775862068965517 0.0018018018018018018
0 0.4822198275862069 0.9072072072072072 0.0010775862068965517 0.0018018018018018018
0 0.47790948275862066 0.9072072072072072 0.0010775862068965517 0.0018018018018018018
0 0.7408405172413793 0.9063063063063063 0.0010775862068965517 0.0036036036036036037
0 0.6988146551724138 0.9063063063063063 0.0010775862068965517 0.0036036036036036037
0 0.7165948275862069 0.9054054054054054 0.004310344827586207 0.005405405405405406
0 0.24407327586206898 0.8972972972972973 0.005387931034482759 0.007207207207207207
0 0.2505387931034483 0.881981981981982 0.0010775862068965517 0.0018018018018018018
0 0.3173491379310345 0.8801801801801802 0.0010775862068965517 0.0018018018018018018
0 0.3141163793103448 0.8801801801801802 0.0010775862068965517 0.0018018018018018018
0 0.30226293103448276 0.8801801801801802 0.0010775862068965517 0.0018018018018018018
0 0.5716594827586207 0.8783783783783784 0.0010775862068965517 0.0018018018018018018
0 0.5608836206896551 0.8783783783783784 0.0010775862068965517 0.0018018018018018018
0 0.4035560344827586 0.8774774774774775 0.0010775862068965517 0.0036036036036036037
0 0.5754310344827587 0.8765765765765766 0.004310344827586207 0.005405405405405406
0 0.7483836206896551 0.8747747747747747 0.003232758620689655 0.009009009009009009
0 0.45905172413793105 0.8747747747747747 0.004310344827586207 0.009009009009009009
0 0.38469827586206895 0.8747747747747747 0.00646551724137931 0.009009009009009009
0 0.38739224137931033 0.8675675675675676 0.0010775862068965517 0.0018018018018018018
0 0.5743534482758621 0.8702702702702703 0.00646551724137931 0.010810810810810811
0 0.7570043103448276 0.8639639639639639 0.0010775862068965517 0.0018018018018018018
0 0.7548491379310345 0.8639639639639639 0.0010775862068965517 0.0018018018018018018
0 0.5501077586206896 0.8639639639639639 0.0010775862068965517 0.0018018018018018018
0 0.4391163793103448 0.8621621621621621 0.0010775862068965517 0.0018018018018018018
0 0.4348060344827586 0.863063063063063 0.005387931034482759 0.0036036036036036037
0 0.42887931034482757 0.863063063063063 0.0021551724137931034 0.0036036036036036037
0 0.755926724137931 0.8594594594594595 0.003232758620689655 0.0036036036036036037
0 0.7580818965517241 0.8567567567567568 0.0010775862068965517 0.0018018018018018018
0 0.4353448275862069 0.8576576576576577 0.0021551724137931034 0.0036036036036036037
0 0.4574353448275862 0.854954954954955 0.0010775862068965517 0.0018018018018018018
0 0.3141163793103448 0.854954954954955 0.0010775862068965517 0.0018018018018018018
0 0.4380387931034483 0.8558558558558559 0.003232758620689655 0.007207207207207207
0 0.5274784482758621 0.8495495495495495 0.0010775862068965517 0.0018018018018018018
0 0.5070043103448276 0.8495495495495495 0.0010775862068965517 0.0018018018018018018
0 0.5301724137931034 0.8486486486486486 0.0021551724137931034 0.0036036036036036037
0 0.49191810344827586 0.8477477477477477 0.0010775862068965517 0.0018018018018018018
0 0.6535560344827587 0.8477477477477477 0.003232758620689655 0.005405405405405406
0 0.7144396551724138 0.8441441441441442 0.0021551724137931034 0.0018018018018018018
0 0.7112068965517241 0.8441441441441442 0.0021551724137931034 0.0018018018018018018
0 0.7079741379310345 0.8441441441441442 0.0021551724137931034 0.0018018018018018018
0 0.3701508620689655 0.8423423423423423 0.0010775862068965517 0.0018018018018018018
0 0.7139008620689655 0.8405405405405405 0.0010775862068965517 0.0018018018018018018
0 0.7085129310344828 0.8405405405405405 0.0010775862068965517 0.0018018018018018018
0 0.5247844827586207 0.8450450450450451 0.004310344827586207 0.010810810810810811
0 0.49407327586206895 0.8432432432432433 0.003232758620689655 0.007207207207207207
0 0.34967672413793105 0.8405405405405405 0.0010775862068965517 0.0018018018018018018
0 0.7112068965517241 0.8387387387387387 0.0021551724137931034 0.0018018018018018018
0 0.7149784482758621 0.8369369369369369 0.0010775862068965517 0.0018018018018018018
0 0.7074353448275862 0.8369369369369369 0.0010775862068965517 0.0018018018018018018
0 0.6352370689655172 0.8351351351351352 0.0010775862068965517 0.0018018018018018018
0 0.49622844827586204 0.8369369369369369 0.003232758620689655 0.005405405405405406
0 0.49245689655172414 0.8378378378378378 0.0021551724137931034 0.007207207207207207
0 0.6314655172413793 0.8333333333333334 0.004310344827586207 0.005405405405405406
0 0.49299568965517243 0.8315315315315316 0.0010775862068965517 0.0018018018018018018
0 0.6373922413793104 0.8297297297297297 0.0010775862068965517 0.0018018018018018018
0 0.4951508620689655 0.8297297297297297 0.0010775862068965517 0.0018018018018018018
0 0.568426724137931 0.8279279279279279 0.0010775862068965517 0.0018018018018018018
0 0.5657327586206896 0.8288288288288288 0.0021551724137931034 0.0036036036036036037
0 0.5657327586206896 0.8243243243243243 0.004310344827586207 0.005405405405405406
0 0.5630387931034483 0.8225225225225226 0.0010775862068965517 0.0018018018018018018
0 0.3130387931034483 0.8225225225225226 0.0010775862068965517 0.0018018018018018018
0 0.30280172413793105 0.8234234234234235 0.0021551724137931034 0.0036036036036036037
0 0.6320043103448276 0.8261261261261261 0.007543103448275862 0.012612612612612612
0 0.6126077586206896 0.8207207207207208 0.0010775862068965517 0.0018018018018018018
0 0.484375 0.8207207207207208 0.0010775862068965517 0.0018018018018018018
0 0.6163793103448276 0.8198198198198198 0.0021551724137931034 0.0036036036036036037
0 0.5452586206896551 0.8198198198198198 0.0021551724137931034 0.0036036036036036037
0 0.49299568965517243 0.8234234234234235 0.005387931034482759 0.010810810810810811
0 0.4067887931034483 0.8198198198198198 0.003232758620689655 0.0036036036036036037
0 0.6546336206896551 0.8171171171171171 0.0010775862068965517 0.0018018018018018018
0 0.6126077586206896 0.8153153153153153 0.0010775862068965517 0.0018018018018018018
0 0.546875 0.8153153153153153 0.0010775862068965517 0.0018018018018018018
0 0.7580818965517241 0.8081081081081081 0.0010775862068965517 0.0018018018018018018
0 0.3426724137931034 0.809009009009009 0.004310344827586207 0.0036036036036036037
0 0.30603448275862066 0.9009009009009009 0.1810344827586207 0.1873873873873874
0 0.6546336206896551 0.8063063063063063 0.0010775862068965517 0.0018018018018018018
0 0.6540948275862069 0.8027027027027027 0.0021551724137931034 0.0018018018018018018
0 0.7311422413793104 0.7945945945945946 0.0010775862068965517 0.0036036036036036037
0 0.7613146551724138 0.7918918918918919 0.0010775862068965517 0.0018018018018018018
0 0.7505387931034483 0.7918918918918919 0.0010775862068965517 0.0018018018018018018
0 0.7332974137931034 0.7918918918918919 0.0010775862068965517 0.0018018018018018018
0 0.7650862068965517 0.7900900900900901 0.004310344827586207 0.005405405405405406
0 0.6546336206896551 0.7864864864864864 0.0010775862068965517 0.0018018018018018018
0 0.39870689655172414 0.7891891891891892 0.004310344827586207 0.007207207207207207
0 0.6519396551724138 0.7855855855855856 0.0021551724137931034 0.0036036036036036037
0 0.40032327586206895 0.7846846846846847 0.0010775862068965517 0.0018018018018018018
0 0.39816810344827586 0.7828828828828829 0.0010775862068965517 0.0018018018018018018
0 0.39709051724137934 0.7792792792792793 0.0010775862068965517 0.0018018018018018018
0 0.7667025862068966 0.7774774774774775 0.0010775862068965517 0.0018018018018018018
0 0.7640086206896551 0.7828828828828829 0.00646551724137931 0.012612612612612612
0 0.7338362068965517 0.7792792792792793 0.0021551724137931034 0.005405405405405406
0 0.39385775862068967 0.7774774774774775 0.0010775862068965517 0.0018018018018018018
0 0.6573275862068966 0.7765765765765765 0.0021551724137931034 0.0036036036036036037
0 0.39978448275862066 0.7774774774774775 0.004310344827586207 0.005405405405405406
0 0.3900862068965517 0.7756756756756756 0.004310344827586207 0.005405405405405406
0 0.7661637931034483 0.772972972972973 0.0021551724137931034 0.0036036036036036037
0 0.7645474137931034 0.7648648648648648 0.0010775862068965517 0.0018018018018018018
0 0.7327586206896551 0.836036036036036 0.06896551724137931 0.14414414414414414
0 0.734375 0.7657657657657657 0.003232758620689655 0.0036036036036036037
0 0.5581896551724138 0.7675675675675676 0.004310344827586207 0.007207207207207207
0 0.6804956896551724 0.763063063063063 0.0010775862068965517 0.0018018018018018018
0 0.3911637931034483 0.7684684684684685 0.00646551724137931 0.012612612612612612
0 0.3723060344827586 0.7621621621621621 0.003232758620689655 0.0036036036036036037
0 0.6794181034482759 0.7522522522522522 0.003232758620689655 0.005405405405405406
0 0.5511853448275862 0.7513513513513513 0.0010775862068965517 0.0036036036036036037
0 0.5490301724137931 0.7504504504504504 0.0010775862068965517 0.0018018018018018018
0 0.5382543103448276 0.7504504504504504 0.0010775862068965517 0.0018018018018018018
0 0.5242456896551724 0.7513513513513513 0.0010775862068965517 0.0036036036036036037
0 0.578125 0.7414414414414414 0.0010775862068965517 0.0018018018018018018
0 0.6794181034482759 0.7432432432432432 0.003232758620689655 0.009009009009009009
0 0.578125 0.7378378378378379 0.0010775862068965517 0.0018018018018018018
0 0.6891163793103449 0.7252252252252253 0.0010775862068965517 0.0018018018018018018
0 0.6891163793103449 0.7216216216216216 0.0010775862068965517 0.0018018018018018018
0 0.6864224137931034 0.7225225225225225 0.0021551724137931034 0.0036036036036036037
0 0.5544181034482759 0.7198198198198198 0.0010775862068965517 0.0018018018018018018
0 0.5517241379310345 0.7189189189189189 0.0021551724137931034 0.0036036036036036037
0 0.546875 0.7189189189189189 0.005387931034482759 0.0036036036036036037
0 0.5355603448275862 0.718018018018018 0.0021551724137931034 0.0018018018018018018
0 0.6794181034482759 0.7153153153153153 0.003232758620689655 0.007207207207207207
0 0.6767241379310345 0.7135135135135136 0.0021551724137931034 0.0036036036036036037
0 0.5474137931034483 0.7135135135135136 0.0021551724137931034 0.0036036036036036037
0 0.4035560344827586 0.7153153153153153 0.003232758620689655 0.007207207207207207
0 0.40086206896551724 0.7135135135135136 0.0021551724137931034 0.0036036036036036037
0 0.5150862068965517 0.7153153153153153 0.004310344827586207 0.010810810810810811
0 0.6804956896551724 0.709009009009009 0.0010775862068965517 0.0018018018018018018
0 0.6724137931034483 0.7099099099099099 0.0021551724137931034 0.0036036036036036037
0 0.4046336206896552 0.709009009009009 0.0010775862068965517 0.0018018018018018018
0 0.39655172413793105 0.7099099099099099 0.0021551724137931034 0.0036036036036036037
0 0.6761853448275862 0.7081081081081081 0.005387931034482759 0.0036036036036036037
0 0.40032327586206895 0.7081081081081081 0.005387931034482759 0.0036036036036036037
0 0.5231681034482759 0.7054054054054054 0.0010775862068965517 0.0018018018018018018
0 0.39385775862068967 0.7063063063063063 0.0010775862068965517 0.0036036036036036037
0 0.5134698275862069 0.7081081081081081 0.005387931034482759 0.010810810810810811
0 0.671875 0.7018018018018019 0.0010775862068965517 0.0018018018018018018
0 0.525323275862069 0.7018018018018019 0.0010775862068965517 0.0018018018018018018
0 0.41594827586206895 0.7063063063063063 0.004310344827586207 0.010810810810810811
0 0.3949353448275862 0.7018018018018019 0.003232758620689655 0.005405405405405406
0 0.3922413793103448 0.6981981981981982 0.0021551724137931034 0.0018018018018018018
0 0.41594827586206895 0.6954954954954955 0.004310344827586207 0.007207207207207207
0 0.39601293103448276 0.6801801801801802 0.0010775862068965517 0.0018018018018018018
0 0.7386853448275862 0.6765765765765765 0.0010775862068965517 0.0018018018018018018
0 0.7359913793103449 0.6747747747747748 0.004310344827586207 0.005405405405405406
0 0.7332974137931034 0.6711711711711712 0.0010775862068965517 0.0018018018018018018
0 0.6788793103448276 0.6738738738738739 0.004310344827586207 0.007207207207207207
0 0.7359913793103449 0.6702702702702703 0.0021551724137931034 0.0036036036036036037
0 0.37122844827586204 0.6693693693693694 0.0010775862068965517 0.0018018018018018018
0 0.44127155172413796 0.663963963963964 0.0010775862068965517 0.0018018018018018018
0 0.4348060344827586 0.6666666666666666 0.007543103448275862 0.007207207207207207
0 0.7332974137931034 0.6603603603603604 0.0010775862068965517 0.0018018018018018018
0 0.7074353448275862 0.6612612612612613 0.0010775862068965517 0.0036036036036036037
0 0.4816810344827586 0.6504504504504505 0.0021551724137931034 0.0036036036036036037
0 0.49622844827586204 0.6477477477477478 0.0010775862068965517 0.0018018018018018018
0 0.49407327586206895 0.6459459459459459 0.0010775862068965517 0.0018018018018018018
0 0.7209051724137931 0.6441441441441441 0.00646551724137931 0.009009009009009009
0 0.6998922413793104 0.6405405405405405 0.0010775862068965517 0.0018018018018018018
0 0.7235991379310345 0.636936936936937 0.0010775862068965517 0.0018018018018018018
0 0.7580818965517241 0.6351351351351351 0.0010775862068965517 0.0018018018018018018
0 0.7149784482758621 0.6297297297297297 0.0010775862068965517 0.0018018018018018018
0 0.4951508620689655 0.6207207207207207 0.0010775862068965517 0.0018018018018018018
0 0.49191810344827586 0.6207207207207207 0.0010775862068965517 0.0018018018018018018
0 0.47198275862068967 0.6234234234234234 0.004310344827586207 0.007207207207207207
0 0.4644396551724138 0.6216216216216216 0.0021551724137931034 0.0036036036036036037
0 0.7575431034482759 0.6153153153153154 0.0021551724137931034 0.005405405405405406
0 0.7570043103448276 0.6099099099099099 0.003232758620689655 0.005405405405405406
0 0.5070043103448276 0.6063063063063063 0.0010775862068965517 0.0018018018018018018
0 0.7650862068965517 0.6009009009009009 0.004310344827586207 0.009009009009009009
0 0.7850215517241379 0.5900900900900901 0.0010775862068965517 0.0018018018018018018
0 0.8011853448275862 0.5864864864864865 0.0010775862068965517 0.0018018018018018018
0 0.5269396551724138 0.5720720720720721 0.0021551724137931034 0.0018018018018018018
0 0.8098060344827587 0.5612612612612613 0.0010775862068965517 0.0018018018018018018
0 0.5193965517241379 0.5585585585585585 0.004310344827586207 0.007207207207207207
0 0.8178879310344828 0.5423423423423424 0.0021551724137931034 0.0036036036036036037
0 0.8178879310344828 0.536036036036036 0.0021551724137931034 0.005405405405405406
0 0.8146551724137931 0.5333333333333333 0.0021551724137931034 0.0036036036036036037
0 0.8141163793103449 0.5288288288288289 0.0010775862068965517 0.0018018018018018018
0 0.49353448275862066 0.5297297297297298 0.004310344827586207 0.007207207207207207
0 0.8205818965517241 0.509009009009009 0.0010775862068965517 0.0018018018018018018
0 0.8259698275862069 0.5063063063063064 0.003232758620689655 0.0036036036036036037
0 0.5102370689655172 0.5063063063063064 0.003232758620689655 0.0036036036036036037
0 0.509698275862069 0.4882882882882883 0.0021551724137931034 0.0036036036036036037
0 0.818426724137931 0.4657657657657658 0.0010775862068965517 0.0018018018018018018
0 0.818426724137931 0.46216216216216216 0.0010775862068965517 0.0018018018018018018
0 0.8162715517241379 0.46216216216216216 0.0010775862068965517 0.0018018018018018018
0 0.8162715517241379 0.45675675675675675 0.003232758620689655 0.005405405405405406
0 0.818426724137931 0.45315315315315313 0.0010775862068965517 0.0018018018018018018
0 0.8060344827586207 0.45135135135135135 0.0021551724137931034 0.0018018018018018018
0 0.818426724137931 0.44954954954954957 0.0010775862068965517 0.0018018018018018018
0 0.8087284482758621 0.44954954954954957 0.0010775862068965517 0.0018018018018018018
0 0.8135775862068966 0.45045045045045046 0.00646551724137931 0.007207207207207207
0 0.8011853448275862 0.42252252252252254 0.0010775862068965517 0.0018018018018018018
0 0.5091594827586207 0.42252252252252254 0.0010775862068965517 0.0018018018018018018
0 0.7952586206896551 0.4207207207207207 0.004310344827586207 0.005405405405405406
0 0.5043103448275862 0.3972972972972973 0.0021551724137931034 0.0018018018018018018
0 0.4978448275862069 0.3945945945945946 0.00646551724137931 0.010810810810810811
0 0.7839439655172413 0.3864864864864865 0.0010775862068965517 0.0018018018018018018
0 0.7817887931034483 0.37567567567567567 0.0010775862068965517 0.0018018018018018018
0 0.7914870689655172 0.3738738738738739 0.0010775862068965517 0.0018018018018018018
0 0.7860991379310345 0.37207207207207205 0.005387931034482759 0.005405405405405406
0 0.7920258620689655 0.3630630630630631 0.0021551724137931034 0.0018018018018018018
0 0.4989224137931034 0.3621621621621622 0.0021551724137931034 0.0036036036036036037
0 0.7957974137931034 0.35945945945945945 0.0010775862068965517 0.0018018018018018018
0 0.7995689655172413 0.35765765765765767 0.004310344827586207 0.005405405405405406
0 0.5360991379310345 0.34684684684684686 0.0010775862068965517 0.0018018018018018018
0 0.5317887931034483 0.34684684684684686 0.0010775862068965517 0.0018018018018018018
0 0.5177801724137931 0.34684684684684686 0.0010775862068965517 0.0018018018018018018
0 0.7984913793103449 0.3504504504504504 0.00646551724137931 0.012612612612612612
0 0.8011853448275862 0.34144144144144145 0.0010775862068965517 0.0018018018018018018
0 0.8001077586206896 0.33783783783783783 0.0010775862068965517 0.0018018018018018018
0 0.8011853448275862 0.3342342342342342 0.0010775862068965517 0.0018018018018018018
0 0.5317887931034483 0.327027027027027 0.0010775862068965517 0.0018018018018018018
0 0.5280172413793104 0.3279279279279279 0.004310344827586207 0.007207207207207207
0 0.5296336206896551 0.31261261261261264 0.0010775862068965517 0.0018018018018018018
0 0.8081896551724138 0.31351351351351353 0.004310344827586207 0.007207207207207207
0 0.5064655172413793 0.31351351351351353 0.004310344827586207 0.007207207207207207
0 0.806573275862069 0.309009009009009 0.0010775862068965517 0.0018018018018018018
0 0.5048491379310345 0.309009009009009 0.0010775862068965517 0.0018018018018018018
0 0.8087284482758621 0.30720720720720723 0.0010775862068965517 0.0018018018018018018
0 0.5070043103448276 0.30720720720720723 0.0010775862068965517 0.0018018018018018018
0 0.5048491379310345 0.3036036036036036 0.0010775862068965517 0.0018018018018018018
0 0.4854525862068966 0.30180180180180183 0.0010775862068965517 0.0018018018018018018
0 0.8054956896551724 0.30180180180180183 0.003232758620689655 0.005405405405405406
0 0.5070043103448276 0.30180180180180183 0.003232758620689655 0.005405405405405406
0 0.4832974137931034 0.3009009009009009 0.0010775862068965517 0.0036036036036036037
0 0.8092672413793104 0.3009009009009009 0.0021551724137931034 0.007207207207207207
0 0.5193965517241379 0.2990990990990991 0.004310344827586207 0.007207207207207207
0 0.8076508620689655 0.2954954954954955 0.003232758620689655 0.007207207207207207
0 0.8098060344827587 0.290990990990991 0.0010775862068965517 0.0018018018018018018
0 0.5070043103448276 0.2936936936936937 0.0010775862068965517 0.007207207207207207
0 0.5043103448275862 0.2918918918918919 0.0021551724137931034 0.007207207207207207
0 0.7936422413793104 0.2747747747747748 0.0010775862068965517 0.0018018018018018018
0 0.5759698275862069 0.2747747747747748 0.0010775862068965517 0.0018018018018018018
0 0.5716594827586207 0.2774774774774775 0.005387931034482759 0.007207207207207207
0 0.5544181034482759 0.2756756756756757 0.0010775862068965517 0.0036036036036036037
0 0.5113146551724138 0.27297297297297296 0.0010775862068965517 0.0018018018018018018
0 0.5026939655172413 0.27297297297297296 0.003232758620689655 0.0018018018018018018
0 0.4714439655172414 0.26666666666666666 0.003232758620689655 0.007207207207207207
0 0.46875 0.26126126126126126 0.0021551724137931034 0.0036036036036036037
0 0.5867456896551724 0.2585585585585586 0.0010775862068965517 0.0018018018018018018
0 0.5813577586206896 0.2585585585585586 0.0010775862068965517 0.0018018018018018018
0 0.5716594827586207 0.2585585585585586 0.0010775862068965517 0.0018018018018018018
0 0.5662715517241379 0.2585585585585586 0.0010775862068965517 0.0018018018018018018
0 0.5608836206896551 0.2585585585585586 0.0010775862068965517 0.0018018018018018018
0 0.5915948275862069 0.25675675675675674 0.0021551724137931034 0.0018018018018018018
0 0.5619612068965517 0.2531531531531532 0.0010775862068965517 0.0018018018018018018
0 0.49622844827586204 0.24594594594594596 0.0010775862068965517 0.0018018018018018018
0 0.5490301724137931 0.24414414414414415 0.0010775862068965517 0.0018018018018018018
0 0.44989224137931033 0.24234234234234234 0.003232758620689655 0.0018018018018018018
0 0.5452586206896551 0.24234234234234234 0.004310344827586207 0.005405405405405406
0 0.5301724137931034 0.23783783783783785 0.0021551724137931034 0.0036036036036036037
0 0.5274784482758621 0.23963963963963963 0.003232758620689655 0.007207207207207207
0 0.5264008620689655 0.23333333333333334 0.0010775862068965517 0.0018018018018018018
0 0.5307112068965517 0.23243243243243245 0.005387931034482759 0.0036036036036036037
0 0.4525862068965517 0.23333333333333334 0.0021551724137931034 0.005405405405405406
0 0.44935344827586204 0.23243243243243245 0.0021551724137931034 0.0036036036036036037
0 0.5457974137931034 0.23423423423423423 0.007543103448275862 0.014414414414414415
0 0.5447198275862069 0.22432432432432434 0.0010775862068965517 0.0018018018018018018
0 0.6858836206896551 0.218018018018018 0.003232758620689655 0.0036036036036036037
0 0.6826508620689655 0.21711711711711712 0.0010775862068965517 0.0018018018018018018
0 0.6632543103448276 0.21711711711711712 0.0010775862068965517 0.0018018018018018018
0 0.4574353448275862 0.21711711711711712 0.0010775862068965517 0.0018018018018018018
0 0.78125 0.21171171171171171 0.00646551724137931 0.012612612612612612
0 0.7758620689655172 0.2072072072072072 0.0021551724137931034 0.0036036036036036037
0 0.47898706896551724 0.2063063063063063 0.0010775862068965517 0.0018018018018018018
0 0.7332974137931034 0.2045045045045045 0.0010775862068965517 0.0018018018018018018
0 0.7823275862068966 0.2045045045045045 0.004310344827586207 0.005405405405405406
0 0.7785560344827587 0.20270270270270271 0.0010775862068965517 0.0018018018018018018
0 0.7731681034482759 0.2036036036036036 0.003232758620689655 0.0036036036036036037
0 0.5495689655172413 0.2072072072072072 0.00646551724137931 0.010810810810810811
0 0.5452586206896551 0.20540540540540542 0.004310344827586207 0.007207207207207207
0 0.4816810344827586 0.2036036036036036 0.0021551724137931034 0.0036036036036036037
0 0.47790948275862066 0.2036036036036036 0.003232758620689655 0.0036036036036036037
0 0.5700431034482759 0.20270270270270271 0.0021551724137931034 0.005405405405405406
0 0.5700431034482759 0.1900900900900901 0.0021551724137931034 0.0018018018018018018
0 0.7133620689655172 0.19099099099099098 0.004310344827586207 0.007207207207207207
0 0.6449353448275862 0.1891891891891892 0.003232758620689655 0.0036036036036036037
0 0.46120689655172414 0.19369369369369369 0.008620689655172414 0.012612612612612612
0 0.5700431034482759 0.18468468468468469 0.0021551724137931034 0.0018018018018018018
0 0.5862068965517241 0.17657657657657658 0.0021551724137931034 0.0036036036036036037
0 0.587823275862069 0.17387387387387387 0.0010775862068965517 0.0018018018018018018
0 0.5759698275862069 0.17567567567567569 0.005387931034482759 0.005405405405405406
0 0.5705818965517241 0.17387387387387387 0.0010775862068965517 0.0018018018018018018
0 0.6255387931034483 0.17207207207207206 0.0010775862068965517 0.0018018018018018018
0 0.6276939655172413 0.16846846846846847 0.0010775862068965517 0.0018018018018018018
0 0.5975215517241379 0.16846846846846847 0.0010775862068965517 0.0018018018018018018
0 0.6255387931034483 0.16666666666666666 0.0010775862068965517 0.0018018018018018018
0 0.5959051724137931 0.16486486486486487 0.0021551724137931034 0.0018018018018018018
0 0.6271551724137931 0.16216216216216217 0.004310344827586207 0.007207207207207207
0 0.5991379310344828 0.5333333333333333 0.45689655172413796 0.7495495495495496
0 0.6029094827586207 0.15945945945945947 0.0010775862068965517 0.0018018018018018018
0 0.599676724137931 0.15945945945945947 0.0010775862068965517 0.0018018018018018018
0 0.5969827586206896 0.16036036036036036 0.0021551724137931034 0.0036036036036036037
