0 0.4564489112227806 0.9950396825396826 0.0016750418760469012 0.001984126984126984
0 0.4623115577889447 0.996031746031746 0.010050251256281407 0.007936507936507936
0 0.4388609715242881 0.9831349206349206 0.0033500837520938024 0.001984126984126984
0 0.43132328308207707 0.9831349206349206 0.0016750418760469012 0.001984126984126984
0 0.5251256281407035 0.9821428571428571 0.005025125628140704 0.003968253968253968
0 0.5862646566164154 0.9811507936507936 0.006700167504187605 0.005952380952380952
0 0.5812395309882747 0.9801587301587301 0.0033500837520938024 0.003968253968253968
0 0.4438860971524288 0.9811507936507936 0.006700167504187605 0.005952380952380952
0 0.4028475711892797 0.9573412698412699 0.0016750418760469012 0.001984126984126984
0 0.5887772194304858 0.9553571428571429 0.0016750418760469012 0.001984126984126984
0 0.585427135678392 0.9553571428571429 0.0016750418760469012 0.001984126984126984
0 0.3777219430485762 0.9513888888888888 0.0016750418760469012 0.001984126984126984
0 0.3760469011725293 0.9474206349206349 0.0016750418760469012 0.001984126984126984
0 0.5996649916247906 0.9484126984126984 0.006700167504187605 0.007936507936507936
0 0.38274706867671693 0.9454365079365079 0.0016750418760469012 0.001984126984126984
0 0.3760469011725293 0.9434523809523809 0.0016750418760469012 0.001984126984126984
0 0.7395309882747069 0.935515873015873 0.0016750418760469012 0.001984126984126984
0 0.7328308207705193 0.935515873015873 0.0016750418760469012 0.001984126984126984
0 0.6758793969849246 0.935515873015873 0.0016750418760469012 0.001984126984126984
0 0.61892797319933 0.935515873015873 0.0016750418760469012 0.001984126984126984
0 0.7512562814070352 0.9345238095238095 0.005025125628140704 0.003968253968253968
0 0.6231155778894473 0.9345238095238095 0.0033500837520938024 0.003968253968253968
0 0.7445561139028476 0.9325396825396826 0.008375209380234505 0.007936507936507936
0 0.6155778894472361 0.9325396825396826 0.005025125628140704 0.007936507936507936
0 0.7437185929648241 0.9275793650793651 0.0033500837520938024 0.001984126984126984
0 0.3626465661641541 0.9255952380952381 0.0016750418760469012 0.001984126984126984
0 0.7780569514237856 0.9196428571428571 0.0016750418760469012 0.001984126984126984
0 0.35343383584589616 0.9196428571428571 0.0033500837520938024 0.001984126984126984
0 0.3341708542713568 0.9176587301587301 0.0016750418760469012 0.001984126984126984
0 0.3341708542713568 0.9126984126984127 0.0016750418760469012 0.003968253968253968
0 0.8567839195979899 0.9027777777777778 0.008375209380234505 0.003968253968253968
0 0.88107202680067 0.9007936507936508 0.006700167504187605 0.007936507936507936
0 0.2981574539363484 0.9007936507936508 0.006700167504187605 0.007936507936507936
0 0.890284757118928 0.8878968253968254 0.0016750418760469012 0.001984126984126984
0 0.2847571189279732 0.8849206349206349 0.006700167504187605 0.007936507936507936
0 0.9103852596314908 0.8779761904761905 0.0016750418760469012 0.001984126984126984
0 0.9505862646566164 0.8521825396825397 0.0016750418760469012 0.001984126984126984
0 0.27554438860971525 0.8422619047619048 0.0016750418760469012 0.001984126984126984
0 0.9556113902847572 0.8402777777777778 0.0016750418760469012 0.001984126984126984
0 0.9614740368509213 0.8382936507936508 0.006700167504187605 0.005952380952380952
0 0.271356783919598 0.8363095238095238 0.006700167504187605 0.005952380952380952
0 0.26884422110552764 0.8293650793650794 0.0016750418760469012 0.003968253968253968
0 0.9807370184254607 0.7916666666666666 0.0016750418760469012 0.003968253968253968
0 0.24204355108877723 0.7807539682539683 0.0016750418760469012 0.001984126984126984
0 0.990787269681742 0.7648809523809523 0.0016750418760469012 0.001984126984126984
0 0.990787269681742 0.7549603174603174 0.0016750418760469012 0.001984126984126984
0 0.2202680067001675 0.7450396825396826 0.0016750418760469012 0.001984126984126984
0 0.2202680067001675 0.7410714285714286 0.0016750418760469012 0.001984126984126984
0 0.990787269681742 0.7331349206349206 0.0016750418760469012 0.001984126984126984
0 0.20268006700167504 0.7281746031746031 0.0033500837520938024 0.003968253968253968
0 0.2018425460636516 0.7232142857142857 0.0016750418760469012 0.001984126984126984
0 0.9807370184254607 0.7003968253968254 0.0016750418760469012 0.003968253968253968
0 0.1884422110552764 0.6954365079365079 0.0016750418760469012 0.001984126984126984
0 0.19179229480737017 0.6934523809523809 0.0016750418760469012 0.005952380952380952
0 0.1884422110552764 0.689484126984127 0.0016750418760469012 0.001984126984126984
0 0.1884422110552764 0.6795634920634921 0.0016750418760469012 0.001984126984126984
0 0.9773869346733668 0.6736111111111112 0.0016750418760469012 0.001984126984126984
0 0.9773869346733668 0.6696428571428571 0.0016750418760469012 0.001984126984126984
0 0.9773869346733668 0.6597222222222222 0.0016750418760469012 0.001984126984126984
0 0.1624790619765494 0.6458333333333334 0.0033500837520938024 0.005952380952380952
0 0.15159128978224456 0.6121031746031746 0.0016750418760469012 0.001984126984126984
0 0.9639865996649917 0.6101190476190477 0.0016750418760469012 0.001984126984126984
0 0.9597989949748744 0.6111111111111112 0.0033500837520938024 0.003968253968253968
0 0.9597989949748744 0.6061507936507936 0.006700167504187605 0.005952380952380952
0 0.9556113902847572 0.6041666666666666 0.0016750418760469012 0.001984126984126984
0 0.12144053601340034 0.5426587301587301 0.0016750418760469012 0.001984126984126984
0 0.940536013400335 0.5416666666666666 0.0016750418760469012 0.003968253968253968
0 0.11390284757118928 0.5198412698412699 0.0033500837520938024 0.007936507936507936
0 0.10552763819095477 0.49007936507936506 0.0033500837520938024 0.003968253968253968
0 0.05695142378559464 0.49007936507936506 0.010050251256281407 0.003968253968253968
0 0.05443886097152429 0.4851190476190476 0.0016750418760469012 0.001984126984126984
0 0.9505862646566164 0.48313492063492064 0.0016750418760469012 0.001984126984126984
0 0.9505862646566164 0.4791666666666667 0.0016750418760469012 0.001984126984126984
0 0.07956448911222781 0.4712301587301587 0.0016750418760469012 0.001984126984126984
0 0.9355108877721943 0.46924603174603174 0.0016750418760469012 0.001984126984126984
0 0.9346733668341709 0.44841269841269843 0.006700167504187605 0.007936507936507936
0 0.9095477386934674 0.4365079365079365 0.0033500837520938024 0.003968253968253968
0 0.9003350083752094 0.43353174603174605 0.0016750418760469012 0.001984126984126984
0 0.8961474036850922 0.43253968253968256 0.0033500837520938024 0.003968253968253968
0 0.9087102177554439 0.4305555555555556 0.005025125628140704 0.003968253968253968
0 0.9020100502512562 0.42956349206349204 0.0016750418760469012 0.001984126984126984
0 0.04355108877721943 0.43253968253968256 0.006700167504187605 0.007936507936507936
0 0.05527638190954774 0.42757936507936506 0.0033500837520938024 0.001984126984126984
0 0.05443886097152429 0.4236111111111111 0.0016750418760469012 0.001984126984126984
0 0.8710217755443886 0.41964285714285715 0.0033500837520938024 0.001984126984126984
0 0.8793969849246231 0.4226190476190476 0.010050251256281407 0.011904761904761904
0 0.88107202680067 0.4156746031746032 0.006700167504187605 0.005952380952380952
0 0.8752093802345059 0.41369047619047616 0.0016750418760469012 0.001984126984126984
0 0.8626465661641541 0.4107142857142857 0.0033500837520938024 0.003968253968253968
0 0.05443886097152429 0.4097222222222222 0.0016750418760469012 0.001984126984126984
0 0.8668341708542714 0.40476190476190477 0.005025125628140704 0.007936507936507936
0 0.8701842546063652 0.3998015873015873 0.0016750418760469012 0.001984126984126984
0 0.8408710217755444 0.38392857142857145 0.006700167504187605 0.005952380952380952
0 0.05695142378559464 0.38591269841269843 0.006700167504187605 0.00992063492063492
0 0.8274706867671692 0.3531746031746032 0.006700167504187605 0.007936507936507936
0 0.07035175879396985 0.35119047619047616 0.0033500837520938024 0.003968253968253968
0 0.8157453936348409 0.3472222222222222 0.0033500837520938024 0.003968253968253968
0 0.8098827470686767 0.3472222222222222 0.005025125628140704 0.003968253968253968
0 0.8115577889447236 0.34424603174603174 0.0016750418760469012 0.001984126984126984
0 0.09045226130653267 0.32341269841269843 0.010050251256281407 0.011904761904761904
0 0.08375209380234507 0.32142857142857145 0.006700167504187605 0.007936507936507936
0 0.7981574539363484 0.30654761904761907 0.0016750418760469012 0.001984126984126984
0 0.8140703517587939 0.3055555555555556 0.006700167504187605 0.007936507936507936
0 0.8006700167504187 0.30357142857142855 0.0033500837520938024 0.003968253968253968
0 0.10301507537688442 0.3005952380952381 0.0016750418760469012 0.001984126984126984
0 0.09715242881072027 0.2986111111111111 0.006700167504187605 0.005952380952380952
0 0.09463986599664992 0.2847222222222222 0.0016750418760469012 0.001984126984126984
0 0.7897822445561139 0.28273809523809523 0.0016750418760469012 0.001984126984126984
0 0.7864321608040201 0.28273809523809523 0.0016750418760469012 0.001984126984126984
0 0.09882747068676717 0.28869047619047616 0.010050251256281407 0.017857142857142856
0 0.08793969849246232 0.26884920634920634 0.0016750418760469012 0.001984126984126984
0 0.08458961474036851 0.26884920634920634 0.0016750418760469012 0.001984126984126984
0 0.0812395309882747 0.2648809523809524 0.0016750418760469012 0.001984126984126984
0 0.7747068676716918 0.24305555555555555 0.0016750418760469012 0.001984126984126984
0 0.7872696817420436 0.24107142857142858 0.006700167504187605 0.005952380952380952
0 0.7814070351758794 0.2390873015873016 0.0016750418760469012 0.001984126984126984
0 0.7763819095477387 0.2390873015873016 0.0016750418760469012 0.001984126984126984
0 0.7696817420435511 0.2400793650793651 0.005025125628140704 0.003968253968253968
0 0.7646566164154104 0.2390873015873016 0.0016750418760469012 0.001984126984126984
0 0.7495812395309883 0.22718253968253968 0.0016750418760469012 0.001984126984126984
0 0.7479061976549414 0.22321428571428573 0.0016750418760469012 0.001984126984126984
0 0.7437185929648241 0.22420634920634921 0.0033500837520938024 0.003968253968253968
0 0.7336683417085427 0.20932539682539683 0.006700167504187605 0.005952380952380952
0 0.7278056951423786 0.20734126984126985 0.0016750418760469012 0.001984126984126984
0 0.6825795644891123 0.19543650793650794 0.0016750418760469012 0.001984126984126984
0 0.6892797319932998 0.19345238095238096 0.0016750418760469012 0.001984126984126984
0 0.6859296482412061 0.19345238095238096 0.0016750418760469012 0.001984126984126984
0 0.6775544388609716 0.19345238095238096 0.0016750418760469012 0.001984126984126984
0 0.6809045226130653 0.19146825396825398 0.0016750418760469012 0.001984126984126984
0 0.6742043551088778 0.19345238095238096 0.0016750418760469012 0.005952380952380952
0 0.669179229480737 0.19345238095238096 0.005025125628140704 0.005952380952380952
0 0.6624790619765494 0.19246031746031747 0.005025125628140704 0.003968253968253968
0 0.6423785594639866 0.17559523809523808 0.0016750418760469012 0.001984126984126984
0 0.6390284757118928 0.17559523809523808 0.0016750418760469012 0.001984126984126984
0 0.10469011725293133 0.1736111111111111 0.0016750418760469012 0.001984126984126984
0 0.4380234505862647 0.1597222222222222 0.0016750418760469012 0.001984126984126984
0 0.42294807370184256 0.1597222222222222 0.0016750418760469012 0.001984126984126984
0 0.40117252931323283 0.14781746031746032 0.0016750418760469012 0.001984126984126984
0 0.5996649916247906 0.14384920634920634 0.0033500837520938024 0.001984126984126984
0 0.4656616415410385 0.14384920634920634 0.0033500837520938024 0.001984126984126984
0 0.4581239530988275 0.14384920634920634 0.0016750418760469012 0.001984126984126984
0 0.40117252931323283 0.13988095238095238 0.0016750418760469012 0.001984126984126984
0 0.39782244556113905 0.13988095238095238 0.0016750418760469012 0.001984126984126984
0 0.4882747068676717 0.13194444444444445 0.0016750418760469012 0.001984126984126984
0 0.12311557788944724 0.13194444444444445 0.0016750418760469012 0.001984126984126984
0 0.11976549413735343 0.13095238095238096 0.0016750418760469012 0.003968253968253968
0 0.11641541038525963 0.12996031746031747 0.0016750418760469012 0.001984126984126984
0 0.11139028475711893 0.12996031746031747 0.0016750418760469012 0.001984126984126984
0 0.5728643216080402 0.13095238095238096 0.006700167504187605 0.007936507936507936
0 0.541038525963149 0.12896825396825398 0.0033500837520938024 0.003968253968253968
0 0.4723618090452261 0.13095238095238096 0.006700167504187605 0.007936507936507936
0 0.10385259631490787 0.13293650793650794 0.010050251256281407 0.011904761904761904
0 0.09715242881072027 0.13095238095238096 0.006700167504187605 0.007936507936507936
0 0.40117252931323283 0.11408730158730158 0.0016750418760469012 0.001984126984126984
0 0.3969849246231156 0.10615079365079365 0.010050251256281407 0.013888888888888888
0 0.39865996649916247 0.09821428571428571 0.006700167504187605 0.005952380952380952
0 0.3927973199329983 0.09623015873015874 0.0016750418760469012 0.001984126984126984
0 0.37353433835845895 0.08630952380952381 0.0033500837520938024 0.001984126984126984
0 0.37353433835845895 0.08134920634920635 0.0033500837520938024 0.003968253968253968
0 0.3685092127303183 0.08134920634920635 0.0033500837520938024 0.003968253968253968
0 0.14824120603015076 0.08134920634920635 0.0016750418760469012 0.003968253968253968
0 0.18257956448911222 0.061507936507936505 0.0033500837520938024 0.003968253968253968
0 0.17587939698492464 0.061507936507936505 0.0033500837520938024 0.007936507936507936
0 0.17839195979899497 0.05555555555555555 0.005025125628140704 0.007936507936507936
0 0.17504187604690116 0.050595238095238096 0.0016750418760469012 0.001984126984126984
0 0.18760469011725292 0.0496031746031746 0.0033500837520938024 0.003968253968253968
0 0.19262981574539365 0.03968253968253968 0.0033500837520938024 0.003968253968253968
0 0.1884422110552764 0.03869047619047619 0.0016750418760469012 0.001984126984126984
0 0.3316582914572864 0.03571428571428571 0.006700167504187605 0.007936507936507936
0 0.3174204355108878 0.03273809523809524 0.0016750418760469012 0.001984126984126984
0 0.30569514237855944 0.03373015873015873 0.005025125628140704 0.003968253968253968
0 0.29731993299832493 0.03373015873015873 0.008375209380234505 0.003968253968253968
0 0.1968174204355109 0.03273809523809524 0.0016750418760469012 0.001984126984126984
0 0.19262981574539365 0.034722222222222224 0.006700167504187605 0.005952380952380952
0 0.2403685092127303 0.020833333333333332 0.0016750418760469012 0.001984126984126984
0 0.5159128978224455 0.5079365079365079 0.9514237855946399 0.9841269841269841
0 0.2068676716917923 0.01984126984126984 0.011725293132328308 0.007936507936507936
