0 0.8895424836601307 0.9990059642147118 0.00130718954248366 0.0019880715705765406
0 0.22941176470588234 0.9850894632206759 0.00130718954248366 0.0019880715705765406
0 0.2261437908496732 0.9850894632206759 0.00261437908496732 0.0019880715705765406
0 0.18758169934640523 0.9850894632206759 0.00130718954248366 0.0019880715705765406
0 0.1718954248366013 0.9850894632206759 0.00130718954248366 0.0019880715705765406
0 0.14052287581699346 0.9850894632206759 0.00130718954248366 0.0019880715705765406
0 0.12483660130718954 0.9831013916500994 0.00130718954248366 0.0019880715705765406
0 0.12026143790849673 0.9840954274353877 0.00522875816993464 0.003976143141153081
0 0.10522875816993464 0.9811133200795229 0.00130718954248366 0.0019880715705765406
0 0.23790849673202613 0.9821073558648111 0.00522875816993464 0.007952286282306162
0 0.1843137254901961 0.9811133200795229 0.00261437908496732 0.005964214711729622
0 0.1803921568627451 0.9821073558648111 0.00522875816993464 0.007952286282306162
0 0.16732026143790849 0.9801192842942346 0.00522875816993464 0.003976143141153081
0 0.20130718954248367 0.9801192842942346 0.01568627450980392 0.011928429423459244
0 0.19084967320261437 0.9801192842942346 0.00784313725490196 0.011928429423459244
0 0.9718954248366013 0.9701789264413518 0.00130718954248366 0.003976143141153081
0 0.8856209150326797 0.9691848906560636 0.00392156862745098 0.0019880715705765406
0 0.26209150326797387 0.9681908548707754 0.00392156862745098 0.003976143141153081
0 0.1261437908496732 0.9473161033797217 0.00130718954248366 0.0019880715705765406
0 0.14248366013071895 0.9463220675944334 0.00261437908496732 0.003976143141153081
0 0.1287581699346405 0.9443339960238568 0.00392156862745098 0.003976143141153081
0 0.9699346405228758 0.9463220675944334 0.00522875816993464 0.011928429423459244
0 0.14248366013071895 0.941351888667992 0.00522875816993464 0.005964214711729622
0 0.1392156862745098 0.9393638170974155 0.00130718954248366 0.0019880715705765406
0 0.1300653594771242 0.9393638170974155 0.00130718954248366 0.0019880715705765406
0 0.12745098039215685 0.9393638170974155 0.00130718954248366 0.0019880715705765406
0 0.9718954248366013 0.937375745526839 0.00130718954248366 0.0019880715705765406
0 0.2803921568627451 0.9363817097415507 0.00392156862745098 0.003976143141153081
0 0.2725490196078431 0.9363817097415507 0.00392156862745098 0.003976143141153081
0 0.1758169934640523 0.9234592445328031 0.00130718954248366 0.0019880715705765406
0 0.20261437908496732 0.9194831013916501 0.00261437908496732 0.0019880715705765406
0 0.19934640522875818 0.9194831013916501 0.00130718954248366 0.0019880715705765406
0 0.2908496732026144 0.9184890656063618 0.009150326797385621 0.007952286282306162
0 0.9326797385620915 0.911530815109344 0.00392156862745098 0.0019880715705765406
0 0.9326797385620915 0.9075546719681908 0.00130718954248366 0.0019880715705765406
0 0.8967320261437909 0.9085487077534792 0.00261437908496732 0.003976143141153081
0 0.9254901960784314 0.9532803180914513 0.09411764705882353 0.09343936381709742
0 0.8856209150326797 0.9075546719681908 0.00130718954248366 0.0019880715705765406
0 0.8810457516339869 0.9095427435387674 0.00522875816993464 0.005964214711729622
0 0.32745098039215687 0.9055666003976143 0.00130718954248366 0.0019880715705765406
0 0.07254901960784314 0.9055666003976143 0.00130718954248366 0.0019880715705765406
0 0.19934640522875818 0.9035785288270378 0.00130718954248366 0.0019880715705765406
0 0.06797385620915032 0.904572564612326 0.00261437908496732 0.003976143141153081
0 0.07058823529411765 0.9015904572564613 0.00261437908496732 0.0019880715705765406
0 0.35294117647058826 0.9025844930417495 0.00522875816993464 0.007952286282306162
0 0.19934640522875818 0.8996023856858847 0.00130718954248366 0.0019880715705765406
0 0.07254901960784314 0.8976143141153081 0.00130718954248366 0.0019880715705765406
0 0.3483660130718954 0.9005964214711729 0.006535947712418301 0.011928429423459244
0 0.5745098039215686 0.889662027833002 0.00130718954248366 0.0019880715705765406
0 0.5679738562091503 0.889662027833002 0.00130718954248366 0.0019880715705765406
0 0.5830065359477125 0.8866799204771372 0.00522875816993464 0.007952286282306162
0 0.5732026143790849 0.8836978131212724 0.00130718954248366 0.0019880715705765406
0 0.5568627450980392 0.8866799204771372 0.00522875816993464 0.007952286282306162
0 0.5588235294117647 0.8817097415506958 0.00130718954248366 0.0019880715705765406
0 0.4294117647058823 0.8817097415506958 0.00130718954248366 0.0019880715705765406
0 0.5784313725490197 0.8846918489065606 0.006535947712418301 0.011928429423459244
0 0.5562091503267974 0.8797216699801192 0.00130718954248366 0.0019880715705765406
0 0.47516339869281043 0.8797216699801192 0.00130718954248366 0.0019880715705765406
0 0.4294117647058823 0.8777335984095428 0.00130718954248366 0.0019880715705765406
0 0.20065359477124184 0.8777335984095428 0.00130718954248366 0.0019880715705765406
0 0.20326797385620915 0.8757455268389662 0.00130718954248366 0.0019880715705765406
0 0.03333333333333333 0.878727634194831 0.00392156862745098 0.007952286282306162
0 0.5849673202614379 0.8717693836978131 0.00130718954248366 0.0019880715705765406
0 0.042483660130718956 0.8697813121272365 0.00130718954248366 0.0019880715705765406
0 0.5098039215686274 0.8707753479125249 0.00522875816993464 0.007952286282306162
0 0.06862745098039216 0.8638170974155069 0.00130718954248366 0.0019880715705765406
0 0.5816993464052288 0.8638170974155069 0.00784313725490196 0.009940357852882704
0 0.5699346405228758 0.8747514910536779 0.03137254901960784 0.03180914512922465
0 0.5549019607843138 0.8598409542743539 0.00130718954248366 0.0019880715705765406
0 0.07058823529411765 0.8608349900596421 0.00261437908496732 0.003976143141153081
0 0.05751633986928104 0.882703777335984 0.05228758169934641 0.04771371769383698
0 0.22091503267973855 0.856858846918489 0.00261437908496732 0.003976143141153081
0 0.19150326797385622 0.856858846918489 0.00130718954248366 0.003976143141153081
0 0.16862745098039217 0.852882703777336 0.00261437908496732 0.003976143141153081
0 0.22091503267973855 0.8499005964214712 0.00261437908496732 0.0019880715705765406
0 0.22026143790849673 0.8459244532803181 0.00130718954248366 0.0019880715705765406
0 0.43137254901960786 0.8469184890656064 0.00522875816993464 0.007952286282306162
0 0.37973856209150325 0.841948310139165 0.00130718954248366 0.0019880715705765406
0 0.3588235294117647 0.841948310139165 0.00130718954248366 0.0019880715705765406
0 0.21633986928104576 0.841948310139165 0.00130718954248366 0.0019880715705765406
0 0.5117647058823529 0.8399602385685885 0.00130718954248366 0.0019880715705765406
0 0.4071895424836601 0.8399602385685885 0.00130718954248366 0.0019880715705765406
0 0.39477124183006534 0.8399602385685885 0.00261437908496732 0.0019880715705765406
0 0.361437908496732 0.8399602385685885 0.00130718954248366 0.0019880715705765406
0 0.4398692810457516 0.8320079522862823 0.00130718954248366 0.0019880715705765406
0 0.34183006535947713 0.8320079522862823 0.00130718954248366 0.005964214711729622
0 0.3156862745098039 0.8290258449304175 0.00130718954248366 0.003976143141153081
0 0.6529411764705882 0.8260437375745527 0.00130718954248366 0.0019880715705765406
0 0.634640522875817 0.8260437375745527 0.00130718954248366 0.0019880715705765406
0 0.64640522875817 0.8250497017892644 0.00130718954248366 0.003976143141153081
0 0.13137254901960785 0.8250497017892644 0.00130718954248366 0.003976143141153081
0 0.6313725490196078 0.8240556660039762 0.00522875816993464 0.005964214711729622
0 0.44575163398692813 0.8230616302186878 0.00261437908496732 0.003976143141153081
0 0.13594771241830064 0.8240556660039762 0.00522875816993464 0.005964214711729622
0 0.6281045751633987 0.820079522862823 0.00130718954248366 0.0019880715705765406
0 0.3281045751633987 0.8210735586481114 0.00261437908496732 0.003976143141153081
0 0.32483660130718955 0.820079522862823 0.00130718954248366 0.0019880715705765406
0 0.6581699346405229 0.8180914512922465 0.00130718954248366 0.0019880715705765406
0 0.6562091503267974 0.8220675944333996 0.00522875816993464 0.009940357852882704
0 0.6313725490196078 0.8190854870775348 0.00261437908496732 0.003976143141153081
0 0.2084967320261438 0.8180914512922465 0.00130718954248366 0.0019880715705765406
0 0.6300653594771242 0.8141153081510935 0.00261437908496732 0.005964214711729622
0 0.40261437908496733 0.81610337972167 0.01045751633986928 0.009940357852882704
0 0.28366013071895424 0.8131212723658051 0.00261437908496732 0.003976143141153081
0 0.2372549019607843 0.8131212723658051 0.00392156862745098 0.003976143141153081
0 0.2222222222222222 0.8151093439363817 0.00522875816993464 0.007952286282306162
0 0.20784313725490197 0.8131212723658051 0.00261437908496732 0.003976143141153081
0 0.2045751633986928 0.8121272365805169 0.00130718954248366 0.0019880715705765406
0 0.18562091503267975 0.8131212723658051 0.00261437908496732 0.003976143141153081
0 0.17647058823529413 0.8131212723658051 0.00261437908496732 0.003976143141153081
0 0.17320261437908496 0.8121272365805169 0.00130718954248366 0.0019880715705765406
0 0.15947712418300652 0.8151093439363817 0.00522875816993464 0.007952286282306162
0 0.6751633986928105 0.8091451292246521 0.00130718954248366 0.003976143141153081
0 0.6784313725490196 0.8081510934393639 0.00261437908496732 0.005964214711729622
0 0.6875816993464052 0.8071570576540755 0.00522875816993464 0.007952286282306162
0 0.3862745098039216 0.7982107355864811 0.00130718954248366 0.0019880715705765406
0 0.4398692810457516 0.7962226640159046 0.00130718954248366 0.0019880715705765406
0 0.4718954248366013 0.7952286282306164 0.00261437908496732 0.003976143141153081
0 0.5862745098039216 0.7932405566600398 0.00130718954248366 0.003976143141153081
0 0.47124183006535947 0.790258449304175 0.00130718954248366 0.0019880715705765406
0 0.7 0.7842942345924453 0.00130718954248366 0.0019880715705765406
0 0.3784313725490196 0.7842942345924453 0.00130718954248366 0.0019880715705765406
0 0.38496732026143793 0.7813121272365805 0.00392156862745098 0.003976143141153081
0 0.25620915032679736 0.882703777335984 0.3032679738562091 0.20675944333996024
0 0.32679738562091504 0.7833001988071571 0.00522875816993464 0.007952286282306162
0 0.7019607843137254 0.7783300198807157 0.00261437908496732 0.0019880715705765406
0 0.2084967320261438 0.7783300198807157 0.00130718954248366 0.0019880715705765406
0 0.19673202614379084 0.7783300198807157 0.00130718954248366 0.0019880715705765406
0 0.3235294117647059 0.7763419483101391 0.00130718954248366 0.0019880715705765406
0 0.3045751633986928 0.7773359840954275 0.00261437908496732 0.003976143141153081
0 0.18235294117647058 0.7773359840954275 0.00392156862745098 0.003976143141153081
0 0.17777777777777778 0.7773359840954275 0.00261437908496732 0.003976143141153081
0 0.2084967320261438 0.7743538767395626 0.00130718954248366 0.0019880715705765406
0 0.1803921568627451 0.7723658051689861 0.00261437908496732 0.0019880715705765406
0 0.14901960784313725 0.7753479125248509 0.00522875816993464 0.007952286282306162
0 0.10980392156862745 0.7753479125248509 0.00261437908496732 0.007952286282306162
0 0.19934640522875818 0.7703777335984096 0.00130718954248366 0.0019880715705765406
0 0.6058823529411764 0.7693836978131213 0.00130718954248366 0.003976143141153081
0 0.3209150326797386 0.7713717693836978 0.00392156862745098 0.007952286282306162
0 0.20261437908496732 0.7693836978131213 0.00261437908496732 0.003976143141153081
0 0.5784313725490197 0.7723658051689861 0.006535947712418301 0.013916500994035786
0 0.47581699346405226 0.8349900596421471 0.09411764705882353 0.14314115308151093
0 0.503921568627451 0.76441351888668 0.00130718954248366 0.0019880715705765406
0 0.12745098039215685 0.7654075546719682 0.00130718954248366 0.003976143141153081
0 0.12549019607843137 0.7952286282306164 0.04183006535947712 0.0636182902584493
0 0.7457516339869281 0.7624254473161034 0.00130718954248366 0.0019880715705765406
0 0.6816993464052288 0.7634194831013916 0.00130718954248366 0.003976143141153081
0 0.4398692810457516 0.7624254473161034 0.00130718954248366 0.0019880715705765406
0 0.43333333333333335 0.7624254473161034 0.00130718954248366 0.0019880715705765406
0 0.13790849673202615 0.7624254473161034 0.00130718954248366 0.0019880715705765406
0 0.5562091503267974 0.7614314115308151 0.00392156862745098 0.003976143141153081
0 0.4522875816993464 0.7614314115308151 0.00522875816993464 0.003976143141153081
0 0.4477124183006536 0.7604373757455268 0.00130718954248366 0.0019880715705765406
0 0.1522875816993464 0.7604373757455268 0.00130718954248366 0.0019880715705765406
0 0.7503267973856209 0.7604373757455268 0.00522875816993464 0.005964214711729622
0 0.45751633986928103 0.7604373757455268 0.00522875816993464 0.005964214711729622
0 0.4437908496732026 0.7594433399602386 0.00392156862745098 0.007952286282306162
0 0.14313725490196078 0.7594433399602386 0.00392156862745098 0.007952286282306162
0 0.4084967320261438 0.7504970178926441 0.00130718954248366 0.0019880715705765406
0 0.5549019607843138 0.7485089463220675 0.00130718954248366 0.0019880715705765406
0 0.6163398692810458 0.7475149105367793 0.00130718954248366 0.003976143141153081
0 0.4738562091503268 0.7465208747514911 0.00130718954248366 0.0019880715705765406
0 0.4699346405228758 0.7465208747514911 0.00130718954248366 0.0019880715705765406
0 0.373202614379085 0.7465208747514911 0.00130718954248366 0.0019880715705765406
0 0.3287581699346405 0.7465208747514911 0.00130718954248366 0.0019880715705765406
0 0.21895424836601307 0.7465208747514911 0.00130718954248366 0.0019880715705765406
0 0.7954248366013071 0.7455268389662028 0.00130718954248366 0.003976143141153081
0 0.6607843137254902 0.7445328031809145 0.00130718954248366 0.0019880715705765406
0 0.4647058823529412 0.7455268389662028 0.00392156862745098 0.003976143141153081
0 0.47843137254901963 0.7445328031809145 0.00522875816993464 0.005964214711729622
0 0.46862745098039216 0.742544731610338 0.00130718954248366 0.0019880715705765406
0 0.36993464052287583 0.7445328031809145 0.00522875816993464 0.005964214711729622
0 0.2725490196078431 0.742544731610338 0.00130718954248366 0.0019880715705765406
0 0.36666666666666664 0.7405566600397614 0.00130718954248366 0.0019880715705765406
0 0.4019607843137255 0.7385685884691849 0.00130718954248366 0.0019880715705765406
0 0.36993464052287583 0.7395626242544732 0.00261437908496732 0.003976143141153081
0 0.3993464052287582 0.7365805168986084 0.00130718954248366 0.0019880715705765406
0 0.7196078431372549 0.7365805168986084 0.00392156862745098 0.009940357852882704
0 0.13398692810457516 0.7335984095427436 0.00130718954248366 0.003976143141153081
0 0.5549019607843138 0.7306163021868787 0.00130718954248366 0.0019880715705765406
0 0.3503267973856209 0.7306163021868787 0.00261437908496732 0.0019880715705765406
0 0.24901960784313726 0.7306163021868787 0.00130718954248366 0.0019880715705765406
0 0.22679738562091503 0.7306163021868787 0.00130718954248366 0.0019880715705765406
0 0.5588235294117647 0.7296222664015904 0.00392156862745098 0.003976143141153081
0 0.3509803921568627 0.7266401590457257 0.00130718954248366 0.0019880715705765406
0 0.5620915032679739 0.7266401590457257 0.00261437908496732 0.005964214711729622
0 0.3542483660130719 0.7276341948310139 0.00261437908496732 0.007952286282306162
0 0.13660130718954247 0.7226640159045725 0.00130718954248366 0.0019880715705765406
0 0.7849673202614379 0.7206759443339961 0.00130718954248366 0.0019880715705765406
0 0.36666666666666664 0.7206759443339961 0.00130718954248366 0.0019880715705765406
0 0.2496732026143791 0.7186878727634195 0.00261437908496732 0.0019880715705765406
0 0.7248366013071895 0.7166998011928429 0.00130718954248366 0.0019880715705765406
0 0.7222222222222222 0.7176938369781312 0.00130718954248366 0.003976143141153081
0 0.39673202614379083 0.7196819085487077 0.011764705882352941 0.007952286282306162
0 0.27320261437908494 0.7206759443339961 0.00261437908496732 0.009940357852882704
0 0.6176470588235294 0.7147117296222664 0.00130718954248366 0.0019880715705765406
0 0.4084967320261438 0.7147117296222664 0.00130718954248366 0.0019880715705765406
0 0.7359477124183007 0.7137176938369781 0.00261437908496732 0.003976143141153081
0 0.7104575163398693 0.7137176938369781 0.00130718954248366 0.003976143141153081
0 0.2503267973856209 0.7127236580516899 0.00130718954248366 0.0019880715705765406
0 0.7810457516339869 0.7117296222664016 0.006535947712418301 0.007952286282306162
0 0.3790849673202614 0.7087475149105368 0.00261437908496732 0.0019880715705765406
0 0.8254901960784313 0.7067594433399602 0.00130718954248366 0.0019880715705765406
0 0.3843137254901961 0.7077534791252486 0.00522875816993464 0.003976143141153081
0 0.14575163398692811 0.7067594433399602 0.00130718954248366 0.0019880715705765406
0 0.14836601307189543 0.7027833001988072 0.00130718954248366 0.0019880715705765406
0 0.6555555555555556 0.7007952286282306 0.00130718954248366 0.0019880715705765406
0 0.6509803921568628 0.7027833001988072 0.00522875816993464 0.005964214711729622
0 0.5549019607843138 0.7007952286282306 0.00130718954248366 0.0019880715705765406
0 0.2503267973856209 0.7007952286282306 0.00130718954248366 0.0019880715705765406
0 0.14313725490196078 0.7007952286282306 0.00130718954248366 0.0019880715705765406
0 0.13856209150326798 0.7027833001988072 0.00522875816993464 0.005964214711729622
0 0.6908496732026144 0.6968190854870775 0.00130718954248366 0.0019880715705765406
0 0.2627450980392157 0.6978131212723658 0.00261437908496732 0.003976143141153081
0 0.7333333333333333 0.6968190854870775 0.00261437908496732 0.005964214711729622
0 0.6470588235294118 0.6958250497017893 0.00261437908496732 0.003976143141153081
0 0.49084967320261436 0.694831013916501 0.00130718954248366 0.0019880715705765406
0 0.42026143790849674 0.6958250497017893 0.00392156862745098 0.003976143141153081
0 0.7352941176470589 0.6918489065606361 0.00392156862745098 0.007952286282306162
0 0.6934640522875817 0.6918489065606361 0.00392156862745098 0.007952286282306162
0 0.14705882352941177 0.6888667992047713 0.00130718954248366 0.0019880715705765406
0 0.7326797385620915 0.6868787276341949 0.00130718954248366 0.0019880715705765406
0 0.4196078431372549 0.6888667992047713 0.00261437908496732 0.005964214711729622
0 0.8359477124183007 0.6848906560636183 0.00130718954248366 0.0019880715705765406
0 0.6967320261437908 0.6858846918489065 0.00261437908496732 0.003976143141153081
0 0.5627450980392157 0.6848906560636183 0.00130718954248366 0.0019880715705765406
0 0.838562091503268 0.6829025844930418 0.00130718954248366 0.0019880715705765406
0 0.6568627450980392 0.6819085487077535 0.00392156862745098 0.003976143141153081
0 0.6503267973856209 0.6789264413518886 0.00130718954248366 0.0019880715705765406
0 0.5869281045751634 0.6749502982107356 0.00261437908496732 0.0019880715705765406
0 0.5915032679738562 0.672962226640159 0.00130718954248366 0.0019880715705765406
0 0.19215686274509805 0.6709741550695825 0.00261437908496732 0.0019880715705765406
0 0.7124183006535948 0.6699801192842942 0.00261437908496732 0.003976143141153081
0 0.5915032679738562 0.668986083499006 0.00130718954248366 0.0019880715705765406
0 0.5875816993464053 0.6699801192842942 0.00392156862745098 0.003976143141153081
0 0.49673202614379086 0.6719681908548708 0.00261437908496732 0.007952286282306162
0 0.7326797385620915 0.6669980119284294 0.00130718954248366 0.0019880715705765406
0 0.7359477124183007 0.6660039761431411 0.00261437908496732 0.003976143141153081
0 0.7326797385620915 0.6630218687872763 0.00130718954248366 0.0019880715705765406
0 0.19934640522875818 0.6630218687872763 0.00130718954248366 0.0019880715705765406
0 0.611764705882353 0.6610337972166997 0.00261437908496732 0.0019880715705765406
0 0.19934640522875818 0.6590457256461233 0.00130718954248366 0.0019880715705765406
0 0.6908496732026144 0.6570576540755467 0.00130718954248366 0.0019880715705765406
0 0.6176470588235294 0.6570576540755467 0.00130718954248366 0.0019880715705765406
0 0.42483660130718953 0.6550695825049702 0.00261437908496732 0.0019880715705765406
0 0.6065359477124183 0.7236580516898609 0.10457516339869281 0.14314115308151093
0 0.6150326797385621 0.6530815109343936 0.00130718954248366 0.0019880715705765406
0 0.6111111111111112 0.6560636182902585 0.006535947712418301 0.007952286282306162
0 0.6039215686274509 0.658051689860835 0.00784313725490196 0.011928429423459244
0 0.5986928104575163 0.6560636182902585 0.00522875816993464 0.007952286282306162
0 0.4189542483660131 0.6540755467196819 0.006535947712418301 0.003976143141153081
0 0.4071895424836601 0.6530815109343936 0.00130718954248366 0.0019880715705765406
0 0.1784313725490196 0.6540755467196819 0.00130718954248366 0.003976143141153081
0 0.9130718954248366 0.6510934393638171 0.00130718954248366 0.0019880715705765406
0 0.39673202614379083 0.6510934393638171 0.00130718954248366 0.0019880715705765406
0 0.9163398692810457 0.6491053677932406 0.00522875816993464 0.005964214711729622
0 0.9196078431372549 0.6451292246520874 0.00130718954248366 0.0019880715705765406
0 0.9163398692810457 0.6441351888667992 0.00261437908496732 0.003976143141153081
0 0.8928104575163399 0.647117296222664 0.00784313725490196 0.009940357852882704
0 0.8516339869281045 0.643141153081511 0.00130718954248366 0.0019880715705765406
0 0.8490196078431372 0.6411530815109344 0.00130718954248366 0.0019880715705765406
0 0.8895424836601307 0.6391650099403579 0.00130718954248366 0.0019880715705765406
0 0.4294117647058823 0.6391650099403579 0.00130718954248366 0.0019880715705765406
0 0.3359477124183007 0.6381709741550696 0.00261437908496732 0.003976143141153081
0 0.32745098039215687 0.6371769383697813 0.00130718954248366 0.0019880715705765406
0 0.21895424836601307 0.6381709741550696 0.00392156862745098 0.003976143141153081
0 0.20718954248366014 0.6381709741550696 0.00130718954248366 0.003976143141153081
0 0.9300653594771242 0.6351888667992047 0.00130718954248366 0.0019880715705765406
0 0.22745098039215686 0.6381709741550696 0.00784313725490196 0.007952286282306162
0 0.4071895424836601 0.6312127236580517 0.00130718954248366 0.0019880715705765406
0 0.40326797385620916 0.6272365805168986 0.00392156862745098 0.0019880715705765406
0 0.9261437908496732 0.6252485089463221 0.00130718954248366 0.0019880715705765406
0 0.9287581699346406 0.6262425447316103 0.00392156862745098 0.011928429423459244
0 0.6875816993464052 0.6242544731610338 0.00522875816993464 0.007952286282306162
0 0.45816993464052286 0.621272365805169 0.00130718954248366 0.0019880715705765406
0 0.33790849673202616 0.6272365805168986 0.006535947712418301 0.013916500994035786
0 0.3235294117647059 0.6192842942345924 0.00130718954248366 0.0019880715705765406
0 0.7549019607843137 0.617296222664016 0.00130718954248366 0.0019880715705765406
0 0.3235294117647059 0.6153081510934394 0.00130718954248366 0.0019880715705765406
0 0.23071895424836603 0.6153081510934394 0.00130718954248366 0.0019880715705765406
0 0.3209150326797386 0.6123260437375746 0.00130718954248366 0.003976143141153081
0 0.9006535947712418 0.6093439363817097 0.00261437908496732 0.0019880715705765406
0 0.49084967320261436 0.6093439363817097 0.00130718954248366 0.0019880715705765406
0 0.48562091503267973 0.6093439363817097 0.00130718954248366 0.0019880715705765406
0 0.3235294117647059 0.6093439363817097 0.00130718954248366 0.0019880715705765406
0 0.24901960784313726 0.6093439363817097 0.00130718954248366 0.0019880715705765406
0 0.23071895424836603 0.6073558648111332 0.00130718954248366 0.0019880715705765406
0 0.48823529411764705 0.6053677932405567 0.00130718954248366 0.0019880715705765406
0 0.48562091503267973 0.6053677932405567 0.00130718954248366 0.0019880715705765406
0 0.4627450980392157 0.6083499005964215 0.00522875816993464 0.007952286282306162
0 0.3235294117647059 0.6053677932405567 0.00130718954248366 0.0019880715705765406
0 0.44901960784313727 0.6033797216699801 0.00130718954248366 0.0019880715705765406
0 0.44901960784313727 0.5994035785288271 0.00130718954248366 0.0019880715705765406
0 0.8777777777777778 0.5934393638170974 0.00130718954248366 0.0019880715705765406
0 0.34705882352941175 0.5934393638170974 0.00392156862745098 0.009940357852882704
0 0.9281045751633987 0.588469184890656 0.00261437908496732 0.003976143141153081
0 0.4594771241830065 0.5874751491053678 0.00130718954248366 0.0019880715705765406
0 0.45555555555555555 0.5874751491053678 0.00130718954248366 0.0019880715705765406
0 0.37712418300653594 0.5854870775347912 0.00130718954248366 0.0019880715705765406
0 0.9444444444444444 0.5834990059642147 0.00130718954248366 0.0019880715705765406
0 0.8934640522875817 0.5854870775347912 0.00392156862745098 0.005964214711729622
0 0.8738562091503268 0.5834990059642147 0.00130718954248366 0.0019880715705765406
0 0.9490196078431372 0.584493041749503 0.00522875816993464 0.007952286282306162
0 0.41830065359477125 0.584493041749503 0.01045751633986928 0.007952286282306162
0 0.4111111111111111 0.5815109343936382 0.00130718954248366 0.0019880715705765406
0 0.7568627450980392 0.5805168986083499 0.00261437908496732 0.003976143141153081
0 0.75359477124183 0.5795228628230616 0.00130718954248366 0.0019880715705765406
0 0.42287581699346405 0.5795228628230616 0.00130718954248366 0.0019880715705765406
0 0.3130718954248366 0.5795228628230616 0.00130718954248366 0.0019880715705765406
0 0.42026143790849674 0.5775347912524851 0.00130718954248366 0.0019880715705765406
0 0.4176470588235294 0.5775347912524851 0.00130718954248366 0.0019880715705765406
0 0.3130718954248366 0.5755467196819085 0.00130718954248366 0.0019880715705765406
0 0.7601307189542483 0.5735586481113321 0.00130718954248366 0.0019880715705765406
0 0.7568627450980392 0.5755467196819085 0.00522875816993464 0.005964214711729622
0 0.4189542483660131 0.5735586481113321 0.00130718954248366 0.0019880715705765406
0 0.26862745098039215 0.5735586481113321 0.00130718954248366 0.0019880715705765406
0 0.26405228758169935 0.5755467196819085 0.00522875816993464 0.005964214711729622
0 0.5640522875816993 0.5715705765407555 0.00130718954248366 0.0019880715705765406
0 0.538562091503268 0.5715705765407555 0.00261437908496732 0.0019880715705765406
0 0.4738562091503268 0.5715705765407555 0.00130718954248366 0.0019880715705765406
0 0.42287581699346405 0.5725646123260437 0.00130718954248366 0.003976143141153081
0 0.5379084967320261 0.5675944333996024 0.00130718954248366 0.0019880715705765406
0 0.47843137254901963 0.5695825049701789 0.00522875816993464 0.005964214711729622
0 0.46797385620915033 0.5695825049701789 0.00522875816993464 0.005964214711729622
0 0.534640522875817 0.5685884691848907 0.00261437908496732 0.007952286282306162
0 0.7810457516339869 0.5576540755467196 0.00130718954248366 0.0019880715705765406
0 0.7725490196078432 0.558648111332008 0.00261437908496732 0.003976143141153081
0 0.477124183006536 0.562624254473161 0.00784313725490196 0.011928429423459244
0 0.5098039215686274 0.5556660039761432 0.00261437908496732 0.0019880715705765406
0 0.5 0.55168986083499 0.00130718954248366 0.0019880715705765406
0 0.30130718954248364 0.55168986083499 0.00130718954248366 0.0019880715705765406
0 0.9287581699346406 0.5497017892644135 0.00130718954248366 0.0019880715705765406
0 0.5202614379084968 0.5526838966202783 0.00522875816993464 0.007952286282306162
0 0.29869281045751633 0.5497017892644135 0.00130718954248366 0.0019880715705765406
0 0.7849673202614379 0.5457256461232605 0.00130718954248366 0.0019880715705765406
0 0.9490196078431372 0.5447316103379721 0.00522875816993464 0.007952286282306162
0 0.9444444444444444 0.5467196819085487 0.006535947712418301 0.011928429423459244
0 0.3006535947712418 0.5447316103379721 0.00522875816993464 0.007952286282306162
0 0.6124183006535948 0.5397614314115308 0.00130718954248366 0.0019880715705765406
0 0.9392156862745098 0.5387673956262425 0.00392156862745098 0.003976143141153081
0 0.742483660130719 0.5387673956262425 0.00522875816993464 0.003976143141153081
0 0.6124183006535948 0.5357852882703777 0.00130718954248366 0.0019880715705765406
0 0.8274509803921568 0.5268389662027833 0.00261437908496732 0.003976143141153081
0 0.5470588235294118 0.525844930417495 0.00130718954248366 0.0019880715705765406
0 0.515686274509804 0.525844930417495 0.00130718954248366 0.0019880715705765406
0 0.6215686274509804 0.5238568588469185 0.00130718954248366 0.0019880715705765406
0 0.7627450980392156 0.5218687872763419 0.00130718954248366 0.0019880715705765406
0 0.5111111111111111 0.5228628230616302 0.00261437908496732 0.003976143141153081
0 0.7562091503267974 0.5198807157057654 0.009150326797385621 0.009940357852882704
0 0.7601307189542483 0.5168986083499006 0.00392156862745098 0.007952286282306162
0 0.5104575163398692 0.5119284294234593 0.00392156862745098 0.0019880715705765406
0 0.9143790849673202 0.5099403578528827 0.00130718954248366 0.0019880715705765406
0 0.40588235294117647 0.510934393638171 0.00130718954248366 0.003976143141153081
0 0.9418300653594771 0.5079522862823062 0.00130718954248366 0.0019880715705765406
0 0.33137254901960783 0.5079522862823062 0.00130718954248366 0.0019880715705765406
0 0.5470588235294118 0.5069582504970179 0.00392156862745098 0.003976143141153081
0 0.33398692810457514 0.5069582504970179 0.00130718954248366 0.003976143141153081
0 0.9483660130718954 0.5049701789264414 0.006535947712418301 0.007952286282306162
0 0.7601307189542483 0.5 0.00130718954248366 0.0019880715705765406
0 0.9215686274509803 0.49801192842942343 0.00261437908496732 0.0019880715705765406
0 0.8725490196078431 0.49801192842942343 0.00130718954248366 0.0019880715705765406
0 0.7627450980392156 0.49801192842942343 0.00130718954248366 0.0019880715705765406
0 0.8725490196078431 0.49403578528827036 0.00130718954248366 0.0019880715705765406
0 0.8437908496732026 0.49403578528827036 0.00130718954248366 0.0019880715705765406
0 0.8333333333333334 0.49403578528827036 0.00130718954248366 0.0019880715705765406
0 0.8287581699346406 0.4960238568588469 0.00522875816993464 0.005964214711729622
0 0.7627450980392156 0.49403578528827036 0.00130718954248366 0.0019880715705765406
0 0.3366013071895425 0.49204771371769385 0.00130718954248366 0.0019880715705765406
0 0.4084967320261438 0.4900596421471173 0.00130718954248366 0.0019880715705765406
0 0.9209150326797385 0.48807157057654077 0.00130718954248366 0.0019880715705765406
0 0.9503267973856209 0.48807157057654077 0.00261437908496732 0.005964214711729622
0 0.5483660130718955 0.4860834990059642 0.00392156862745098 0.0019880715705765406
0 0.8986928104575164 0.4821073558648111 0.00130718954248366 0.0019880715705765406
0 0.5444444444444444 0.4821073558648111 0.00130718954248366 0.0019880715705765406
0 0.3411764705882353 0.4860834990059642 0.00784313725490196 0.013916500994035786
0 0.9215686274509803 0.47912524850894633 0.00261437908496732 0.003976143141153081
0 0.8986928104575164 0.47813121272365805 0.00130718954248366 0.0019880715705765406
0 0.34183006535947713 0.47813121272365805 0.00130718954248366 0.0019880715705765406
0 0.7222222222222222 0.4761431411530815 0.00130718954248366 0.0019880715705765406
0 0.5418300653594771 0.4761431411530815 0.00130718954248366 0.0019880715705765406
0 0.3483660130718954 0.4761431411530815 0.00130718954248366 0.0019880715705765406
0 0.2542483660130719 0.4761431411530815 0.00130718954248366 0.0019880715705765406
0 0.35294117647058826 0.474155069582505 0.00522875816993464 0.005964214711729622
0 0.25882352941176473 0.474155069582505 0.00522875816993464 0.005964214711729622
0 0.3457516339869281 0.4701789264413519 0.00130718954248366 0.0019880715705765406
0 0.27450980392156865 0.4731610337972167 0.00522875816993464 0.007952286282306162
0 0.565359477124183 0.46819085487077533 0.00130718954248366 0.0019880715705765406
0 0.2222222222222222 0.4721669980119284 0.00522875816993464 0.009940357852882704
0 0.7627450980392156 0.46322067594433397 0.00130718954248366 0.003976143141153081
0 0.7601307189542483 0.46222664015904574 0.00130718954248366 0.0019880715705765406
0 0.4091503267973856 0.4662027833001988 0.00261437908496732 0.009940357852882704
0 0.31633986928104574 0.46520874751491054 0.00522875816993464 0.007952286282306162
0 0.9601307189542484 0.4602385685884692 0.00130718954248366 0.0019880715705765406
0 0.6470588235294118 0.4592445328031809 0.00261437908496732 0.003976143141153081
0 0.26143790849673204 0.4572564612326044 0.00261437908496732 0.003976143141153081
0 0.7137254901960784 0.4572564612326044 0.00522875816993464 0.007952286282306162
0 0.8718954248366013 0.46322067594433397 0.00784313725490196 0.027833001988071572
0 0.6477124183006536 0.45029821073558646 0.00130718954248366 0.0019880715705765406
0 0.3026143790849673 0.45029821073558646 0.00130718954248366 0.0019880715705765406
0 0.8751633986928105 0.4463220675944334 0.00130718954248366 0.0019880715705765406
0 0.8705882352941177 0.44831013916500995 0.00522875816993464 0.005964214711729622
0 0.33464052287581697 0.47713717693836977 0.04183006535947712 0.0636182902584493
0 0.33725490196078434 0.44831013916500995 0.00522875816993464 0.005964214711729622
0 0.6581699346405229 0.44433399602385687 0.00130718954248366 0.0019880715705765406
0 0.060784313725490195 0.44433399602385687 0.00130718954248366 0.0019880715705765406
0 0.049019607843137254 0.44433399602385687 0.00392156862745098 0.0019880715705765406
0 0.6535947712418301 0.4433399602385686 0.00261437908496732 0.003976143141153081
0 0.9418300653594771 0.4403578528827038 0.00130718954248366 0.0019880715705765406
0 0.7150326797385621 0.44532803180914515 0.00784313725490196 0.011928429423459244
0 0.6562091503267974 0.4403578528827038 0.00261437908496732 0.0019880715705765406
0 0.6581699346405229 0.4363817097415507 0.00130718954248366 0.0019880715705765406
0 0.8823529411764706 0.4403578528827038 0.00784313725490196 0.013916500994035786
0 0.7143790849673203 0.43737574552683894 0.00392156862745098 0.007952286282306162
0 0.5326797385620915 0.43439363817097415 0.00130718954248366 0.0019880715705765406
0 0.5300653594771242 0.43439363817097415 0.00130718954248366 0.0019880715705765406
0 0.711764705882353 0.43240556660039764 0.00130718954248366 0.0019880715705765406
0 0.9431372549019608 0.4304174950298211 0.00130718954248366 0.0019880715705765406
0 0.8856209150326797 0.4304174950298211 0.00130718954248366 0.0019880715705765406
0 0.8810457516339869 0.43240556660039764 0.00522875816993464 0.005964214711729622
0 0.7398692810457517 0.43339960238568587 0.00522875816993464 0.007952286282306162
0 0.7215686274509804 0.4304174950298211 0.00261437908496732 0.0019880715705765406
0 0.738562091503268 0.4850894632206759 0.04967320261437908 0.11133200795228629
0 0.7941176470588235 0.4284294234592445 0.00130718954248366 0.0019880715705765406
0 0.5294117647058824 0.4294234592445328 0.00261437908496732 0.003976143141153081
0 0.6790849673202615 0.426441351888668 0.00130718954248366 0.0019880715705765406
0 0.6712418300653594 0.4274353876739563 0.00130718954248366 0.003976143141153081
0 0.7947712418300653 0.6252485089463221 0.33464052287581697 0.40357852882703776
0 0.8758169934640523 0.4254473161033797 0.00522875816993464 0.007952286282306162
0 0.665359477124183 0.4254473161033797 0.00784313725490196 0.007952286282306162
0 0.2169934640522876 0.4254473161033797 0.00522875816993464 0.007952286282306162
0 0.6633986928104575 0.42047713717693835 0.00392156862745098 0.0019880715705765406
0 0.2150326797385621 0.42047713717693835 0.00130718954248366 0.0019880715705765406
0 0.5790849673202615 0.42445328031809143 0.00784313725490196 0.013916500994035786
0 0.21764705882352942 0.41848906560636184 0.00130718954248366 0.0019880715705765406
0 0.045098039215686274 0.42147117296222664 0.00392156862745098 0.007952286282306162
0 0.042483660130718956 0.4165009940357853 0.00130718954248366 0.0019880715705765406
0 0.9594771241830066 0.41749502982107356 0.00522875816993464 0.007952286282306162
0 0.9549019607843138 0.4194831013916501 0.006535947712418301 0.011928429423459244
0 0.6313725490196078 0.41451292246520877 0.00261437908496732 0.0019880715705765406
0 0.6032679738562091 0.41451292246520877 0.00130718954248366 0.0019880715705765406
0 0.5980392156862745 0.41451292246520877 0.00130718954248366 0.0019880715705765406
0 0.5954248366013072 0.41451292246520877 0.00130718954248366 0.0019880715705765406
0 0.5901960784313726 0.41451292246520877 0.00130718954248366 0.0019880715705765406
0 0.5823529411764706 0.41451292246520877 0.00130718954248366 0.0019880715705765406
0 0.5777777777777777 0.4165009940357853 0.00522875816993464 0.005964214711729622
0 0.4215686274509804 0.41451292246520877 0.00130718954248366 0.0019880715705765406
0 0.41633986928104577 0.4194831013916501 0.009150326797385621 0.011928429423459244
0 0.41045751633986927 0.41749502982107356 0.00522875816993464 0.007952286282306162
0 0.05751633986928104 0.4294234592445328 0.03137254901960784 0.03180914512922465
0 0.8568627450980392 0.4125248508946322 0.00130718954248366 0.0019880715705765406
0 0.169281045751634 0.4125248508946322 0.00130718954248366 0.0019880715705765406
0 0.8490196078431372 0.4115308151093439 0.00392156862745098 0.003976143141153081
0 0.7784313725490196 0.4115308151093439 0.00392156862745098 0.003976143141153081
0 0.29934640522875816 0.4115308151093439 0.00261437908496732 0.003976143141153081
0 0.43071895424836604 0.4125248508946322 0.006535947712418301 0.009940357852882704
0 0.22549019607843138 0.4105367793240557 0.006535947712418301 0.005964214711729622
0 0.6581699346405229 0.40457256461232605 0.00130718954248366 0.0019880715705765406
0 0.6418300653594772 0.40556660039761433 0.00261437908496732 0.003976143141153081
0 0.7758169934640523 0.40457256461232605 0.00392156862745098 0.009940357852882704
0 0.6712418300653594 0.40059642147117297 0.00130718954248366 0.0019880715705765406
0 0.7980392156862746 0.3986083499005964 0.00392156862745098 0.0019880715705765406
0 0.6607843137254902 0.3996023856858847 0.00392156862745098 0.003976143141153081
0 0.6091503267973856 0.40159045725646125 0.00522875816993464 0.007952286282306162
0 0.43137254901960786 0.40159045725646125 0.00522875816993464 0.007952286282306162
0 0.6372549019607843 0.3966202783300199 0.00130718954248366 0.0019880715705765406
0 0.5366013071895425 0.3966202783300199 0.00130718954248366 0.0019880715705765406
0 0.32483660130718955 0.3966202783300199 0.00130718954248366 0.0019880715705765406
0 0.9522875816993464 0.3946322067594433 0.00130718954248366 0.0019880715705765406
0 0.3215686274509804 0.3956262425447316 0.00261437908496732 0.003976143141153081
0 0.5411764705882353 0.3946322067594433 0.00522875816993464 0.005964214711729622
0 0.16993464052287582 0.3976143141153082 0.00522875816993464 0.011928429423459244
0 0.8392156862745098 0.39363817097415504 0.00522875816993464 0.007952286282306162
0 0.9522875816993464 0.3866799204771372 0.00130718954248366 0.0019880715705765406
0 0.8862745098039215 0.39165009940357853 0.00522875816993464 0.011928429423459244
0 0.33398692810457514 0.3866799204771372 0.00130718954248366 0.0019880715705765406
0 0.6477124183006536 0.38469184890656066 0.00130718954248366 0.0019880715705765406
0 0.7895424836601307 0.40556660039761433 0.03137254901960784 0.04771371769383698
0 0.5398692810457516 0.38767395626242546 0.00784313725490196 0.011928429423459244
0 0.16993464052287582 0.3856858846918489 0.00522875816993464 0.007952286282306162
0 0.9718954248366013 0.38071570576540753 0.00130718954248366 0.0019880715705765406
0 0.5431372549019607 0.38071570576540753 0.00130718954248366 0.0019880715705765406
0 0.5424836601307189 0.37673956262425445 0.00261437908496732 0.0019880715705765406
0 0.19150326797385622 0.37673956262425445 0.00130718954248366 0.0019880715705765406
0 0.33986928104575165 0.37773359840954274 0.00261437908496732 0.007952286282306162
0 0.1895424836601307 0.3727634194831014 0.00261437908496732 0.0019880715705765406
0 0.19411764705882353 0.3667992047713718 0.00130718954248366 0.0019880715705765406
0 0.19084967320261437 0.36779324055666 0.00261437908496732 0.003976143141153081
0 0.9535947712418301 0.3667992047713718 0.00392156862745098 0.005964214711729622
0 0.8241830065359477 0.36381709741550694 0.00130718954248366 0.003976143141153081
0 0.21830065359477124 0.3588469184890656 0.00261437908496732 0.0019880715705765406
0 0.21437908496732025 0.3588469184890656 0.00261437908496732 0.0019880715705765406
0 0.21764705882352942 0.3548707753479125 0.00130718954248366 0.0019880715705765406
0 0.2111111111111111 0.3548707753479125 0.00130718954248366 0.0019880715705765406
0 0.21437908496732025 0.352882703777336 0.00261437908496732 0.0019880715705765406
0 0.47320261437908495 0.3538767395626243 0.00522875816993464 0.007952286282306162
0 0.21895424836601307 0.3508946322067594 0.00130718954248366 0.0019880715705765406
0 0.2084967320261438 0.3518886679920477 0.00392156862745098 0.003976143141153081
0 0.13529411764705881 0.34691848906560635 0.00130718954248366 0.0019880715705765406
0 0.8058823529411765 0.34493041749502984 0.00130718954248366 0.0019880715705765406
0 0.24183006535947713 0.34393638170974156 0.00261437908496732 0.003976143141153081
0 0.5431372549019607 0.341948310139165 0.00130718954248366 0.003976143141153081
0 0.1326797385620915 0.341948310139165 0.00392156862745098 0.007952286282306162
0 0.5431372549019607 0.33697813121272363 0.00130718954248366 0.0019880715705765406
0 0.4823529411764706 0.33697813121272363 0.00261437908496732 0.0019880715705765406
0 0.9699346405228758 0.3379721669980119 0.00522875816993464 0.007952286282306162
0 0.9620915032679739 0.3658051689860835 0.02091503267973856 0.0636182902584493
0 0.2437908496732026 0.3349900596421471 0.00130718954248366 0.0019880715705765406
0 0.134640522875817 0.33697813121272363 0.00261437908496732 0.005964214711729622
0 0.10130718954248366 0.3349900596421471 0.00392156862745098 0.0019880715705765406
0 0.3196078431372549 0.33399602385685884 0.00130718954248366 0.003976143141153081
0 0.13529411764705881 0.33101391650099404 0.00130718954248366 0.0019880715705765406
0 0.3209150326797386 0.32803180914512925 0.00392156862745098 0.003976143141153081
0 0.9196078431372549 0.3250497017892644 0.00130718954248366 0.0019880715705765406
0 0.3235294117647059 0.3250497017892644 0.00130718954248366 0.0019880715705765406
0 0.838562091503268 0.3240556660039761 0.00392156862745098 0.003976143141153081
0 0.8398692810457516 0.3190854870775348 0.00130718954248366 0.0019880715705765406
0 0.822875816993464 0.3190854870775348 0.00130718954248366 0.0019880715705765406
0 0.5287581699346405 0.3190854870775348 0.00130718954248366 0.0019880715705765406
0 0.40261437908496733 0.5487077534791253 0.5542483660130719 0.46123260437375746
0 0.2549019607843137 0.3210735586481113 0.00784313725490196 0.005964214711729622
0 0.13202614379084968 0.3230616302186879 0.00784313725490196 0.009940357852882704
0 0.11372549019607843 0.341948310139165 0.0392156862745098 0.04771371769383698
0 0.9431372549019608 0.31709741550695825 0.00130718954248366 0.0019880715705765406
0 0.32287581699346407 0.3190854870775348 0.00261437908496732 0.005964214711729622
0 0.5771241830065359 0.31610337972166996 0.00392156862745098 0.003976143141153081
0 0.9470588235294117 0.31510934393638174 0.009150326797385621 0.005964214711729622
0 0.3235294117647059 0.31312127236580517 0.00130718954248366 0.0019880715705765406
0 0.9470588235294117 0.3111332007952286 0.00130718954248366 0.0019880715705765406
0 0.9333333333333333 0.31411530815109345 0.00522875816993464 0.007952286282306162
0 0.938562091503268 0.3121272365805169 0.00784313725490196 0.011928429423459244
0 0.918954248366013 0.3081510934393638 0.00261437908496732 0.003976143141153081
0 0.5679738562091503 0.30119284294234594 0.00130718954248366 0.0019880715705765406
0 0.6058823529411764 0.2992047713717694 0.00130718954248366 0.0019880715705765406
0 0.5712418300653594 0.30019880715705766 0.00261437908496732 0.003976143141153081
0 0.3464052287581699 0.30019880715705766 0.00261437908496732 0.003976143141153081
0 0.934640522875817 0.30218687872763417 0.00784313725490196 0.011928429423459244
0 0.3712418300653595 0.2992047713717694 0.00261437908496732 0.005964214711729622
0 0.826797385620915 0.2952286282306163 0.00130718954248366 0.0019880715705765406
0 0.9339869281045752 0.294234592445328 0.00392156862745098 0.007952286282306162
0 0.36797385620915035 0.294234592445328 0.00392156862745098 0.007952286282306162
0 0.9313725490196079 0.28926441351888665 0.00130718954248366 0.0019880715705765406
0 0.5549019607843138 0.28727634194831014 0.00130718954248366 0.0019880715705765406
0 0.29869281045751633 0.28727634194831014 0.00130718954248366 0.0019880715705765406
0 0.8058823529411765 0.2852882703777336 0.00130718954248366 0.0019880715705765406
0 0.3627450980392157 0.2852882703777336 0.00130718954248366 0.0019880715705765406
0 0.16666666666666666 0.2852882703777336 0.00130718954248366 0.0019880715705765406
0 0.36666666666666664 0.28429423459244535 0.00130718954248366 0.003976143141153081
0 0.8117647058823529 0.28330019880715707 0.00784313725490196 0.005964214711729622
0 0.8058823529411765 0.2813121272365805 0.00130718954248366 0.0019880715705765406
0 0.5895424836601307 0.2803180914512923 0.00261437908496732 0.003976143141153081
0 0.8150326797385621 0.2773359840954274 0.00130718954248366 0.0019880715705765406
0 0.9196078431372549 0.2753479125248509 0.00130718954248366 0.0019880715705765406
0 0.8117647058823529 0.27634194831013914 0.00261437908496732 0.003976143141153081
0 0.5954248366013072 0.2753479125248509 0.00130718954248366 0.0019880715705765406
0 0.9124183006535947 0.27335984095427435 0.00522875816993464 0.005964214711729622
0 0.8411764705882353 0.27137176938369784 0.00130718954248366 0.0019880715705765406
0 0.8294117647058824 0.27137176938369784 0.00130718954248366 0.0019880715705765406
0 0.826797385620915 0.27236580516898606 0.00130718954248366 0.003976143141153081
0 0.5954248366013072 0.27137176938369784 0.00130718954248366 0.0019880715705765406
0 0.5803921568627451 0.294234592445328 0.05228758169934641 0.04771371769383698
0 0.5679738562091503 0.27634194831013914 0.006535947712418301 0.011928429423459244
0 0.8372549019607843 0.26938369781312127 0.00130718954248366 0.0019880715705765406
0 0.8032679738562092 0.26938369781312127 0.00130718954248366 0.0019880715705765406
0 0.777124183006536 0.26938369781312127 0.00130718954248366 0.0019880715705765406
0 0.7738562091503268 0.26938369781312127 0.00261437908496732 0.0019880715705765406
0 0.7705882352941177 0.26938369781312127 0.00130718954248366 0.0019880715705765406
0 0.7294117647058823 0.26938369781312127 0.00261437908496732 0.0019880715705765406
0 0.3941176470588235 0.26938369781312127 0.00130718954248366 0.0019880715705765406
0 0.8241830065359477 0.2673956262425447 0.00130718954248366 0.0019880715705765406
0 0.7189542483660131 0.268389662027833 0.00522875816993464 0.003976143141153081
0 0.7013071895424836 0.2673956262425447 0.00130718954248366 0.0019880715705765406
0 0.39673202614379083 0.268389662027833 0.00130718954248366 0.003976143141153081
0 0.165359477124183 0.2654075546719682 0.00130718954248366 0.0019880715705765406
0 0.969281045751634 0.25944333996023855 0.00130718954248366 0.0019880715705765406
0 0.8248366013071895 0.2614314115308151 0.00261437908496732 0.005964214711729622
0 0.9718954248366013 0.2554671968190855 0.00130718954248366 0.0019880715705765406
0 0.8254901960784313 0.2554671968190855 0.00130718954248366 0.0019880715705765406
0 0.9124183006535947 0.2504970178926441 0.00522875816993464 0.007952286282306162
0 0.7555555555555555 0.2504970178926441 0.00522875816993464 0.007952286282306162
0 0.8640522875816994 0.24552683896620278 0.00261437908496732 0.005964214711729622
0 0.8640522875816994 0.23956262425447317 0.00261437908496732 0.0019880715705765406
0 0.1758169934640523 0.23956262425447317 0.00130718954248366 0.0019880715705765406
0 0.16209150326797386 0.27037773359840955 0.03137254901960784 0.0636182902584493
0 0.39673202614379083 0.23757455268389663 0.00130718954248366 0.0019880715705765406
0 0.3202614379084967 0.23856858846918488 0.00261437908496732 0.003976143141153081
0 0.6163398692810458 0.2355864811133201 0.00130718954248366 0.0019880715705765406
0 0.5764705882352941 0.23658051689860835 0.00261437908496732 0.003976143141153081
0 0.9111111111111111 0.22465208747514911 0.00261437908496732 0.003976143141153081
0 0.8908496732026144 0.22465208747514911 0.00130718954248366 0.003976143141153081
0 0.8627450980392157 0.3260437375745527 0.11503267973856209 0.20675944333996024
0 0.8705882352941177 0.22664015904572565 0.00522875816993464 0.007952286282306162
0 0.6202614379084967 0.2216699801192843 0.00392156862745098 0.0019880715705765406
0 0.4065359477124183 0.220675944333996 0.00261437908496732 0.003976143141153081
0 0.4071895424836601 0.21570576540755468 0.00130718954248366 0.0019880715705765406
0 0.5588235294117647 0.20576540755467196 0.00130718954248366 0.0019880715705765406
0 0.8359477124183007 0.20178926441351888 0.00130718954248366 0.0019880715705765406
0 0.8954248366013072 0.20278330019880716 0.00522875816993464 0.007952286282306162
0 0.826797385620915 0.1978131212723658 0.00130718954248366 0.0019880715705765406
0 0.8300653594771242 0.19681908548707752 0.00261437908496732 0.003976143141153081
0 0.5549019607843138 0.19383697813121273 0.00130718954248366 0.0019880715705765406
0 0.5549019607843138 0.18986083499005965 0.00130718954248366 0.0019880715705765406
0 0.5509803921568628 0.18986083499005965 0.00130718954248366 0.0019880715705765406
0 0.5464052287581699 0.1878727634194831 0.00522875816993464 0.005964214711729622
0 0.9718954248366013 0.18389662027833 0.00130718954248366 0.0019880715705765406
0 0.8444444444444444 0.18687872763419483 0.00522875816993464 0.007952286282306162
0 0.842483660130719 0.18190854870775347 0.00130718954248366 0.0019880715705765406
0 0.8450980392156863 0.17992047713717693 0.00130718954248366 0.0019880715705765406
0 0.5758169934640522 0.17693836978131214 0.00392156862745098 0.003976143141153081
0 0.33137254901960783 0.17594433399602386 0.00130718954248366 0.0019880715705765406
0 0.8607843137254902 0.17395626242544732 0.00130718954248366 0.0019880715705765406
0 0.6790849673202615 0.17395626242544732 0.00130718954248366 0.0019880715705765406
0 0.6764705882352942 0.17395626242544732 0.00130718954248366 0.0019880715705765406
0 0.6699346405228758 0.17395626242544732 0.00130718954248366 0.0019880715705765406
0 0.5444444444444444 0.17395626242544732 0.00130718954248366 0.0019880715705765406
0 0.8581699346405228 0.17196819085487078 0.00130718954248366 0.0019880715705765406
0 0.673202614379085 0.17296222664015903 0.00261437908496732 0.003976143141153081
0 0.8444444444444444 0.17296222664015903 0.00522875816993464 0.007952286282306162
0 0.6790849673202615 0.16600397614314116 0.00130718954248366 0.0019880715705765406
0 0.722875816993464 0.16500994035785288 0.00261437908496732 0.007952286282306162
0 0.9718954248366013 0.16003976143141152 0.00130718954248366 0.0019880715705765406
0 0.5601307189542484 0.16003976143141152 0.00130718954248366 0.0019880715705765406
0 0.5529411764705883 0.1610337972166998 0.00261437908496732 0.003976143141153081
0 0.5823529411764706 0.15805168986083498 0.00130718954248366 0.0019880715705765406
0 0.9718954248366013 0.15606361829025844 0.00130718954248366 0.0019880715705765406
0 0.7333333333333333 0.1540755467196819 0.00261437908496732 0.0019880715705765406
0 0.6202614379084967 0.1540755467196819 0.00130718954248366 0.0019880715705765406
0 0.6875816993464052 0.1550695825049702 0.00522875816993464 0.007952286282306162
0 0.6241830065359477 0.15208747514910537 0.00392156862745098 0.0019880715705765406
0 0.8248366013071895 0.14612326043737575 0.00261437908496732 0.0019880715705765406
0 0.3464052287581699 0.14612326043737575 0.00261437908496732 0.0019880715705765406
0 0.6352941176470588 0.147117296222664 0.00522875816993464 0.007952286282306162
0 0.6287581699346405 0.14910536779324055 0.01045751633986928 0.011928429423459244
0 0.6189542483660131 0.1441351888667992 0.00130718954248366 0.0019880715705765406
0 0.36209150326797385 0.14512922465208747 0.00261437908496732 0.003976143141153081
0 0.5666666666666667 0.14015904572564614 0.00130718954248366 0.0019880715705765406
0 0.7 0.13817097415506957 0.00130718954248366 0.0019880715705765406
0 0.6901960784313725 0.14314115308151093 0.01045751633986928 0.011928429423459244
0 0.6490196078431373 0.13817097415506957 0.00130718954248366 0.0019880715705765406
0 0.9705882352941176 0.13220675944333996 0.00392156862745098 0.0019880715705765406
0 0.6150326797385621 0.13320079522862824 0.00392156862745098 0.007952286282306162
0 0.6111111111111112 0.13021868787276342 0.00130718954248366 0.0019880715705765406
0 0.9705882352941176 0.12823061630218688 0.00130718954248366 0.0019880715705765406
0 0.734640522875817 0.12922465208747516 0.00261437908496732 0.003976143141153081
0 0.36797385620915035 0.12922465208747516 0.00392156862745098 0.003976143141153081
0 0.6058823529411764 0.12226640159045726 0.00130718954248366 0.0019880715705765406
0 0.42745098039215684 0.1242544731610338 0.00261437908496732 0.005964214711729622
0 0.765359477124183 0.11630218687872763 0.00130718954248366 0.0019880715705765406
0 0.7568627450980392 0.12226640159045726 0.00784313725490196 0.013916500994035786
0 0.769281045751634 0.11332007952286283 0.00392156862745098 0.003976143141153081
0 0.7640522875816993 0.11232604373757456 0.00130718954248366 0.0019880715705765406
0 0.7601307189542483 0.11232604373757456 0.00130718954248366 0.0019880715705765406
0 0.7555555555555555 0.1143141153081511 0.00522875816993464 0.005964214711729622
0 0.5718954248366013 0.11232604373757456 0.00392156862745098 0.0019880715705765406
0 0.5908496732026144 0.17395626242544732 0.09411764705882353 0.12922465208747516
0 0.4130718954248366 0.10437375745526839 0.00261437908496732 0.0019880715705765406
0 0.6535947712418301 0.10437375745526839 0.00784313725490196 0.005964214711729622
0 0.3934640522875817 0.10337972166998012 0.00261437908496732 0.003976143141153081
0 0.9509803921568627 0.10039761431411531 0.00130718954248366 0.0019880715705765406
0 0.6496732026143791 0.10039761431411531 0.00261437908496732 0.005964214711729622
0 0.42287581699346405 0.10437375745526839 0.011764705882352941 0.013916500994035786
0 0.9490196078431372 0.09840954274353876 0.00261437908496732 0.005964214711729622
0 0.9261437908496732 0.09741550695825049 0.00392156862745098 0.003976143141153081
0 0.8137254901960784 0.09741550695825049 0.00130718954248366 0.003976143141153081
0 0.6986928104575163 0.09741550695825049 0.00392156862745098 0.003976143141153081
0 0.6915032679738562 0.09741550695825049 0.00261437908496732 0.003976143141153081
0 0.6745098039215687 0.13518886679920478 0.05228758169934641 0.07952286282306163
0 0.6686274509803921 0.10139165009940358 0.011764705882352941 0.011928429423459244
0 0.6601307189542484 0.09940357852882704 0.00784313725490196 0.007952286282306162
0 0.5803921568627451 0.10238568588469185 0.01045751633986928 0.013916500994035786
0 0.42810457516339867 0.09741550695825049 0.00130718954248366 0.003976143141153081
0 0.42549019607843136 0.09642147117296222 0.00130718954248366 0.0019880715705765406
0 0.4137254901960784 0.09940357852882704 0.006535947712418301 0.007952286282306162
0 0.40980392156862744 0.09642147117296222 0.00130718954248366 0.0019880715705765406
0 0.3934640522875817 0.09840954274353876 0.00522875816993464 0.005964214711729622
0 0.39019607843137255 0.09642147117296222 0.00130718954248366 0.0019880715705765406
0 0.2980392156862745 0.28628230616302186 0.26143790849673204 0.3817097415506958
0 0.8163398692810457 0.08250497017892644 0.00130718954248366 0.0019880715705765406
0 0.818954248366013 0.0805168986083499 0.00130718954248366 0.0019880715705765406
0 0.8895424836601307 0.06461232604373758 0.00130718954248366 0.0019880715705765406
0 0.8751633986928105 0.06461232604373758 0.00130718954248366 0.0019880715705765406
0 0.8673202614379085 0.06262425447316103 0.00130718954248366 0.0019880715705765406
0 0.8673202614379085 0.032803180914512925 0.00130718954248366 0.0019880715705765406
0 0.788235294117647 0.03479125248508946 0.00784313725490196 0.005964214711729622
0 0.8366013071895425 0.16401590457256462 0.2718954248366013 0.2962226640159046
0 0.8104575163398693 0.020874751491053677 0.01045751633986928 0.009940357852882704
