0 0.9604651162790697 0.9867724867724867 0.0015503875968992248 0.001763668430335097
0 0.8891472868217054 0.9867724867724867 0.0015503875968992248 0.001763668430335097
0 0.9 0.9832451499118166 0.007751937984496124 0.005291005291005291
0 0.8713178294573644 0.9841269841269841 0.006201550387596899 0.007054673721340388
0 0.8713178294573644 0.9753086419753086 0.006201550387596899 0.007054673721340388
0 0.9914728682170543 0.9708994708994709 0.0015503875968992248 0.001763668430335097
0 0.8689922480620155 0.9708994708994709 0.0015503875968992248 0.001763668430335097
0 0.9883720930232558 0.9664902998236331 0.004651162790697674 0.007054673721340388
0 0.8713178294573644 0.9638447971781305 0.006201550387596899 0.008818342151675485
0 0.9899224806201551 0.9603174603174603 0.004651162790697674 0.008818342151675485
0 0.9899224806201551 0.9462081128747796 0.004651162790697674 0.005291005291005291
0 0.9899224806201551 0.935626102292769 0.0015503875968992248 0.001763668430335097
0 0.8565891472868217 0.9285714285714286 0.0015503875968992248 0.001763668430335097
0 0.9899224806201551 0.8985890652557319 0.0015503875968992248 0.001763668430335097
0 0.9891472868217054 0.8888888888888888 0.0031007751937984496 0.003527336860670194
0 0.8596899224806202 0.8818342151675485 0.004651162790697674 0.007054673721340388
0 0.8565891472868217 0.8774250440917107 0.0015503875968992248 0.001763668430335097
0 0.8674418604651163 0.8756613756613757 0.0015503875968992248 0.001763668430335097
0 0.9852713178294573 0.86331569664903 0.0015503875968992248 0.001763668430335097
0 0.8689922480620155 0.86331569664903 0.0015503875968992248 0.001763668430335097
0 0.9891472868217054 0.8500881834215167 0.006201550387596899 0.007054673721340388
0 0.6015503875968993 0.8421516754850088 0.012403100775193798 0.008818342151675485
0 0.5651162790697675 0.8315696649029982 0.0015503875968992248 0.001763668430335097
0 0.5255813953488372 0.8315696649029982 0.0031007751937984496 0.001763668430335097
0 0.8790697674418605 0.8209876543209876 0.0031007751937984496 0.001763668430335097
0 0.6069767441860465 0.8209876543209876 0.0015503875968992248 0.001763668430335097
0 0.9248062015503876 0.8209876543209876 0.004651162790697674 0.005291005291005291
0 0.92015503875969 0.8201058201058201 0.0015503875968992248 0.003527336860670194
0 0.9170542635658915 0.8192239858906526 0.0015503875968992248 0.001763668430335097
0 0.924031007751938 0.9029982363315696 0.13643410852713178 0.1693121693121693
0 0.48604651162790696 0.8165784832451499 0.004651162790697674 0.003527336860670194
0 0.8224806201550388 0.8033509700176367 0.0015503875968992248 0.001763668430335097
0 0.8116279069767441 0.8033509700176367 0.0015503875968992248 0.001763668430335097
0 0.6922480620155039 0.8033509700176367 0.0015503875968992248 0.001763668430335097
0 0.6643410852713179 0.8024691358024691 0.007751937984496124 0.003527336860670194
0 0.6581395348837209 0.8015873015873016 0.0015503875968992248 0.001763668430335097
0 0.827906976744186 0.8015873015873016 0.006201550387596899 0.005291005291005291
0 0.8170542635658915 0.800705467372134 0.006201550387596899 0.007054673721340388
0 0.6635658914728683 0.7971781305114638 0.0031007751937984496 0.003527336860670194
0 0.6596899224806202 0.7954144620811288 0.004651162790697674 0.007054673721340388
0 0.6503875968992248 0.7892416225749559 0.0015503875968992248 0.001763668430335097
0 0.6317829457364341 0.7892416225749559 0.0015503875968992248 0.001763668430335097
0 0.437984496124031 0.7892416225749559 0.0015503875968992248 0.001763668430335097
0 0.43488372093023253 0.7892416225749559 0.0015503875968992248 0.001763668430335097
0 0.26744186046511625 0.7892416225749559 0.0015503875968992248 0.001763668430335097
0 0.2627906976744186 0.7892416225749559 0.0015503875968992248 0.001763668430335097
0 0.8434108527131783 0.7883597883597884 0.0031007751937984496 0.003527336860670194
0 0.6348837209302326 0.7883597883597884 0.0015503875968992248 0.003527336860670194
0 0.6395348837209303 0.7874779541446209 0.004651162790697674 0.005291005291005291
0 0.6317829457364341 0.7857142857142857 0.0015503875968992248 0.001763668430335097
0 0.5922480620155038 0.7874779541446209 0.0031007751937984496 0.005291005291005291
0 0.5775193798449613 0.7839506172839507 0.0015503875968992248 0.001763668430335097
0 0.5697674418604651 0.7839506172839507 0.0015503875968992248 0.001763668430335097
0 0.28217054263565894 0.7865961199294532 0.006201550387596899 0.007054673721340388
0 0.5744186046511628 0.7848324514991182 0.004651162790697674 0.007054673721340388
0 0.8434108527131783 0.7804232804232805 0.0031007751937984496 0.001763668430335097
0 0.8992248062015504 0.7751322751322751 0.0031007751937984496 0.001763668430335097
0 0.29069767441860467 0.7751322751322751 0.0015503875968992248 0.001763668430335097
0 0.35426356589147284 0.7742504409171076 0.004651162790697674 0.003527336860670194
0 0.3488372093023256 0.7742504409171076 0.0031007751937984496 0.003527336860670194
0 0.29534883720930233 0.7742504409171076 0.004651162790697674 0.003527336860670194
0 0.9 0.7716049382716049 0.0015503875968992248 0.001763668430335097
0 0.35271317829457366 0.7716049382716049 0.0015503875968992248 0.001763668430335097
0 0.29069767441860467 0.7716049382716049 0.0015503875968992248 0.001763668430335097
0 0.9038759689922481 0.7724867724867724 0.0031007751937984496 0.007054673721340388
0 0.2961240310077519 0.7698412698412699 0.0031007751937984496 0.001763668430335097
0 0.3372093023255814 0.7610229276895943 0.0015503875968992248 0.001763668430335097
0 0.313953488372093 0.7610229276895943 0.0015503875968992248 0.001763668430335097
0 0.19612403100775194 0.7601410934744268 0.004651162790697674 0.003527336860670194
0 0.15891472868217055 0.7592592592592593 0.0015503875968992248 0.001763668430335097
0 0.15503875968992248 0.7592592592592593 0.0031007751937984496 0.001763668430335097
0 0.1511627906976744 0.7592592592592593 0.0015503875968992248 0.001763668430335097
0 0.8984496124031007 0.7583774250440917 0.0015503875968992248 0.003527336860670194
0 0.3387596899224806 0.7574955908289241 0.0015503875968992248 0.001763668430335097
0 0.33410852713178296 0.7592592592592593 0.004651162790697674 0.005291005291005291
0 0.18527131782945735 0.7583774250440917 0.007751937984496124 0.007054673721340388
0 0.15891472868217055 0.7557319223985891 0.0015503875968992248 0.001763668430335097
0 0.15503875968992248 0.7557319223985891 0.0031007751937984496 0.001763668430335097
0 0.1511627906976744 0.7557319223985891 0.0015503875968992248 0.001763668430335097
0 0.237984496124031 0.7486772486772487 0.0015503875968992248 0.001763668430335097
0 0.1263565891472868 0.7469135802469136 0.0015503875968992248 0.001763668430335097
0 0.20775193798449612 0.7442680776014109 0.006201550387596899 0.007054673721340388
0 0.11472868217054263 0.7301587301587301 0.006201550387596899 0.007054673721340388
0 0.12170542635658915 0.7283950617283951 0.010852713178294573 0.010582010582010581
0 0.9170542635658915 0.718694885361552 0.0015503875968992248 0.001763668430335097
0 0.9093023255813953 0.716931216931217 0.0015503875968992248 0.001763668430335097
0 0.9162790697674419 0.7116402116402116 0.0031007751937984496 0.005291005291005291
0 0.037209302325581395 0.7045855379188712 0.0031007751937984496 0.001763668430335097
0 0.02558139534883721 0.7028218694885362 0.0015503875968992248 0.001763668430335097
0 0.02868217054263566 0.6984126984126984 0.004651162790697674 0.007054673721340388
0 0.03255813953488372 0.691358024691358 0.0031007751937984496 0.007054673721340388
0 0.02635658914728682 0.691358024691358 0.0031007751937984496 0.010582010582010581
0 0.9170542635658915 0.6834215167548501 0.0015503875968992248 0.001763668430335097
0 0.02868217054263566 0.6843033509700176 0.004651162790697674 0.007054673721340388
0 0.02558139534883721 0.6798941798941799 0.0015503875968992248 0.001763668430335097
0 0.03643410852713178 0.6781305114638448 0.0015503875968992248 0.001763668430335097
0 0.03798449612403101 0.6622574955908289 0.0015503875968992248 0.001763668430335097
0 0.9294573643410853 0.6569664902998237 0.0015503875968992248 0.001763668430335097
0 0.03643410852713178 0.6481481481481481 0.0015503875968992248 0.001763668430335097
0 0.9395348837209302 0.6455026455026455 0.006201550387596899 0.007054673721340388
0 0.010077519379844961 0.6340388007054674 0.0015503875968992248 0.001763668430335097
0 0.9418604651162791 0.5934744268077602 0.0015503875968992248 0.001763668430335097
0 0.010077519379844961 0.5943562610229277 0.0015503875968992248 0.003527336860670194
0 0.9410852713178295 0.5837742504409171 0.0031007751937984496 0.014109347442680775
0 0.01627906976744186 0.5634920634920635 0.0015503875968992248 0.001763668430335097
0 0.01317829457364341 0.5599647266313933 0.0015503875968992248 0.001763668430335097
0 0.9449612403100776 0.5493827160493827 0.0015503875968992248 0.001763668430335097
0 0.9503875968992248 0.5440917107583775 0.009302325581395349 0.012345679012345678
0 0.01937984496124031 0.5388007054673721 0.004651162790697674 0.005291005291005291
0 0.9589147286821705 0.5352733686067019 0.0015503875968992248 0.001763668430335097
0 0.9643410852713178 0.5335097001763669 0.006201550387596899 0.005291005291005291
0 0.9627906976744186 0.527336860670194 0.009302325581395349 0.010582010582010581
0 0.9658914728682171 0.5158730158730159 0.0031007751937984496 0.012345679012345678
0 0.02558139534883721 0.4947089947089947 0.0015503875968992248 0.001763668430335097
0 0.9775193798449613 0.4894179894179894 0.004651162790697674 0.008818342151675485
0 0.02635658914728682 0.4470899470899471 0.0031007751937984496 0.001763668430335097
0 0.9751937984496124 0.4462081128747795 0.0031007751937984496 0.01763668430335097
0 0.027131782945736434 0.42504409171075835 0.004651162790697674 0.003527336860670194
0 0.9775193798449613 0.42063492063492064 0.004651162790697674 0.005291005291005291
0 0.9790697674418605 0.41005291005291006 0.0015503875968992248 0.001763668430335097
0 0.9651162790697675 0.35714285714285715 0.004651162790697674 0.008818342151675485
0 0.03798449612403101 0.35361552028218696 0.0015503875968992248 0.001763668430335097
0 0.9542635658914729 0.3377425044091711 0.0015503875968992248 0.001763668430335097
0 0.9542635658914729 0.3342151675485009 0.0015503875968992248 0.001763668430335097
0 0.03953488372093023 0.3289241622574956 0.004651162790697674 0.008818342151675485
0 0.951937984496124 0.3218694885361552 0.006201550387596899 0.012345679012345678
0 0.9542635658914729 0.31305114638447973 0.0015503875968992248 0.001763668430335097
0 0.9542635658914729 0.30952380952380953 0.0015503875968992248 0.001763668430335097
0 0.9511627906976744 0.2892416225749559 0.004651162790697674 0.007054673721340388
0 0.9542635658914729 0.2848324514991182 0.0015503875968992248 0.001763668430335097
0 0.10232558139534884 0.2857142857142857 0.006201550387596899 0.007054673721340388
0 0.14883720930232558 0.2724867724867725 0.0031007751937984496 0.001763668430335097
0 0.1511627906976744 0.2689594356261023 0.0015503875968992248 0.001763668430335097
0 0.14573643410852713 0.2689594356261023 0.0031007751937984496 0.001763668430335097
0 0.1387596899224806 0.2689594356261023 0.0015503875968992248 0.001763668430335097
0 0.20387596899224805 0.24074074074074073 0.0015503875968992248 0.001763668430335097
0 0.2503875968992248 0.23015873015873015 0.0015503875968992248 0.001763668430335097
0 0.25503875968992246 0.2275132275132275 0.004651162790697674 0.003527336860670194
0 0.28217054263565894 0.21693121693121692 0.006201550387596899 0.003527336860670194
0 0.2775193798449612 0.21428571428571427 0.0031007751937984496 0.001763668430335097
0 0.9364341085271318 0.21428571428571427 0.0031007751937984496 0.005291005291005291
0 0.28294573643410853 0.21252204585537918 0.0015503875968992248 0.001763668430335097
0 0.26356589147286824 0.21516754850088182 0.006201550387596899 0.007054673721340388
0 0.29844961240310075 0.2072310405643739 0.0015503875968992248 0.001763668430335097
0 0.9325581395348838 0.19929453262786595 0.0015503875968992248 0.003527336860670194
0 0.9271317829457364 0.17372134038800705 0.006201550387596899 0.008818342151675485
0 0.9170542635658915 0.17019400352733685 0.0015503875968992248 0.001763668430335097
0 0.9170542635658915 0.16137566137566137 0.0015503875968992248 0.001763668430335097
0 0.9131782945736434 0.16225749559082892 0.0031007751937984496 0.003527336860670194
0 0.9131782945736434 0.15784832451499117 0.006201550387596899 0.005291005291005291
0 0.9093023255813953 0.15608465608465608 0.0015503875968992248 0.001763668430335097
0 0.41007751937984493 0.1490299823633157 0.0015503875968992248 0.001763668430335097
0 0.4131782945736434 0.14638447971781304 0.004651162790697674 0.003527336860670194
0 0.8945736434108527 0.14285714285714285 0.0031007751937984496 0.003527336860670194
0 0.41472868217054265 0.1419753086419753 0.0015503875968992248 0.001763668430335097
0 0.4116279069767442 0.1419753086419753 0.0015503875968992248 0.001763668430335097
0 0.8751937984496124 0.1349206349206349 0.004651162790697674 0.001763668430335097
0 0.8798449612403101 0.13139329805996472 0.0015503875968992248 0.001763668430335097
0 0.4542635658914729 0.12874779541446207 0.0031007751937984496 0.003527336860670194
0 0.8550387596899225 0.11904761904761904 0.0015503875968992248 0.001763668430335097
0 0.8550387596899225 0.11375661375661375 0.0015503875968992248 0.001763668430335097
0 0.8496124031007752 0.1146384479717813 0.0031007751937984496 0.003527336860670194
0 0.5108527131782946 0.10317460317460317 0.0015503875968992248 0.001763668430335097
0 0.4968992248062015 0.10317460317460317 0.0015503875968992248 0.001763668430335097
0 0.8294573643410853 0.10052910052910052 0.0031007751937984496 0.003527336860670194
0 0.5155038759689923 0.10052910052910052 0.004651162790697674 0.003527336860670194
0 0.4992248062015504 0.09964726631393298 0.0031007751937984496 0.001763668430335097
0 0.5488372093023256 0.07407407407407407 0.006201550387596899 0.007054673721340388
0 0.5837209302325581 0.06613756613756613 0.0015503875968992248 0.001763668430335097
0 0.5953488372093023 0.06084656084656084 0.0031007751937984496 0.001763668430335097
0 0.7782945736434108 0.059964726631393295 0.006201550387596899 0.007054673721340388
0 0.7682170542635659 0.05731922398589065 0.0015503875968992248 0.001763668430335097
0 0.7651162790697674 0.05731922398589065 0.0015503875968992248 0.001763668430335097
0 0.5976744186046512 0.05731922398589065 0.0015503875968992248 0.001763668430335097
0 0.5945736434108527 0.05731922398589065 0.0015503875968992248 0.001763668430335097
0 0.7558139534883721 0.04409171075837742 0.0015503875968992248 0.003527336860670194
0 0.7527131782945736 0.043209876543209874 0.0015503875968992248 0.001763668430335097
0 0.6333333333333333 0.03262786596119929 0.0015503875968992248 0.001763668430335097
0 0.7410852713178294 0.031746031746031744 0.006201550387596899 0.007054673721340388
0 0.7325581395348837 0.03350970017636684 0.013953488372093023 0.010582010582010581
0 0.7209302325581395 0.030864197530864196 0.006201550387596899 0.005291005291005291
0 0.6527131782945736 0.029982363315696647 0.0031007751937984496 0.003527336860670194
0 0.6356589147286822 0.0291005291005291 0.0031007751937984496 0.001763668430335097
0 0.7054263565891473 0.01675485008818342 0.0031007751937984496 0.005291005291005291
0 0.7015503875968992 0.015873015873015872 0.0015503875968992248 0.003527336860670194
0 0.6844961240310078 0.014991181657848324 0.0015503875968992248 0.001763668430335097
0 0.48992248062015503 0.42680776014109345 0.9798449612403101 0.8253968253968254
0 0.6604651162790698 0.01763668430335097 0.006201550387596899 0.007054673721340388
