0 0.22853535353535354 0.9754098360655737 0.0025252525252525255 0.0018214936247723133
0 0.22348484848484848 0.9754098360655737 0.0025252525252525255 0.0018214936247723133
0 0.19823232323232323 0.9754098360655737 0.0025252525252525255 0.0018214936247723133
0 0.14267676767676768 0.9608378870673953 0.0025252525252525255 0.0018214936247723133
0 0.1275252525252525 0.9608378870673953 0.0025252525252525255 0.0018214936247723133
0 0.12247474747474747 0.9599271402550091 0.0025252525252525255 0.0036429872495446266
0 0.255050505050505 0.9590163934426229 0.015151515151515152 0.00546448087431694
0 0.2815656565656566 0.9462659380692168 0.0025252525252525255 0.0018214936247723133
0 0.11742424242424243 0.9462659380692168 0.0025252525252525255 0.0018214936247723133
0 0.27146464646464646 0.9389799635701275 0.0025252525252525255 0.0018214936247723133
0 0.10732323232323232 0.9335154826958105 0.0025252525252525255 0.0018214936247723133
0 0.2815656565656566 0.9335154826958105 0.0025252525252525255 0.00546448087431694
0 0.10227272727272728 0.9298724954462659 0.0025252525252525255 0.0018214936247723133
0 0.27904040404040403 0.9198542805100182 0.007575757575757576 0.0036429872495446266
0 0.3068181818181818 0.9171220400728597 0.0025252525252525255 0.0018214936247723133
0 0.07449494949494949 0.9171220400728597 0.0025252525252525255 0.0018214936247723133
0 0.06565656565656566 0.9153005464480874 0.010101010101010102 0.00546448087431694
0 0.3383838383838384 0.9143897996357013 0.010101010101010102 0.007285974499089253
0 0.3143939393939394 0.9143897996357013 0.012626262626262626 0.007285974499089253
0 0.31313131313131315 0.9098360655737705 0.005050505050505051 0.0018214936247723133
0 0.3282828282828283 0.912568306010929 0.015151515151515152 0.01092896174863388
0 0.2840909090909091 0.9025500910746812 0.0025252525252525255 0.0018214936247723133
0 0.2916666666666667 0.900728597449909 0.0025252525252525255 0.0018214936247723133
0 0.06186868686868687 0.900728597449909 0.0025252525252525255 0.0018214936247723133
0 0.06186868686868687 0.8970856102003643 0.0025252525252525255 0.0018214936247723133
0 0.7992424242424242 0.8879781420765027 0.0025252525252525255 0.0018214936247723133
0 0.7689393939393939 0.8870673952641166 0.0025252525252525255 0.0036429872495446266
0 0.3446969696969697 0.8843351548269581 0.0025252525252525255 0.0018214936247723133
0 0.7664141414141414 0.8734061930783242 0.0025252525252525255 0.0018214936247723133
0 0.7487373737373737 0.8715846994535519 0.0025252525252525255 0.0018214936247723133
0 0.398989898989899 0.8706739526411658 0.010101010101010102 0.007285974499089253
0 0.7537878787878788 0.8670309653916212 0.007575757575757576 0.007285974499089253
0 0.041666666666666664 0.8642987249544627 0.0025252525252525255 0.0018214936247723133
0 0.398989898989899 0.855191256830601 0.005050505050505051 0.0018214936247723133
0 0.7512626262626263 0.8479052823315119 0.0025252525252525255 0.0018214936247723133
0 0.7487373737373737 0.8442622950819673 0.0025252525252525255 0.0018214936247723133
0 0.4532828282828283 0.8442622950819673 0.0025252525252525255 0.0018214936247723133
0 0.44823232323232326 0.8442622950819673 0.0025252525252525255 0.0018214936247723133
0 0.48358585858585856 0.8424408014571949 0.0025252525252525255 0.0018214936247723133
0 0.4595959595959596 0.843351548269581 0.005050505050505051 0.0036429872495446266
0 0.48358585858585856 0.8387978142076503 0.0025252525252525255 0.0018214936247723133
0 0.4722222222222222 0.8415300546448088 0.015151515151515152 0.007285974499089253
0 0.47853535353535354 0.8351548269581056 0.007575757575757576 0.00546448087431694
0 0.9886363636363636 0.831511839708561 0.0025252525252525255 0.0018214936247723133
0 0.036616161616161616 0.8324225865209471 0.0025252525252525255 0.0036429872495446266
0 0.4861111111111111 0.8296903460837887 0.0025252525252525255 0.0018214936247723133
0 0.9886363636363636 0.8278688524590164 0.0025252525252525255 0.0018214936247723133
0 0.5037878787878788 0.8269581056466302 0.0025252525252525255 0.007285974499089253
0 0.494949494949495 0.8269581056466302 0.010101010101010102 0.007285974499089253
0 0.7487373737373737 0.8205828779599271 0.0025252525252525255 0.0018214936247723133
0 0.5404040404040404 0.8123861566484517 0.010101010101010102 0.007285974499089253
0 0.045454545454545456 0.8051001821493625 0.010101010101010102 0.007285974499089253
0 0.06439393939393939 0.8005464480874317 0.0025252525252525255 0.0018214936247723133
0 0.5568181818181818 0.7987249544626593 0.012626262626262626 0.00546448087431694
0 0.9785353535353535 0.7896174863387978 0.007575757575757576 0.00546448087431694
0 0.5833333333333334 0.785063752276867 0.005050505050505051 0.0036429872495446266
0 0.773989898989899 0.7550091074681239 0.0025252525252525255 0.0018214936247723133
0 0.7689393939393939 0.7550091074681239 0.0025252525252525255 0.0018214936247723133
0 0.6212121212121212 0.7540983606557377 0.010101010101010102 0.007285974499089253
0 0.9684343434343434 0.7367941712204007 0.0025252525252525255 0.0018214936247723133
0 0.625 0.7331511839708561 0.0025252525252525255 0.0018214936247723133
0 0.7689393939393939 0.7313296903460837 0.0025252525252525255 0.0018214936247723133
0 0.7727272727272727 0.7276867030965392 0.010101010101010102 0.00546448087431694
0 0.9684343434343434 0.7204007285974499 0.0025252525252525255 0.0018214936247723133
0 0.7714646464646465 0.7194899817850637 0.0025252525252525255 0.007285974499089253
0 0.7777777777777778 0.7176684881602914 0.005050505050505051 0.007285974499089253
0 0.07196969696969698 0.7021857923497268 0.0025252525252525255 0.0018214936247723133
0 0.9684343434343434 0.7012750455373407 0.0025252525252525255 0.0036429872495446266
0 0.9633838383838383 0.7003642987249544 0.0025252525252525255 0.0018214936247723133
0 0.8686868686868687 0.7941712204007286 0.24242424242424243 0.1894353369763206
0 0.8333333333333334 0.7021857923497268 0.005050505050505051 0.00546448087431694
0 0.803030303030303 0.7003642987249544 0.005050505050505051 0.0018214936247723133
0 0.7916666666666666 0.7003642987249544 0.0025252525252525255 0.0018214936247723133
0 0.6439393939393939 0.668488160291439 0.005050505050505051 0.0036429872495446266
0 0.6452020202020202 0.6548269581056466 0.0025252525252525255 0.0018214936247723133
0 0.06186868686868687 0.6548269581056466 0.0025252525252525255 0.0018214936247723133
0 0.06439393939393939 0.6429872495446266 0.007575757575757576 0.0036429872495446266
0 0.6603535353535354 0.6256830601092896 0.0025252525252525255 0.0018214936247723133
0 0.6553030303030303 0.6256830601092896 0.0025252525252525255 0.0018214936247723133
0 0.6654040404040404 0.6220400728597449 0.0025252525252525255 0.0018214936247723133
0 0.6527777777777778 0.5837887067395264 0.0025252525252525255 0.0018214936247723133
0 0.6464646464646465 0.5837887067395264 0.005050505050505051 0.0018214936247723133
0 0.6325757575757576 0.5546448087431693 0.007575757575757576 0.0018214936247723133
0 0.08207070707070707 0.5491803278688525 0.0025252525252525255 0.0018214936247723133
0 0.08207070707070707 0.52367941712204 0.0025252525252525255 0.0018214936247723133
0 0.08207070707070707 0.5036429872495446 0.0025252525252525255 0.0018214936247723133
0 0.0845959595959596 0.4899817850637523 0.007575757575757576 0.02185792349726776
0 0.0845959595959596 0.4599271402550091 0.0025252525252525255 0.0018214936247723133
0 0.6224747474747475 0.44171220400728595 0.0025252525252525255 0.0018214936247723133
0 0.6287878787878788 0.41894353369763204 0.010101010101010102 0.007285974499089253
0 0.6439393939393939 0.3825136612021858 0.005050505050505051 0.007285974499089253
0 0.10227272727272728 0.35974499089253187 0.0025252525252525255 0.0018214936247723133
0 0.6452020202020202 0.3561020036429873 0.0025252525252525255 0.0018214936247723133
0 0.6388888888888888 0.3570127504553734 0.005050505050505051 0.0036429872495446266
0 0.6616161616161617 0.3324225865209472 0.010101010101010102 0.00546448087431694
0 0.6628787878787878 0.32695810564663025 0.0025252525252525255 0.0018214936247723133
0 0.12247474747474747 0.30327868852459017 0.0025252525252525255 0.0018214936247723133
0 0.6628787878787878 0.30418943533697634 0.007575757575757576 0.007285974499089253
0 0.6654040404040404 0.2978142076502732 0.0025252525252525255 0.0018214936247723133
0 0.6654040404040404 0.28506375227686703 0.0025252525252525255 0.0018214936247723133
0 0.12247474747474747 0.2777777777777778 0.0025252525252525255 0.0018214936247723133
0 0.6616161616161617 0.2750455373406193 0.010101010101010102 0.014571948998178506
0 0.6654040404040404 0.2650273224043716 0.0025252525252525255 0.0018214936247723133
0 0.12247474747474747 0.26138433515482695 0.0025252525252525255 0.0018214936247723133
0 0.6616161616161617 0.2604735883424408 0.010101010101010102 0.007285974499089253
0 0.6616161616161617 0.25136612021857924 0.010101010101010102 0.007285974499089253
0 0.12247474747474747 0.24681238615664844 0.0025252525252525255 0.0018214936247723133
0 0.625 0.2331511839708561 0.0025252525252525255 0.0036429872495446266
0 0.6224747474747475 0.20036429872495445 0.007575757575757576 0.0036429872495446266
0 0.625 0.19581056466302368 0.0025252525252525255 0.0018214936247723133
0 0.13762626262626262 0.1912568306010929 0.0025252525252525255 0.0036429872495446266
0 0.14393939393939395 0.18761384335154827 0.005050505050505051 0.0036429872495446266
0 0.6224747474747475 0.18761384335154827 0.007575757575757576 0.007285974499089253
0 0.14267676767676768 0.1830601092896175 0.0025252525252525255 0.0018214936247723133
0 0.625 0.18123861566484517 0.0025252525252525255 0.0018214936247723133
0 0.14267676767676768 0.17941712204007285 0.0025252525252525255 0.0018214936247723133
0 0.14393939393939395 0.17577413479052822 0.005050505050505051 0.0018214936247723133
0 0.16287878787878787 0.15391621129326047 0.0025252525252525255 0.0018214936247723133
0 0.6237373737373737 0.15300546448087432 0.005050505050505051 0.007285974499089253
0 0.16792929292929293 0.15027322404371585 0.0025252525252525255 0.00546448087431694
0 0.16287878787878787 0.14845173041894352 0.0025252525252525255 0.0018214936247723133
0 0.18434343434343434 0.13570127504553733 0.005050505050505051 0.0018214936247723133
0 0.625 0.13387978142076504 0.0025252525252525255 0.0018214936247723133
0 0.6199494949494949 0.13387978142076504 0.0025252525252525255 0.0018214936247723133
0 0.18686868686868688 0.1302367941712204 0.010101010101010102 0.009107468123861567
0 0.18686868686868688 0.12021857923497267 0.010101010101010102 0.007285974499089253
0 0.6224747474747475 0.10382513661202186 0.007575757575757576 0.0036429872495446266
0 0.22474747474747475 0.09198542805100182 0.005050505050505051 0.00546448087431694
0 0.24368686868686867 0.08105646630236794 0.0025252525252525255 0.0018214936247723133
0 0.601010101010101 0.07650273224043716 0.010101010101010102 0.007285974499089253
0 0.24494949494949494 0.075591985428051 0.005050505050505051 0.00546448087431694
0 0.5808080808080808 0.0610200364298725 0.010101010101010102 0.00546448087431694
0 0.571969696969697 0.05919854280510018 0.0025252525252525255 0.0018214936247723133
0 0.5643939393939394 0.05919854280510018 0.0025252525252525255 0.0018214936247723133
0 0.2727272727272727 0.061930783242258654 0.010101010101010102 0.007285974499089253
0 0.2638888888888889 0.061930783242258654 0.0025252525252525255 0.007285974499089253
0 0.5315656565656566 0.04553734061930783 0.012626262626262626 0.0036429872495446266
0 0.2967171717171717 0.044626593806921674 0.0025252525252525255 0.0018214936247723133
0 0.3851010101010101 0.020947176684881604 0.0025252525252525255 0.0018214936247723133
0 0.4797979797979798 0.018214936247723135 0.010101010101010102 0.007285974499089253
0 0.4166666666666667 0.01639344262295082 0.005050505050505051 0.0036429872495446266
0 0.3434343434343434 0.49544626593806923 0.6464646464646465 0.9617486338797814
