0 0.29582712369597614 0.9936548223350253 0.0014903129657228018 0.0025380710659898475
0 0.3561847988077496 0.9923857868020305 0.0029806259314456036 0.005076142131979695
0 0.32488822652757077 0.9898477157360406 0.005961251862891207 0.01015228426395939
0 0.29135618479880776 0.9898477157360406 0.007451564828614009 0.01015228426395939
0 0.27719821162444114 0.9898477157360406 0.005961251862891207 0.01015228426395939
0 0.29210134128166915 0.983502538071066 0.0029806259314456036 0.0025380710659898475
0 0.28315946348733234 0.9873096446700508 0.00894187779433681 0.015228426395939087
0 0.6236959761549925 0.9733502538071066 0.0014903129657228018 0.0025380710659898475
0 0.4344262295081967 0.9733502538071066 0.0014903129657228018 0.0025380710659898475
0 0.4284649776453055 0.9733502538071066 0.0014903129657228018 0.0025380710659898475
0 0.4105812220566319 0.9733502538071066 0.0014903129657228018 0.0025380710659898475
0 0.31594634873323396 0.9733502538071066 0.0029806259314456036 0.0025380710659898475
0 0.38226527570789864 0.9720812182741116 0.004470938897168405 0.005076142131979695
0 0.30849478390462 0.9720812182741116 0.0029806259314456036 0.005076142131979695
0 0.5484351713859911 0.9682741116751269 0.04769001490312966 0.0025380710659898475
0 0.3770491803278688 0.9695431472081218 0.0029806259314456036 0.005076142131979695
0 0.02459016393442623 0.9682741116751269 0.0014903129657228018 0.0025380710659898475
0 0.38077496274217587 0.9657360406091371 0.0014903129657228018 0.0025380710659898475
0 0.03129657228017884 0.9695431472081218 0.00894187779433681 0.01015228426395939
0 0.029061102831594635 0.9631979695431472 0.004470938897168405 0.0025380710659898475
0 0.9530551415797317 0.9530456852791879 0.0014903129657228018 0.0025380710659898475
0 0.8949329359165424 0.9530456852791879 0.0014903129657228018 0.0025380710659898475
0 0.8591654247391952 0.9530456852791879 0.0014903129657228018 0.0025380710659898475
0 0.650521609538003 0.9530456852791879 0.0014903129657228018 0.0025380710659898475
0 0.6445603576751118 0.9530456852791879 0.0014903129657228018 0.0025380710659898475
0 0.021609538002980627 0.9530456852791879 0.0014903129657228018 0.0025380710659898475
0 0.944113263785395 0.950507614213198 0.0014903129657228018 0.0025380710659898475
0 0.9046199701937406 0.9517766497461929 0.0029806259314456036 0.005076142131979695
0 0.9001490312965723 0.9517766497461929 0.0029806259314456036 0.005076142131979695
0 0.8815201192250373 0.9517766497461929 0.0014903129657228018 0.005076142131979695
0 0.8643815201192251 0.9517766497461929 0.0029806259314456036 0.005076142131979695
0 0.9307004470938898 0.949238578680203 0.0014903129657228018 0.005076142131979695
0 0.8971684053651267 0.9479695431472082 0.0029806259314456036 0.0025380710659898475
0 0.8614008941877794 0.9479695431472082 0.0029806259314456036 0.0025380710659898475
0 0.6482861400894188 0.949238578680203 0.0029806259314456036 0.005076142131979695
0 0.96274217585693 0.949238578680203 0.005961251862891207 0.01015228426395939
0 0.676602086438152 0.949238578680203 0.005961251862891207 0.01015228426395939
0 0.8949329359165424 0.9428934010152284 0.0014903129657228018 0.0025380710659898475
0 0.9046199701937406 0.9428934010152284 0.0029806259314456036 0.007614213197969543
0 0.8815201192250373 0.9403553299492385 0.0014903129657228018 0.0025380710659898475
0 0.013412816691505217 0.9428934010152284 0.0029806259314456036 0.007614213197969543
0 0.9619970193740686 0.9365482233502538 0.007451564828614009 0.01015228426395939
0 0.8383010432190761 0.9314720812182741 0.0014903129657228018 0.005076142131979695
0 0.8353204172876304 0.9276649746192893 0.0014903129657228018 0.0025380710659898475
0 0.9761549925484352 0.9048223350253807 0.0029806259314456036 0.017766497461928935
0 0.9769001490312966 0.8921319796954315 0.0014903129657228018 0.0025380710659898475
0 0.6892697466467959 0.8705583756345178 0.004470938897168405 0.005076142131979695
0 0.9865871833084948 0.8692893401015228 0.005961251862891207 0.007614213197969543
0 0.9873323397913562 0.8616751269035533 0.0014903129657228018 0.0025380710659898475
0 0.014157973174366617 0.8515228426395939 0.0014903129657228018 0.0025380710659898475
0 0.823397913561848 0.8489847715736041 0.0014903129657228018 0.0025380710659898475
0 0.6900149031296572 0.850253807106599 0.0029806259314456036 0.01015228426395939
0 0.988822652757079 0.8413705583756346 0.0014903129657228018 0.0025380710659898475
0 0.8263785394932935 0.8426395939086294 0.004470938897168405 0.01015228426395939
0 0.687779433681073 0.8426395939086294 0.004470938897168405 0.01015228426395939
0 0.6907600596125186 0.8362944162436549 0.0014903129657228018 0.0025380710659898475
0 0.8301043219076006 0.8350253807106599 0.0029806259314456036 0.005076142131979695
0 0.8241430700447094 0.8362944162436549 0.0029806259314456036 0.007614213197969543
0 0.988822652757079 0.8185279187817259 0.0014903129657228018 0.0025380710659898475
0 0.8256333830104322 0.7817258883248731 0.005961251862891207 0.02030456852791878
0 0.020119225037257823 0.7525380710659898 0.0014903129657228018 0.0025380710659898475
0 0.014903129657228018 0.7550761421319797 0.005961251862891207 0.007614213197969543
0 0.8293591654247392 0.7347715736040609 0.0014903129657228018 0.0025380710659898475
0 0.672876304023845 0.7322335025380711 0.0014903129657228018 0.0025380710659898475
0 0.9873323397913562 0.7296954314720813 0.0014903129657228018 0.0025380710659898475
0 0.6743666169895678 0.7271573604060914 0.0014903129657228018 0.0025380710659898475
0 0.676602086438152 0.7258883248730964 0.005961251862891207 0.01015228426395939
0 0.6773472429210134 0.7170050761421319 0.004470938897168405 0.007614213197969543
0 0.6721311475409836 0.7144670050761421 0.0029806259314456036 0.007614213197969543
0 0.6698956780923994 0.7119289340101523 0.0014903129657228018 0.0025380710659898475
0 0.988822652757079 0.6967005076142132 0.0014903129657228018 0.0025380710659898475
0 0.9880774962742176 0.6903553299492385 0.0029806259314456036 0.005076142131979695
0 0.9873323397913562 0.684010152284264 0.0014903129657228018 0.0025380710659898475
0 0.981371087928465 0.6789340101522843 0.0014903129657228018 0.0025380710659898475
0 0.988822652757079 0.6713197969543148 0.0014903129657228018 0.0025380710659898475
0 0.6669150521609538 0.6611675126903553 0.0014903129657228018 0.0025380710659898475
0 0.8383010432190761 0.6598984771573604 0.004470938897168405 0.01015228426395939
0 0.8353204172876304 0.6535532994923858 0.0014903129657228018 0.0025380710659898475
0 0.9865871833084948 0.6535532994923858 0.005961251862891207 0.007614213197969543
0 0.981371087928465 0.6510152284263959 0.0014903129657228018 0.0025380710659898475
0 0.9769001490312966 0.6383248730964467 0.0014903129657228018 0.0025380710659898475
0 0.8517138599105812 0.633248730964467 0.0014903129657228018 0.0025380710659898475
0 0.9232488822652757 0.6307106598984772 0.0014903129657228018 0.0025380710659898475
0 0.9061102831594635 0.7918781725888325 0.16691505216095381 0.3248730964467005
0 0.6669150521609538 0.5951776649746193 0.0014903129657228018 0.0025380710659898475
0 0.6669150521609538 0.5901015228426396 0.0014903129657228018 0.0025380710659898475
0 0.02459016393442623 0.549492385786802 0.0014903129657228018 0.0025380710659898475
0 0.021609538002980627 0.5469543147208121 0.0014903129657228018 0.0025380710659898475
0 0.01564828614008942 0.5431472081218274 0.007451564828614009 0.01015228426395939
0 0.6535022354694486 0.5266497461928934 0.0014903129657228018 0.0025380710659898475
0 0.012667660208643815 0.4479695431472081 0.0014903129657228018 0.0025380710659898475
0 0.012667660208643815 0.4149746192893401 0.0014903129657228018 0.0025380710659898475
0 0.643070044709389 0.39213197969543145 0.0014903129657228018 0.0025380710659898475
0 0.643070044709389 0.3870558375634518 0.0014903129657228018 0.0025380710659898475
0 0.012667660208643815 0.3870558375634518 0.0014903129657228018 0.0025380710659898475
0 0.018628912071535022 0.366751269035533 0.0014903129657228018 0.0025380710659898475
0 0.6311475409836066 0.32614213197969544 0.0014903129657228018 0.0025380710659898475
0 0.026825633383010434 0.3096446700507614 0.005961251862891207 0.01015228426395939
0 0.038748137108792845 0.26903553299492383 0.005961251862891207 0.01015228426395939
0 0.04918032786885246 0.26015228426395937 0.0029806259314456036 0.007614213197969543
0 0.05141579731743666 0.25380710659898476 0.004470938897168405 0.01015228426395939
0 0.04843517138599106 0.24746192893401014 0.0014903129657228018 0.0025380710659898475
0 0.06035767511177347 0.2296954314720812 0.0014903129657228018 0.0025380710659898475
0 0.07973174366616989 0.20431472081218274 0.0014903129657228018 0.0025380710659898475
0 0.07451564828614009 0.2068527918781726 0.005961251862891207 0.007614213197969543
0 0.6177347242921013 0.17766497461928935 0.004470938897168405 0.005076142131979695
0 0.6192250372578242 0.1713197969543147 0.0014903129657228018 0.0025380710659898475
0 0.10506706408345752 0.16370558375634517 0.0014903129657228018 0.0025380710659898475
0 0.09985096870342772 0.1713197969543147 0.00894187779433681 0.017766497461928935
0 0.11251862891207154 0.1484771573604061 0.0014903129657228018 0.0025380710659898475
0 0.6125186289120715 0.14720812182741116 0.0029806259314456036 0.005076142131979695
0 0.61698956780924 0.14593908629441624 0.005961251862891207 0.007614213197969543
0 0.11400894187779434 0.1446700507614213 0.004470938897168405 0.005076142131979695
0 0.10879284649776454 0.1446700507614213 0.0029806259314456036 0.005076142131979695
0 0.6073025335320418 0.12436548223350254 0.0014903129657228018 0.005076142131979695
0 0.6043219076005961 0.12309644670050761 0.0014903129657228018 0.0025380710659898475
0 0.12891207153502235 0.12309644670050761 0.0014903129657228018 0.0025380710659898475
0 0.12369597615499255 0.13071065989847716 0.00894187779433681 0.017766497461928935
0 0.5692995529061102 0.1065989847715736 0.005961251862891207 0.01015228426395939
0 0.563338301043219 0.10913705583756345 0.00894187779433681 0.015228426395939087
0 0.5566318926974665 0.10279187817258884 0.0014903129657228018 0.0025380710659898475
0 0.5320417287630402 0.10406091370558376 0.0029806259314456036 0.005076142131979695
0 0.14083457526080476 0.10279187817258884 0.0014903129657228018 0.0025380710659898475
0 0.13487332339791355 0.1065989847715736 0.007451564828614009 0.01015228426395939
0 0.4761549925484352 0.08756345177664974 0.0014903129657228018 0.0025380710659898475
0 0.47093889716840537 0.08629441624365482 0.00894187779433681 0.01015228426395939
0 0.45156482861400893 0.08375634517766498 0.0029806259314456036 0.005076142131979695
0 0.4344262295081967 0.08375634517766498 0.004470938897168405 0.005076142131979695
0 0.4239940387481371 0.08248730964467005 0.0014903129657228018 0.0025380710659898475
0 0.146795827123696 0.08248730964467005 0.0014903129657228018 0.0025380710659898475
0 0.14381520119225039 0.08375634517766498 0.0014903129657228018 0.005076142131979695
0 0.4150521609538003 0.07487309644670051 0.0014903129657228018 0.0025380710659898475
0 0.4157973174366617 0.06345177664974619 0.0029806259314456036 0.005076142131979695
0 0.23248882265275708 0.04314720812182741 0.0029806259314456036 0.005076142131979695
0 0.22727272727272727 0.04187817258883249 0.0014903129657228018 0.0025380710659898475
0 0.22354694485842028 0.048223350253807105 0.00894187779433681 0.015228426395939087
0 0.21758569299552907 0.04568527918781726 0.005961251862891207 0.01015228426395939
0 0.36140089418777943 0.0266497461928934 0.01639344262295082 0.012690355329949238
0 0.3509687034277198 0.021573604060913704 0.0014903129657228018 0.0025380710659898475
0 0.2600596125186289 0.021573604060913704 0.0014903129657228018 0.0025380710659898475
0 0.2526080476900149 0.021573604060913704 0.0014903129657228018 0.0025380710659898475
0 0.2414307004470939 0.025380710659898477 0.005961251862891207 0.01015228426395939
0 0.319672131147541 0.01015228426395939 0.004470938897168405 0.01015228426395939
0 0.31594634873323396 0.0038071065989847717 0.0029806259314456036 0.007614213197969543
0 0.2846497764530551 0.0025380710659898475 0.0029806259314456036 0.005076142131979695
0 0.35171385991058124 0.49746192893401014 0.6795827123695977 0.9949238578680203
