0 0.45956719817767655 0.9781468531468531 0.0011389521640091116 0.0017482517482517483
0 0.4561503416856492 0.9781468531468531 0.0011389521640091116 0.0017482517482517483
0 0.4447608200455581 0.9781468531468531 0.0011389521640091116 0.0017482517482517483
0 0.18849658314350798 0.9781468531468531 0.0011389521640091116 0.0017482517482517483
0 0.19646924829157175 0.9772727272727273 0.003416856492027335 0.0034965034965034965
0 0.45785876993166286 0.9746503496503497 0.002277904328018223 0.0017482517482517483
0 0.4760820045558087 0.9641608391608392 0.002277904328018223 0.0017482517482517483
0 0.22494305239179954 0.9641608391608392 0.0011389521640091116 0.0017482517482517483
0 0.21867881548974943 0.9641608391608392 0.002277904328018223 0.0017482517482517483
0 0.48234624145785876 0.9624125874125874 0.0011389521640091116 0.0017482517482517483
0 0.479498861047836 0.9624125874125874 0.002277904328018223 0.0017482517482517483
0 0.13553530751708429 0.9632867132867133 0.002277904328018223 0.0034965034965034965
0 0.20785876993166286 0.9624125874125874 0.0056947608200455585 0.005244755244755245
0 0.20387243735763097 0.9615384615384616 0.002277904328018223 0.0034965034965034965
0 0.5079726651480638 0.9615384615384616 0.004555808656036446 0.006993006993006993
0 0.2266514806378132 0.9615384615384616 0.002277904328018223 0.006993006993006993
0 0.21241457858769933 0.958041958041958 0.003416856492027335 0.006993006993006993
0 0.5079726651480638 0.9527972027972028 0.004555808656036446 0.006993006993006993
0 0.42425968109339407 0.9501748251748252 0.0011389521640091116 0.0017482517482517483
0 0.3490888382687927 0.9501748251748252 0.0011389521640091116 0.0017482517482517483
0 0.2152619589977221 0.9519230769230769 0.002277904328018223 0.005244755244755245
0 0.3439635535307517 0.9493006993006993 0.002277904328018223 0.0034965034965034965
0 0.2101366742596811 0.9484265734265734 0.0011389521640091116 0.0017482517482517483
0 0.35193621867881547 0.9484265734265734 0.004555808656036446 0.005244755244755245
0 0.42084282460136674 0.9475524475524476 0.003416856492027335 0.006993006993006993
0 0.3547835990888383 0.9449300699300699 0.0011389521640091116 0.0017482517482517483
0 0.3211845102505695 0.9475524475524476 0.004555808656036446 0.006993006993006993
0 0.35193621867881547 0.9440559440559441 0.002277904328018223 0.0034965034965034965
0 0.41970387243735763 0.9414335664335665 0.0011389521640091116 0.0017482517482517483
0 0.5222095671981777 0.9361888111888111 0.003416856492027335 0.0017482517482517483
0 0.08485193621867881 0.9361888111888111 0.0011389521640091116 0.0017482517482517483
0 0.09339407744874716 0.9353146853146853 0.002277904328018223 0.0034965034965034965
0 0.3132118451025057 0.9344405594405595 0.00683371298405467 0.005244755244755245
0 0.08997722095671981 0.9344405594405595 0.002277904328018223 0.005244755244755245
0 0.36275626423690205 0.9335664335664335 0.003416856492027335 0.006993006993006993
0 0.5933940774487472 0.9222027972027972 0.002277904328018223 0.0017482517482517483
0 0.5899772209567198 0.9222027972027972 0.002277904328018223 0.0017482517482517483
0 0.4174259681093394 0.9213286713286714 0.0011389521640091116 0.0034965034965034965
0 0.06548974943052392 0.9204545454545454 0.0011389521640091116 0.0017482517482517483
0 0.6082004555808656 0.9195804195804196 0.004555808656036446 0.006993006993006993
0 0.3712984054669704 0.9195804195804196 0.004555808656036446 0.006993006993006993
0 0.06662870159453303 0.916958041958042 0.0011389521640091116 0.0017482517482517483
0 0.05694760820045558 0.9195804195804196 0.004555808656036446 0.006993006993006993
0 0.2613895216400911 0.9082167832167832 0.0011389521640091116 0.0017482517482517483
0 0.2636674259681093 0.9073426573426573 0.0011389521640091116 0.0034965034965034965
0 0.2539863325740319 0.9073426573426573 0.002277904328018223 0.0034965034965034965
0 0.5353075170842825 0.9055944055944056 0.004555808656036446 0.006993006993006993
0 0.4031890660592255 0.9055944055944056 0.004555808656036446 0.006993006993006993
0 0.6241457858769932 0.8942307692307693 0.002277904328018223 0.0017482517482517483
0 0.042710706150341685 0.8942307692307693 0.0011389521640091116 0.0017482517482517483
0 0.4031890660592255 0.8959790209790209 0.004555808656036446 0.008741258741258742
0 0.642369020501139 0.8924825174825175 0.002277904328018223 0.005244755244755245
0 0.6258542141230068 0.8907342657342657 0.0011389521640091116 0.0017482517482517483
0 0.6224373576309795 0.8907342657342657 0.0011389521640091116 0.0017482517482517483
0 0.5341685649202733 0.8951048951048951 0.00683371298405467 0.01048951048951049
0 0.3821184510250569 0.8907342657342657 0.0011389521640091116 0.0017482517482517483
0 0.03986332574031891 0.8924825174825175 0.004555808656036446 0.005244755244755245
0 0.037015945330296125 0.888986013986014 0.0011389521640091116 0.0017482517482517483
0 0.6241457858769932 0.8872377622377622 0.004555808656036446 0.0017482517482517483
0 0.40261958997722097 0.888986013986014 0.003416856492027335 0.005244755244755245
0 0.03986332574031891 0.8881118881118881 0.002277904328018223 0.0034965034965034965
0 0.534738041002278 0.8881118881118881 0.003416856492027335 0.006993006993006993
0 0.5370159453302962 0.8837412587412588 0.0011389521640091116 0.0017482517482517483
0 0.2739179954441913 0.8802447552447552 0.0011389521640091116 0.0017482517482517483
0 0.038154897494305236 0.8811188811188811 0.003416856492027335 0.01048951048951049
0 0.5580865603644647 0.8776223776223776 0.004555808656036446 0.006993006993006993
0 0.2955580865603645 0.8776223776223776 0.007972665148063782 0.006993006993006993
0 0.28018223234624146 0.8715034965034965 0.004555808656036446 0.008741258741258742
0 0.050683371298405465 0.868006993006993 0.0011389521640091116 0.0017482517482517483
0 0.057517084282460135 0.861013986013986 0.0011389521640091116 0.0017482517482517483
0 0.06093394077448747 0.8557692307692307 0.0011389521640091116 0.0017482517482517483
0 0.6828018223234624 0.8540209790209791 0.0011389521640091116 0.0017482517482517483
0 0.05694760820045558 0.8566433566433567 0.004555808656036446 0.006993006993006993
0 0.055239179954441914 0.8540209790209791 0.0011389521640091116 0.0017482517482517483
0 0.5267653758542141 0.8522727272727273 0.0011389521640091116 0.0017482517482517483
0 0.5244874715261959 0.8522727272727273 0.0011389521640091116 0.0017482517482517483
0 0.535876993166287 0.8505244755244755 0.003416856492027335 0.005244755244755245
0 0.6828018223234624 0.8417832167832168 0.0011389521640091116 0.0017482517482517483
0 0.6805239179954442 0.8417832167832168 0.0011389521640091116 0.0017482517482517483
0 0.5632118451025057 0.840034965034965 0.0011389521640091116 0.0017482517482517483
0 0.6805239179954442 0.8382867132867133 0.0011389521640091116 0.0017482517482517483
0 0.5552391799544419 0.8382867132867133 0.0011389521640091116 0.0017482517482517483
0 0.5654897494305239 0.8312937062937062 0.0011389521640091116 0.0017482517482517483
0 0.5552391799544419 0.8312937062937062 0.0011389521640091116 0.0017482517482517483
0 0.6799544419134397 0.8312937062937062 0.00683371298405467 0.012237762237762238
0 0.6759681093394078 0.826048951048951 0.0011389521640091116 0.0017482517482517483
0 0.628132118451025 0.826048951048951 0.0011389521640091116 0.0017482517482517483
0 0.6241457858769932 0.8286713286713286 0.004555808656036446 0.006993006993006993
0 0.6201594533029613 0.8286713286713286 0.0011389521640091116 0.006993006993006993
0 0.6093394077448747 0.8277972027972028 0.002277904328018223 0.005244755244755245
0 0.6047835990888383 0.8286713286713286 0.002277904328018223 0.006993006993006993
0 0.6292710706150342 0.8208041958041958 0.0011389521640091116 0.0017482517482517483
0 0.6480637813211845 0.8155594405594405 0.002277904328018223 0.0017482517482517483
0 0.6645785876993167 0.8129370629370629 0.0011389521640091116 0.0034965034965034965
0 0.6623006833712984 0.8120629370629371 0.0011389521640091116 0.0017482517482517483
0 0.6497722095671982 0.8120629370629371 0.0011389521640091116 0.0017482517482517483
0 0.5894077448747153 0.8164335664335665 0.0056947608200455585 0.01048951048951049
0 0.576879271070615 0.8120629370629371 0.0011389521640091116 0.0017482517482517483
0 0.6195899772209568 0.8671328671328671 0.1275626423690205 0.11188811188811189
0 0.07118451025056947 0.8129370629370629 0.0011389521640091116 0.0034965034965034965
0 0.55125284738041 0.8094405594405595 0.002277904328018223 0.0034965034965034965
0 0.5541002277904328 0.8103146853146853 0.003416856492027335 0.012237762237762238
0 0.5541002277904328 0.7998251748251748 0.0011389521640091116 0.0017482517482517483
0 0.5415717539863326 0.7875874125874126 0.0011389521640091116 0.0017482517482517483
0 0.5529612756264237 0.7858391608391608 0.0056947608200455585 0.005244755244755245
0 0.5398633257403189 0.784965034965035 0.002277904328018223 0.0034965034965034965
0 0.530751708428246 0.7867132867132867 0.004555808656036446 0.006993006993006993
0 0.48405466970387245 0.7718531468531469 0.002277904328018223 0.0017482517482517483
0 0.5182232346241458 0.7709790209790209 0.002277904328018223 0.0034965034965034965
0 0.5062642369020501 0.7744755244755245 0.010250569476082005 0.01048951048951049
0 0.4629840546697039 0.7762237762237763 0.003416856492027335 0.013986013986013986
0 0.19020501138952164 0.7578671328671329 0.002277904328018223 0.0017482517482517483
0 0.21184510250569477 0.7596153846153846 0.004555808656036446 0.008741258741258742
0 0.17824601366742596 0.7596153846153846 0.003416856492027335 0.008741258741258742
0 0.17482915717539863 0.7561188811188811 0.0011389521640091116 0.0017482517482517483
0 0.1662870159453303 0.7596153846153846 0.01366742596810934 0.008741258741258742
0 0.14635535307517084 0.756993006993007 0.003416856492027335 0.0034965034965034965
0 0.1429384965831435 0.7561188811188811 0.0011389521640091116 0.0017482517482517483
0 0.1275626423690205 0.756993006993007 0.002277904328018223 0.0034965034965034965
0 0.12471526195899772 0.7561188811188811 0.0011389521640091116 0.0017482517482517483
0 0.11674259681093394 0.7561188811188811 0.0011389521640091116 0.0017482517482517483
0 0.22209567198177677 0.7482517482517482 0.002277904328018223 0.0034965034965034965
0 0.219248291571754 0.7473776223776224 0.0011389521640091116 0.0017482517482517483
0 0.2619589977220957 0.743006993006993 0.002277904328018223 0.0034965034965034965
0 0.22494305239179954 0.7421328671328671 0.0011389521640091116 0.0017482517482517483
0 0.22209567198177677 0.7438811188811189 0.004555808656036446 0.005244755244755245
0 0.08485193621867881 0.7421328671328671 0.0011389521640091116 0.0017482517482517483
0 0.08257403189066059 0.743006993006993 0.0011389521640091116 0.0034965034965034965
0 0.45728929384965833 0.7403846153846154 0.0011389521640091116 0.0017482517482517483
0 0.24544419134396356 0.7290209790209791 0.003416856492027335 0.0034965034965034965
0 0.09965831435079726 0.7176573426573427 0.0011389521640091116 0.0017482517482517483
0 0.270501138952164 0.7141608391608392 0.0011389521640091116 0.0017482517482517483
0 0.26651480637813213 0.7159090909090909 0.004555808656036446 0.005244755244755245
0 0.09965831435079726 0.7141608391608392 0.0011389521640091116 0.0017482517482517483
0 0.09681093394077449 0.715034965034965 0.002277904328018223 0.0034965034965034965
0 0.4857630979498861 0.6984265734265734 0.0011389521640091116 0.0017482517482517483
0 0.09965831435079726 0.6984265734265734 0.0011389521640091116 0.0017482517482517483
0 0.09738041002277904 0.6984265734265734 0.0011389521640091116 0.0017482517482517483
0 0.07403189066059225 0.6993006993006993 0.002277904328018223 0.0034965034965034965
0 0.034738041002277904 0.6984265734265734 0.0011389521640091116 0.0017482517482517483
0 0.6913439635535308 0.6975524475524476 0.002277904328018223 0.0034965034965034965
0 0.6873576309794989 0.6975524475524476 0.003416856492027335 0.0034965034965034965
0 0.26480637813211844 0.6966783216783217 0.0011389521640091116 0.0017482517482517483
0 0.11503416856492027 0.6975524475524476 0.002277904328018223 0.0034965034965034965
0 0.6884965831435079 0.6949300699300699 0.0011389521640091116 0.0017482517482517483
0 0.10763097949886105 0.6966783216783217 0.0056947608200455585 0.005244755244755245
0 0.10079726651480637 0.6949300699300699 0.0011389521640091116 0.0017482517482517483
0 0.037015945330296125 0.6966783216783217 0.003416856492027335 0.005244755244755245
0 0.6674259681093394 0.6958041958041958 0.004555808656036446 0.006993006993006993
0 0.26708428246013666 0.6923076923076923 0.003416856492027335 0.006993006993006993
0 0.07403189066059225 0.6879370629370629 0.002277904328018223 0.0017482517482517483
0 0.030751708428246014 0.6931818181818182 0.00683371298405467 0.012237762237762238
0 0.7101366742596811 0.6844405594405595 0.0011389521640091116 0.0017482517482517483
0 0.13496583143507973 0.6835664335664335 0.003416856492027335 0.0034965034965034965
0 0.12870159453302962 0.6835664335664335 0.002277904328018223 0.0034965034965034965
0 0.26651480637813213 0.6853146853146853 0.004555808656036446 0.01048951048951049
0 0.26594533029612755 0.6774475524475524 0.0011389521640091116 0.0017482517482517483
0 0.07574031890660592 0.673951048951049 0.0011389521640091116 0.0017482517482517483
0 0.0734624145785877 0.673951048951049 0.0011389521640091116 0.0017482517482517483
0 0.26594533029612755 0.6730769230769231 0.003416856492027335 0.0034965034965034965
0 0.05296127562642369 0.6722027972027972 0.0011389521640091116 0.0017482517482517483
0 0.6668564920273349 0.6730769230769231 0.003416856492027335 0.006993006993006993
0 0.535876993166287 0.6704545454545454 0.0011389521640091116 0.0017482517482517483
0 0.0746013667425968 0.6704545454545454 0.0011389521640091116 0.0017482517482517483
0 0.5643507972665148 0.6687062937062938 0.0011389521640091116 0.0017482517482517483
0 0.6657175398633257 0.666958041958042 0.0011389521640091116 0.0017482517482517483
0 0.5284738041002278 0.6678321678321678 0.004555808656036446 0.006993006993006993
0 0.0734624145785877 0.6652097902097902 0.0011389521640091116 0.0017482517482517483
0 0.6668564920273349 0.6634615384615384 0.0011389521640091116 0.0017482517482517483
0 0.6657175398633257 0.659965034965035 0.0011389521640091116 0.0017482517482517483
0 0.0746013667425968 0.6608391608391608 0.003416856492027335 0.0034965034965034965
0 0.04328018223234624 0.6608391608391608 0.004555808656036446 0.006993006993006993
0 0.26480637813211844 0.6564685314685315 0.0011389521640091116 0.0017482517482517483
0 0.5808656036446469 0.6538461538461539 0.004555808656036446 0.006993006993006993
0 0.38667425968109337 0.6477272727272727 0.0011389521640091116 0.0017482517482517483
0 0.13610478359908884 0.6459790209790209 0.0011389521640091116 0.0017482517482517483
0 0.7374715261958997 0.6442307692307693 0.0011389521640091116 0.0017482517482517483
0 0.6753986332574032 0.6451048951048951 0.002277904328018223 0.0034965034965034965
0 0.5808656036446469 0.6459790209790209 0.004555808656036446 0.005244755244755245
0 0.3815489749430524 0.6459790209790209 0.00683371298405467 0.008741258741258742
0 0.5814350797266514 0.6407342657342657 0.0011389521640091116 0.0017482517482517483
0 0.14521640091116172 0.6407342657342657 0.0011389521640091116 0.0017482517482517483
0 0.5899772209567198 0.6398601398601399 0.004555808656036446 0.006993006993006993
0 0.26594533029612755 0.6354895104895105 0.0011389521640091116 0.0017482517482517483
0 0.13952164009111617 0.638986013986014 0.007972665148063782 0.008741258741258742
0 0.002277904328018223 0.638986013986014 0.004555808656036446 0.008741258741258742
0 0.7283599088838268 0.6337412587412588 0.0011389521640091116 0.0017482517482517483
0 0.40148063781321186 0.6337412587412588 0.0011389521640091116 0.0017482517482517483
0 0.1429384965831435 0.6363636363636364 0.003416856492027335 0.006993006993006993
0 0.37471526195899774 0.6424825174825175 0.011389521640091117 0.022727272727272728
0 0.0005694760820045558 0.631993006993007 0.0011389521640091116 0.0017482517482517483
0 0.40774487471526194 0.6302447552447552 0.002277904328018223 0.0017482517482517483
0 0.40148063781321186 0.6302447552447552 0.0011389521640091116 0.0017482517482517483
0 0.37300683371298404 0.6302447552447552 0.0011389521640091116 0.0017482517482517483
0 0.5985193621867881 0.6284965034965035 0.0011389521640091116 0.0017482517482517483
0 0.5962414578587699 0.6284965034965035 0.0011389521640091116 0.0017482517482517483
0 0.587129840546697 0.6267482517482518 0.0011389521640091116 0.0017482517482517483
0 0.15432801822323464 0.6267482517482518 0.0011389521640091116 0.0017482517482517483
0 0.6053530751708428 0.6267482517482518 0.003416856492027335 0.005244755244755245
0 0.744874715261959 0.6258741258741258 0.004555808656036446 0.006993006993006993
0 0.7351936218678815 0.6232517482517482 0.0011389521640091116 0.0017482517482517483
0 0.628132118451025 0.6232517482517482 0.0011389521640091116 0.0017482517482517483
0 0.1520501138952164 0.6223776223776224 0.003416856492027335 0.006993006993006993
0 0.39123006833712987 0.618006993006993 0.0011389521640091116 0.0017482517482517483
0 0.005125284738041002 0.618006993006993 0.0011389521640091116 0.0017482517482517483
0 0.6372437357630979 0.6145104895104895 0.0011389521640091116 0.0017482517482517483
0 0.6349658314350797 0.6145104895104895 0.0011389521640091116 0.0017482517482517483
0 0.25 0.6145104895104895 0.0011389521640091116 0.0017482517482517483
0 0.2460136674259681 0.6136363636363636 0.004555808656036446 0.0034965034965034965
0 0.15945330296127563 0.6136363636363636 0.002277904328018223 0.0034965034965034965
0 0.1571753986332574 0.611013986013986 0.002277904328018223 0.0017482517482517483
0 0.6366742596810934 0.6101398601398601 0.002277904328018223 0.0034965034965034965
0 0.4185649202733485 0.6092657342657343 0.0011389521640091116 0.0017482517482517483
0 0.4157175398633257 0.6101398601398601 0.002277904328018223 0.0034965034965034965
0 0.034738041002277904 0.6092657342657343 0.0011389521640091116 0.0017482517482517483
0 0.17198177676537585 0.6101398601398601 0.002277904328018223 0.006993006993006993
0 0.41059225512528474 0.6057692307692307 0.0011389521640091116 0.0017482517482517483
0 0.03530751708428246 0.6057692307692307 0.002277904328018223 0.0017482517482517483
0 0.43451025056947606 0.6022727272727273 0.0011389521640091116 0.0017482517482517483
0 0.4157175398633257 0.6040209790209791 0.00683371298405467 0.005244755244755245
0 0.41059225512528474 0.6022727272727273 0.0011389521640091116 0.0017482517482517483
0 0.23405466970387243 0.6005244755244755 0.0011389521640091116 0.0017482517482517483
0 0.23120728929384965 0.5987762237762237 0.004555808656036446 0.005244755244755245
0 0.05922551252847381 0.5987762237762237 0.002277904328018223 0.005244755244755245
0 0.22835990888382687 0.5952797202797203 0.0011389521640091116 0.0017482517482517483
0 0.6372437357630979 0.5935314685314685 0.0011389521640091116 0.0017482517482517483
0 0.23120728929384965 0.5944055944055944 0.002277904328018223 0.0034965034965034965
0 0.6372437357630979 0.590034965034965 0.0011389521640091116 0.0017482517482517483
0 0.208997722095672 0.5865384615384616 0.0011389521640091116 0.0017482517482517483
0 0.19646924829157175 0.5865384615384616 0.0011389521640091116 0.0017482517482517483
0 0.4402050113895216 0.5891608391608392 0.0056947608200455585 0.01048951048951049
0 0.19988610478359908 0.5847902097902098 0.0011389521640091116 0.0017482517482517483
0 0.4305239179954442 0.583916083916084 0.004555808656036446 0.006993006993006993
0 0.2164009111617312 0.583916083916084 0.004555808656036446 0.006993006993006993
0 0.43507972665148065 0.5821678321678322 0.00683371298405467 0.01048951048951049
0 0.7454441913439636 0.5751748251748252 0.003416856492027335 0.0034965034965034965
0 0.044988610478359906 0.5743006993006993 0.0011389521640091116 0.0017482517482517483
0 0.006264236902050114 0.5743006993006993 0.003416856492027335 0.0017482517482517483
0 0.4253986332574032 0.5725524475524476 0.003416856492027335 0.0017482517482517483
0 0.055239179954441914 0.5708041958041958 0.0011389521640091116 0.0017482517482517483
0 0.22608200455580865 0.5673076923076923 0.0011389521640091116 0.0017482517482517483
0 0.7374715261958997 0.5655594405594405 0.0011389521640091116 0.0017482517482517483
0 0.035876993166287015 0.5638111888111889 0.0011389521640091116 0.0017482517482517483
0 0.05808656036446469 0.5638111888111889 0.00683371298405467 0.008741258741258742
0 0.3342824601366743 0.5585664335664335 0.0011389521640091116 0.0017482517482517483
0 0.035876993166287015 0.5594405594405595 0.0011389521640091116 0.0034965034965034965
0 0.021070615034168565 0.5472027972027972 0.003416856492027335 0.0034965034965034965
0 0.02733485193621868 0.6223776223776224 0.05466970387243736 0.15384615384615385
0 0.10876993166287016 0.5358391608391608 0.0011389521640091116 0.0017482517482517483
0 0.06548974943052392 0.5375874125874126 0.003416856492027335 0.005244755244755245
0 0.41970387243735763 0.5323426573426573 0.0011389521640091116 0.0017482517482517483
0 0.4140091116173121 0.5305944055944056 0.0011389521640091116 0.0017482517482517483
0 0.14635535307517084 0.5305944055944056 0.0011389521640091116 0.0017482517482517483
0 0.7369020501138952 0.5288461538461539 0.002277904328018223 0.0017482517482517483
0 0.4140091116173121 0.5270979020979021 0.0011389521640091116 0.0017482517482517483
0 0.06605922551252848 0.5305944055944056 0.004555808656036446 0.008741258741258742
0 0.3439635535307517 0.527972027972028 0.004555808656036446 0.006993006993006993
0 0.7369020501138952 0.5244755244755245 0.002277904328018223 0.0034965034965034965
0 0.13895216400911162 0.5270979020979021 0.004555808656036446 0.008741258741258742
0 0.06605922551252848 0.5209790209790209 0.004555808656036446 0.006993006993006993
0 0.1070615034168565 0.5183566433566433 0.004555808656036446 0.008741258741258742
0 0.10876993166287016 0.5061188811188811 0.0011389521640091116 0.0017482517482517483
0 0.7465831435079726 0.5043706293706294 0.0011389521640091116 0.0017482517482517483
0 0.3798405466970387 0.5026223776223776 0.0011389521640091116 0.0017482517482517483
0 0.3821184510250569 0.5017482517482518 0.0011389521640091116 0.0034965034965034965
0 0.744874715261959 0.49213286713286714 0.004555808656036446 0.005244755244755245
0 0.7408883826879271 0.49038461538461536 0.0011389521640091116 0.0017482517482517483
0 0.7357630979498861 0.49038461538461536 0.002277904328018223 0.0017482517482517483
0 0.7323462414578588 0.49125874125874125 0.002277904328018223 0.0034965034965034965
0 0.08428246013667426 0.493006993006993 0.004555808656036446 0.006993006993006993
0 0.3570615034168565 0.48776223776223776 0.003416856492027335 0.0034965034965034965
0 0.3439635535307517 0.4956293706293706 0.004555808656036446 0.019230769230769232
0 0.11902050113895217 0.48164335664335667 0.0011389521640091116 0.0017482517482517483
0 0.7095671981776766 0.479020979020979 0.002277904328018223 0.0034965034965034965
0 0.11902050113895217 0.4781468531468531 0.0011389521640091116 0.0017482517482517483
0 0.7101366742596811 0.4729020979020979 0.0011389521640091116 0.0017482517482517483
0 0.35364464692482916 0.4729020979020979 0.0056947608200455585 0.008741258741258742
0 0.35136674259681094 0.46765734265734266 0.0011389521640091116 0.0017482517482517483
0 0.35364464692482916 0.4659090909090909 0.0011389521640091116 0.0017482517482517483
0 0.7078587699316629 0.4659090909090909 0.003416856492027335 0.008741258741258742
0 0.10193621867881549 0.4606643356643357 0.0011389521640091116 0.0017482517482517483
0 0.09168564920273349 0.4606643356643357 0.0011389521640091116 0.0017482517482517483
0 0.3547835990888383 0.4571678321678322 0.0011389521640091116 0.0017482517482517483
0 0.08428246013667426 0.458041958041958 0.004555808656036446 0.006993006993006993
0 0.09510250569476082 0.4519230769230769 0.0011389521640091116 0.0017482517482517483
0 0.09510250569476082 0.4562937062937063 0.0056947608200455585 0.01048951048951049
0 0.08826879271070615 0.4562937062937063 0.0056947608200455585 0.01048951048951049
0 0.08029612756264237 0.44667832167832167 0.0011389521640091116 0.0017482517482517483
0 0.07687927107061504 0.44667832167832167 0.0011389521640091116 0.0017482517482517483
0 0.12471526195899772 0.44493006993006995 0.0011389521640091116 0.0017482517482517483
0 0.12129840546697039 0.44493006993006995 0.0011389521640091116 0.0017482517482517483
0 0.12471526195899772 0.44143356643356646 0.0011389521640091116 0.0017482517482517483
0 0.12129840546697039 0.44143356643356646 0.0011389521640091116 0.0017482517482517483
0 0.6913439635535308 0.4353146853146853 0.002277904328018223 0.0034965034965034965
0 0.35364464692482916 0.4353146853146853 0.003416856492027335 0.0034965034965034965
0 0.0734624145785877 0.4230769230769231 0.0011389521640091116 0.006993006993006993
0 0.7084282460136674 0.4160839160839161 0.004555808656036446 0.006993006993006993
0 0.36275626423690205 0.41083916083916083 0.007972665148063782 0.01048951048951049
0 0.357630979498861 0.4090909090909091 0.004555808656036446 0.006993006993006993
0 0.3365603644646925 0.40472027972027974 0.0011389521640091116 0.0017482517482517483
0 0.10649202733485194 0.40472027972027974 0.0011389521640091116 0.0017482517482517483
0 0.10250569476082004 0.40297202797202797 0.004555808656036446 0.005244755244755245
0 0.3365603644646925 0.3942307692307692 0.0011389521640091116 0.0017482517482517483
0 0.39123006833712987 0.3942307692307692 0.003416856492027335 0.005244755244755245
0 0.3821184510250569 0.39073426573426573 0.0011389521640091116 0.0017482517482517483
0 0.33997722095671984 0.39073426573426573 0.0011389521640091116 0.0017482517482517483
0 0.3428246013667426 0.388986013986014 0.004555808656036446 0.005244755244755245
0 0.3456719817767654 0.38548951048951047 0.0011389521640091116 0.0017482517482517483
0 0.3428246013667426 0.38461538461538464 0.002277904328018223 0.0034965034965034965
0 0.464123006833713 0.381993006993007 0.0011389521640091116 0.0017482517482517483
0 0.7175398633257403 0.38024475524475526 0.004555808656036446 0.005244755244755245
0 0.7135535307517085 0.3784965034965035 0.0011389521640091116 0.0017482517482517483
0 0.6896355353075171 0.3784965034965035 0.0011389521640091116 0.0017482517482517483
0 0.6816628701594533 0.3784965034965035 0.0011389521640091116 0.0017482517482517483
0 0.4601366742596811 0.3811188811188811 0.00683371298405467 0.006993006993006993
0 0.36503416856492027 0.3784965034965035 0.0011389521640091116 0.0017482517482517483
0 0.6816628701594533 0.375 0.0011389521640091116 0.0017482517482517483
0 0.3456719817767654 0.3715034965034965 0.0011389521640091116 0.0017482517482517483
0 0.10933940774487472 0.36975524475524474 0.002277904328018223 0.0017482517482517483
0 0.4356492027334852 0.368006993006993 0.003416856492027335 0.008741258741258742
0 0.42425968109339407 0.36451048951048953 0.0011389521640091116 0.0017482517482517483
0 0.10649202733485194 0.36451048951048953 0.0011389521640091116 0.0017482517482517483
0 0.10250569476082004 0.36625874125874125 0.004555808656036446 0.005244755244755245
0 0.4869020501138952 0.36276223776223776 0.0011389521640091116 0.0017482517482517483
0 0.48405466970387245 0.36013986013986016 0.002277904328018223 0.0034965034965034965
0 0.48405466970387245 0.3531468531468531 0.002277904328018223 0.0034965034965034965
0 0.6799544419134397 0.3557692307692308 0.00683371298405467 0.012237762237762238
0 0.6759681093394078 0.3505244755244755 0.0011389521640091116 0.0017482517482517483
0 0.4869020501138952 0.3505244755244755 0.0011389521640091116 0.0017482517482517483
0 0.11731207289293849 0.3513986013986014 0.002277904328018223 0.0034965034965034965
0 0.6714123006833713 0.34527972027972026 0.003416856492027335 0.005244755244755245
0 0.6736902050113895 0.34178321678321677 0.0011389521640091116 0.0017482517482517483
0 0.6736902050113895 0.3382867132867133 0.0011389521640091116 0.0017482517482517483
0 0.5273348519362187 0.3374125874125874 0.002277904328018223 0.0034965034965034965
0 0.5148063781321185 0.3382867132867133 0.002277904328018223 0.005244755244755245
0 0.5290432801822323 0.3312937062937063 0.0011389521640091116 0.0017482517482517483
0 0.6463553530751709 0.3146853146853147 0.0011389521640091116 0.0034965034965034965
0 0.32744874715261957 0.3103146853146853 0.0011389521640091116 0.0017482517482517483
0 0.32517084282460135 0.3103146853146853 0.0011389521640091116 0.0017482517482517483
0 0.5330296127562643 0.28321678321678323 0.002277904328018223 0.006993006993006993
0 0.1611617312072893 0.28059440559440557 0.0011389521640091116 0.0017482517482517483
0 0.1571753986332574 0.28234265734265734 0.004555808656036446 0.005244755244755245
0 0.6554669703872438 0.2770979020979021 0.0011389521640091116 0.0017482517482517483
0 0.1845102505694761 0.2770979020979021 0.004555808656036446 0.005244755244755245
0 0.3416856492027335 0.2762237762237762 0.002277904328018223 0.006993006993006993
0 0.6531890660592256 0.2727272727272727 0.003416856492027335 0.006993006993006993
0 0.1919134396355353 0.2666083916083916 0.0011389521640091116 0.0017482517482517483
0 0.1845102505694761 0.2692307692307692 0.004555808656036446 0.006993006993006993
0 0.6526195899772209 0.26573426573426573 0.00683371298405467 0.01048951048951049
0 0.5478359908883826 0.256993006993007 0.002277904328018223 0.0034965034965034965
0 0.6537585421412301 0.25524475524475526 0.004555808656036446 0.006993006993006993
0 0.6463553530751709 0.2526223776223776 0.0011389521640091116 0.0017482517482517483
0 0.20956719817767655 0.2526223776223776 0.002277904328018223 0.0017482517482517483
0 0.20671981776765375 0.2526223776223776 0.0011389521640091116 0.0017482517482517483
0 0.6463553530751709 0.2491258741258741 0.0011389521640091116 0.0017482517482517483
0 0.34111617312072895 0.25 0.0011389521640091116 0.0034965034965034965
0 0.6440774487471527 0.24475524475524477 0.003416856492027335 0.006993006993006993
0 0.21298405466970388 0.2465034965034965 0.00683371298405467 0.01048951048951049
0 0.6457858769931663 0.2403846153846154 0.002277904328018223 0.005244755244755245
0 0.21583143507972666 0.23863636363636365 0.0011389521640091116 0.0017482517482517483
0 0.21184510250569477 0.2403846153846154 0.004555808656036446 0.005244755244755245
0 0.6463553530751709 0.23513986013986013 0.0011389521640091116 0.0017482517482517483
0 0.566628701594533 0.23164335664335664 0.0011389521640091116 0.0017482517482517483
0 0.3621867881548975 0.23426573426573427 0.004555808656036446 0.006993006993006993
0 0.6457858769931663 0.23076923076923078 0.002277904328018223 0.0034965034965034965
0 0.5626423690205011 0.22814685314685315 0.002277904328018223 0.0017482517482517483
0 0.219248291571754 0.2263986013986014 0.0011389521640091116 0.0017482517482517483
0 0.5632118451025057 0.22465034965034966 0.0011389521640091116 0.0017482517482517483
0 0.5580865603644647 0.22552447552447552 0.004555808656036446 0.0034965034965034965
0 0.658883826879271 0.2229020979020979 0.0011389521640091116 0.0017482517482517483
0 0.6537585421412301 0.22202797202797203 0.002277904328018223 0.0034965034965034965
0 0.662870159453303 0.22115384615384615 0.004555808656036446 0.005244755244755245
0 0.6520501138952164 0.2194055944055944 0.0011389521640091116 0.0017482517482517483
0 0.3695899772209567 0.2089160839160839 0.0011389521640091116 0.0017482517482517483
0 0.6662870159453302 0.20804195804195805 0.002277904328018223 0.0034965034965034965
0 0.5632118451025057 0.20804195804195805 0.0011389521640091116 0.0034965034965034965
0 0.3678815489749431 0.2062937062937063 0.002277904328018223 0.0034965034965034965
0 0.22095671981776766 0.2097902097902098 0.004555808656036446 0.01048951048951049
0 0.2255125284738041 0.20104895104895104 0.00683371298405467 0.01048951048951049
0 0.22095671981776766 0.1993006993006993 0.004555808656036446 0.006993006993006993
0 0.3764236902050114 0.19493006993006992 0.0011389521640091116 0.0017482517482517483
0 0.37414578587699315 0.19493006993006992 0.0011389521640091116 0.0017482517482517483
0 0.6810933940774487 0.19230769230769232 0.004555808656036446 0.006993006993006993
0 0.23405466970387243 0.18269230769230768 0.003416856492027335 0.0017482517482517483
0 0.39863325740318906 0.17832167832167833 0.004555808656036446 0.006993006993006993
0 0.5654897494305239 0.17220279720279721 0.0011389521640091116 0.0017482517482517483
0 0.3929384965831435 0.17657342657342656 0.009111617312072893 0.01048951048951049
0 0.23747152619589978 0.16958041958041958 0.0011389521640091116 0.0034965034965034965
0 0.4185649202733485 0.16695804195804195 0.0011389521640091116 0.0017482517482517483
0 0.4185649202733485 0.16346153846153846 0.0011389521640091116 0.0017482517482517483
0 0.41116173120728927 0.16346153846153846 0.011389521640091117 0.008741258741258742
0 0.6822323462414579 0.1590909090909091 0.002277904328018223 0.0034965034965034965
0 0.4134396355353075 0.1590909090909091 0.002277904328018223 0.0034965034965034965
0 0.6828018223234624 0.1547202797202797 0.0011389521640091116 0.0017482517482517483
0 0.6805239179954442 0.1547202797202797 0.0011389521640091116 0.0017482517482517483
0 0.27619589977220954 0.1555944055944056 0.0011389521640091116 0.0034965034965034965
0 0.25740318906605925 0.1555944055944056 0.002277904328018223 0.0034965034965034965
0 0.566628701594533 0.15297202797202797 0.0011389521640091116 0.0017482517482517483
0 0.5279043280182233 0.15297202797202797 0.0011389521640091116 0.0017482517482517483
0 0.5222095671981777 0.15297202797202797 0.0011389521640091116 0.0017482517482517483
0 0.28302961275626426 0.15122377622377622 0.0011389521640091116 0.0017482517482517483
0 0.42596810933940776 0.15034965034965034 0.004555808656036446 0.006993006993006993
0 0.28416856492027337 0.14772727272727273 0.0011389521640091116 0.0017482517482517483
0 0.28416856492027337 0.14423076923076922 0.0011389521640091116 0.0017482517482517483
0 0.6503416856492027 0.14160839160839161 0.002277904328018223 0.0034965034965034965
0 0.2864464692482916 0.14073426573426573 0.0011389521640091116 0.0017482517482517483
0 0.28416856492027337 0.14073426573426573 0.0011389521640091116 0.0017482517482517483
0 0.5119589977220956 0.13898601398601398 0.0011389521640091116 0.0017482517482517483
0 0.4271070615034169 0.13636363636363635 0.002277904328018223 0.0034965034965034965
0 0.6463553530751709 0.13374125874125875 0.0011389521640091116 0.0017482517482517483
0 0.5580865603644647 0.13636363636363635 0.004555808656036446 0.006993006993006993
0 0.5597949886104784 0.131993006993007 0.0011389521640091116 0.0017482517482517483
0 0.5575170842824602 0.13024475524475523 0.0011389521640091116 0.0017482517482517483
0 0.5108200455580866 0.13024475524475523 0.0011389521640091116 0.0017482517482517483
0 0.311503416856492 0.1284965034965035 0.0011389521640091116 0.0017482517482517483
0 0.6457858769931663 0.1284965034965035 0.002277904328018223 0.005244755244755245
0 0.30580865603644647 0.12674825174825174 0.0011389521640091116 0.0017482517482517483
0 0.30239179954441914 0.12762237762237763 0.003416856492027335 0.0034965034965034965
0 0.5005694760820045 0.12412587412587413 0.003416856492027335 0.0034965034965034965
0 0.4276765375854214 0.11625874125874126 0.0011389521640091116 0.0017482517482517483
0 0.3103644646924829 0.11625874125874126 0.0011389521640091116 0.0017482517482517483
0 0.606492027334852 0.1145104895104895 0.0056947608200455585 0.005244755244755245
0 0.5962414578587699 0.11363636363636363 0.003416856492027335 0.0034965034965034965
0 0.3143507972665148 0.11363636363636363 0.002277904328018223 0.0034965034965034965
0 0.311503416856492 0.11276223776223776 0.0011389521640091116 0.0017482517482517483
0 0.4664009111617312 0.11013986013986014 0.0011389521640091116 0.0034965034965034965
0 0.464123006833713 0.10926573426573427 0.0011389521640091116 0.0017482517482517483
0 0.5825740318906606 0.10751748251748251 0.0011389521640091116 0.0017482517482517483
0 0.5632118451025057 0.09353146853146853 0.0011389521640091116 0.0017482517482517483
0 0.3331435079726651 0.08653846153846154 0.0011389521640091116 0.0017482517482517483
0 0.5637813211845103 0.08566433566433566 0.002277904328018223 0.0034965034965034965
0 0.33826879271070615 0.07692307692307693 0.002277904328018223 0.0034965034965034965
0 0.37300683371298404 0.0743006993006993 0.0011389521640091116 0.0017482517482517483
0 0.3445330296127563 0.0743006993006993 0.0011389521640091116 0.0017482517482517483
0 0.5535307517084282 0.07342657342657342 0.004555808656036446 0.006993006993006993
0 0.5489749430523918 0.07517482517482517 0.00683371298405467 0.01048951048951049
0 0.5461275626423691 0.07080419580419581 0.0011389521640091116 0.0017482517482517483
0 0.5421412300683371 0.07167832167832168 0.002277904328018223 0.0034965034965034965
0 0.3564920273348519 0.07167832167832168 0.002277904328018223 0.0034965034965034965
0 0.34339407744874717 0.07080419580419581 0.0011389521640091116 0.0017482517482517483
0 0.33883826879271073 0.07167832167832168 0.003416856492027335 0.0034965034965034965
0 0.5279043280182233 0.05856643356643357 0.0011389521640091116 0.0017482517482517483
0 0.5353075170842825 0.05856643356643357 0.004555808656036446 0.005244755244755245
0 0.5313211845102506 0.056818181818181816 0.0011389521640091116 0.0017482517482517483
0 0.525626423690205 0.056818181818181816 0.0011389521640091116 0.0017482517482517483
0 0.45671981776765375 0.0472027972027972 0.002277904328018223 0.0034965034965034965
0 0.49373576309794986 0.044580419580419584 0.0011389521640091116 0.0017482517482517483
0 0.5170842824601367 0.045454545454545456 0.004555808656036446 0.006993006993006993
0 0.505125284738041 0.04283216783216783 0.0011389521640091116 0.0017482517482517483
0 0.45842824601366744 0.04283216783216783 0.0011389521640091116 0.0017482517482517483
0 0.4561503416856492 0.04283216783216783 0.0011389521640091116 0.0017482517482517483
0 0.3917995444191344 0.5096153846153846 0.7107061503416856 0.9388111888111889
