0 0.45910138248847926 0.9801980198019802 0.0034562211981566822 0.0039603960396039604
0 0.44815668202764974 0.9801980198019802 0.002304147465437788 0.0039603960396039604
0 0.4176267281105991 0.9792079207920792 0.0034562211981566822 0.005940594059405941
0 0.41589861751152074 0.9742574257425742 0.002304147465437788 0.0039603960396039604
0 0.4596774193548387 0.9732673267326732 0.002304147465437788 0.005940594059405941
0 0.5645161290322581 0.9653465346534653 0.002304147465437788 0.0019801980198019802
0 0.5604838709677419 0.9653465346534653 0.001152073732718894 0.0019801980198019802
0 0.46486175115207373 0.9653465346534653 0.001152073732718894 0.0019801980198019802
0 0.40956221198156684 0.9653465346534653 0.001152073732718894 0.0019801980198019802
0 0.4014976958525346 0.9653465346534653 0.001152073732718894 0.0019801980198019802
0 0.5449308755760369 0.9643564356435643 0.002304147465437788 0.0039603960396039604
0 0.533410138248848 0.9643564356435643 0.002304147465437788 0.0039603960396039604
0 0.38018433179723504 0.9623762376237623 0.004608294930875576 0.007920792079207921
0 0.47753456221198154 0.9495049504950495 0.001152073732718894 0.0019801980198019802
0 0.47523041474654376 0.9495049504950495 0.001152073732718894 0.0019801980198019802
0 0.3715437788018433 0.9495049504950495 0.001152073732718894 0.0019801980198019802
0 0.5236175115207373 0.9485148514851485 0.0034562211981566822 0.0039603960396039604
0 0.5167050691244239 0.9485148514851485 0.0034562211981566822 0.0039603960396039604
0 0.3807603686635945 0.9514851485148514 0.00576036866359447 0.009900990099009901
0 0.3692396313364055 0.9485148514851485 0.001152073732718894 0.0039603960396039604
0 0.5155529953917051 0.9455445544554455 0.001152073732718894 0.0019801980198019802
0 0.4763824884792627 0.9445544554455445 0.0034562211981566822 0.0039603960396039604
0 0.47868663594470046 0.9415841584158415 0.001152073732718894 0.0019801980198019802
0 0.5074884792626728 0.9396039603960396 0.001152073732718894 0.0019801980198019802
0 0.5881336405529954 0.9336633663366337 0.001152073732718894 0.0019801980198019802
0 0.5858294930875576 0.9336633663366337 0.001152073732718894 0.0019801980198019802
0 0.505184331797235 0.9336633663366337 0.001152073732718894 0.0019801980198019802
0 0.3323732718894009 0.9336633663366337 0.001152073732718894 0.0019801980198019802
0 0.5034562211981567 0.9316831683168317 0.002304147465437788 0.005940594059405941
0 0.3323732718894009 0.9297029702970298 0.001152073732718894 0.0019801980198019802
0 0.5869815668202765 0.9287128712871288 0.0034562211981566822 0.0039603960396039604
0 0.49942396313364057 0.9297029702970298 0.0034562211981566822 0.005940594059405941
0 0.5892857142857143 0.9257425742574258 0.001152073732718894 0.0019801980198019802
0 0.353110599078341 0.9277227722772278 0.00576036866359447 0.009900990099009901
0 0.33755760368663595 0.9247524752475248 0.002304147465437788 0.0039603960396039604
0 0.5017281105990783 0.9217821782178218 0.001152073732718894 0.0019801980198019802
0 0.48559907834101385 0.9217821782178218 0.001152073732718894 0.0019801980198019802
0 0.4879032258064516 0.9198019801980198 0.001152073732718894 0.0019801980198019802
0 0.6065668202764977 0.9178217821782179 0.001152073732718894 0.0019801980198019802
0 0.3173963133640553 0.9178217821782179 0.001152073732718894 0.0019801980198019802
0 0.3150921658986175 0.9178217821782179 0.001152073732718894 0.0019801980198019802
0 0.32776497695852536 0.9168316831683169 0.0034562211981566822 0.0039603960396039604
0 0.5996543778801844 0.9158415841584159 0.008064516129032258 0.005940594059405941
0 0.32430875576036866 0.9138613861386139 0.001152073732718894 0.0019801980198019802
0 0.3162442396313364 0.9128712871287129 0.0034562211981566822 0.0039603960396039604
0 0.31394009216589863 0.9099009900990099 0.001152073732718894 0.0019801980198019802
0 0.6071428571428571 0.905940594059406 0.002304147465437788 0.0019801980198019802
0 0.6284562211981567 0.901980198019802 0.001152073732718894 0.0019801980198019802
0 0.2955069124423963 0.901980198019802 0.001152073732718894 0.0019801980198019802
0 0.298963133640553 0.900990099009901 0.001152073732718894 0.0039603960396039604
0 0.2880184331797235 0.899009900990099 0.004608294930875576 0.007920792079207921
0 0.2926267281105991 0.897029702970297 0.0069124423963133645 0.011881188118811881
0 0.22407834101382487 0.8861386138613861 0.001152073732718894 0.0019801980198019802
0 0.20449308755760368 0.8841584158415842 0.001152073732718894 0.0019801980198019802
0 0.2868663594470046 0.8732673267326733 0.002304147465437788 0.0039603960396039604
0 0.1480414746543779 0.8693069306930693 0.001152073732718894 0.0039603960396039604
0 0.1480414746543779 0.8603960396039604 0.001152073732718894 0.0019801980198019802
0 0.31394009216589863 0.8574257425742574 0.001152073732718894 0.0039603960396039604
0 0.18490783410138248 0.8544554455445544 0.001152073732718894 0.0019801980198019802
0 0.17453917050691245 0.8544554455445544 0.001152073732718894 0.0019801980198019802
0 0.14228110599078342 0.8544554455445544 0.001152073732718894 0.0019801980198019802
0 0.1716589861751152 0.8534653465346534 0.002304147465437788 0.0039603960396039604
0 0.13940092165898618 0.8524752475247525 0.002304147465437788 0.0019801980198019802
0 0.22926267281105991 0.8514851485148515 0.002304147465437788 0.0039603960396039604
0 0.17453917050691245 0.8504950495049505 0.001152073732718894 0.0019801980198019802
0 0.6342165898617511 0.8425742574257425 0.001152073732718894 0.0019801980198019802
0 0.34735023041474655 0.8405940594059406 0.001152073732718894 0.0019801980198019802
0 0.33410138248847926 0.8435643564356435 0.004608294930875576 0.007920792079207921
0 0.10944700460829493 0.8376237623762376 0.002304147465437788 0.0039603960396039604
0 0.6347926267281107 0.8366336633663366 0.002304147465437788 0.005940594059405941
0 0.35080645161290325 0.8306930693069307 0.001152073732718894 0.0019801980198019802
0 0.6330645161290323 0.8316831683168316 0.0034562211981566822 0.007920792079207921
0 0.6353686635944701 0.8267326732673267 0.001152073732718894 0.0019801980198019802
0 0.10368663594470046 0.8207920792079207 0.002304147465437788 0.0019801980198019802
0 0.21947004608294932 0.8188118811881188 0.0034562211981566822 0.005940594059405941
0 0.6261520737327189 0.808910891089109 0.001152073732718894 0.0019801980198019802
0 0.2574884792626728 0.804950495049505 0.001152073732718894 0.0019801980198019802
0 0.2528801843317972 0.805940594059406 0.00576036866359447 0.0039603960396039604
0 0.09274193548387097 0.804950495049505 0.001152073732718894 0.0019801980198019802
0 0.2586405529953917 0.800990099009901 0.001152073732718894 0.0019801980198019802
0 0.2534562211981567 0.8 0.002304147465437788 0.0039603960396039604
0 0.21140552995391704 0.799009900990099 0.001152073732718894 0.0019801980198019802
0 0.09504608294930876 0.8 0.0034562211981566822 0.007920792079207921
0 0.2563364055299539 0.7980198019801981 0.0034562211981566822 0.007920792079207921
0 0.28513824884792627 0.7930693069306931 0.001152073732718894 0.0019801980198019802
0 0.097926267281106 0.7920792079207921 0.002304147465437788 0.007920792079207921
0 0.28513824884792627 0.7881188118811882 0.001152073732718894 0.0039603960396039604
0 0.09331797235023041 0.7920792079207921 0.002304147465437788 0.011881188118811881
0 0.36347926267281105 0.7811881188118812 0.001152073732718894 0.0019801980198019802
0 0.09504608294930876 0.7841584158415842 0.0034562211981566822 0.007920792079207921
0 0.09274193548387097 0.7792079207920792 0.001152073732718894 0.0019801980198019802
0 0.625 0.7772277227722773 0.001152073732718894 0.0019801980198019802
0 0.3640552995391705 0.7772277227722773 0.002304147465437788 0.0019801980198019802
0 0.36059907834101385 0.7801980198019802 0.002304147465437788 0.007920792079207921
0 0.3692396313364055 0.7653465346534654 0.001152073732718894 0.0019801980198019802
0 0.6163594470046083 0.7643564356435644 0.002304147465437788 0.007920792079207921
0 0.6123271889400922 0.7613861386138614 0.001152073732718894 0.0019801980198019802
0 0.29377880184331795 0.7584158415841584 0.002304147465437788 0.0039603960396039604
0 0.29435483870967744 0.7306930693069307 0.001152073732718894 0.0039603960396039604
0 0.6065668202764977 0.7277227722772277 0.001152073732718894 0.0019801980198019802
0 0.08352534562211981 0.7277227722772277 0.001152073732718894 0.0019801980198019802
0 0.0956221198156682 0.7227722772277227 0.002304147465437788 0.0039603960396039604
0 0.6071428571428571 0.7158415841584158 0.002304147465437788 0.0019801980198019802
0 0.07661290322580645 0.7099009900990099 0.0034562211981566822 0.005940594059405941
0 0.0748847926267281 0.7049504950495049 0.002304147465437788 0.0039603960396039604
0 0.29435483870967744 0.692079207920792 0.001152073732718894 0.0019801980198019802
0 0.06682027649769585 0.693069306930693 0.004608294930875576 0.007920792079207921
0 0.6071428571428571 0.6841584158415842 0.002304147465437788 0.0019801980198019802
0 0.30702764976958524 0.6801980198019802 0.001152073732718894 0.0019801980198019802
0 0.298963133640553 0.6801980198019802 0.001152073732718894 0.0019801980198019802
0 0.8254608294930875 0.6782178217821783 0.001152073732718894 0.0019801980198019802
0 0.6157834101382489 0.6792079207920793 0.0034562211981566822 0.0039603960396039604
0 0.06624423963133641 0.6782178217821783 0.001152073732718894 0.0019801980198019802
0 0.8600230414746544 0.6643564356435644 0.001152073732718894 0.0019801980198019802
0 0.33294930875576034 0.6633663366336634 0.002304147465437788 0.0039603960396039604
0 0.8640552995391705 0.6623762376237624 0.004608294930875576 0.005940594059405941
0 0.33122119815668205 0.6603960396039604 0.001152073732718894 0.0019801980198019802
0 0.0576036866359447 0.6613861386138614 0.004608294930875576 0.007920792079207921
0 0.820852534562212 0.6564356435643565 0.001152073732718894 0.0019801980198019802
0 0.820852534562212 0.6524752475247525 0.001152073732718894 0.0019801980198019802
0 0.8738479262672811 0.6445544554455446 0.001152073732718894 0.0019801980198019802
0 0.6152073732718893 0.6495049504950495 0.004608294930875576 0.015841584158415842
0 0.6169354838709677 0.6207920792079208 0.001152073732718894 0.0019801980198019802
0 0.8744239631336406 0.6198019801980198 0.002304147465437788 0.0039603960396039604
0 0.04089861751152074 0.6168316831683168 0.001152073732718894 0.0019801980198019802
0 0.036290322580645164 0.6158415841584158 0.00576036866359447 0.0039603960396039604
0 0.03110599078341014 0.6158415841584158 0.002304147465437788 0.0039603960396039604
0 0.0293778801843318 0.6128712871287129 0.0034562211981566822 0.005940594059405941
0 0.8214285714285714 0.6089108910891089 0.002304147465437788 0.0019801980198019802
0 0.6261520737327189 0.6049504950495049 0.001152073732718894 0.0019801980198019802
0 0.820852534562212 0.600990099009901 0.001152073732718894 0.0019801980198019802
0 0.019009216589861752 0.600990099009901 0.001152073732718894 0.0019801980198019802
0 0.01555299539170507 0.600990099009901 0.001152073732718894 0.0019801980198019802
0 0.01152073732718894 0.599009900990099 0.004608294930875576 0.005940594059405941
0 0.6255760368663594 0.597029702970297 0.002304147465437788 0.009900990099009901
0 0.8680875576036866 0.5891089108910891 0.001152073732718894 0.0019801980198019802
0 0.8387096774193549 0.5861386138613861 0.002304147465437788 0.0039603960396039604
0 0.8352534562211982 0.5861386138613861 0.002304147465437788 0.0039603960396039604
0 0.7851382488479263 0.5851485148514851 0.001152073732718894 0.0019801980198019802
0 0.009792626728110598 0.5851485148514851 0.001152073732718894 0.0019801980198019802
0 0.7995391705069125 0.5821782178217821 0.004608294930875576 0.007920792079207921
0 0.788594470046083 0.5821782178217821 0.00576036866359447 0.007920792079207921
0 0.8629032258064516 0.5782178217821782 0.002304147465437788 0.0039603960396039604
0 0.7880184331797235 0.5772277227722772 0.002304147465437788 0.0019801980198019802
0 0.7949308755760369 0.5801980198019802 0.0069124423963133645 0.011881188118811881
0 0.009792626728110598 0.5752475247524752 0.001152073732718894 0.0019801980198019802
0 0.8755760368663594 0.5722772277227722 0.004608294930875576 0.0039603960396039604
0 0.8116359447004609 0.5693069306930693 0.001152073732718894 0.0019801980198019802
0 0.8139400921658986 0.5683168316831683 0.001152073732718894 0.0039603960396039604
0 0.7747695852534562 0.5613861386138614 0.001152073732718894 0.0019801980198019802
0 0.6244239631336406 0.5584158415841585 0.004608294930875576 0.007920792079207921
0 0.000576036866359447 0.5435643564356436 0.001152073732718894 0.0019801980198019802
0 0.002880184331797235 0.5396039603960396 0.001152073732718894 0.0019801980198019802
0 0.000576036866359447 0.5396039603960396 0.001152073732718894 0.0019801980198019802
0 0.7695852534562212 0.5386138613861386 0.002304147465437788 0.0039603960396039604
0 0.7672811059907834 0.5455445544554456 0.004608294930875576 0.01782178217821782
0 0.7667050691244239 0.5336633663366337 0.001152073732718894 0.0019801980198019802
0 0.7690092165898618 0.5316831683168317 0.001152073732718894 0.0019801980198019802
0 0.7672811059907834 0.5267326732673268 0.004608294930875576 0.007920792079207921
0 0.012096774193548387 0.5198019801980198 0.001152073732718894 0.0019801980198019802
0 0.010944700460829493 0.5158415841584159 0.0034562211981566822 0.0019801980198019802
0 0.652073732718894 0.5148514851485149 0.004608294930875576 0.015841584158415842
0 0.010368663594470046 0.5099009900990099 0.002304147465437788 0.005940594059405941
0 0.8819124423963134 0.505940594059406 0.001152073732718894 0.0019801980198019802
0 0.9009216589861752 0.502970297029703 0.004608294930875576 0.007920792079207921
0 0.7845622119815668 0.498019801980198 0.002304147465437788 0.0019801980198019802
0 0.6538018433179723 0.49603960396039604 0.001152073732718894 0.0019801980198019802
0 0.6555299539170507 0.4891089108910891 0.002304147465437788 0.0039603960396039604
0 0.7874423963133641 0.48217821782178216 0.001152073732718894 0.0019801980198019802
0 0.7851382488479263 0.4801980198019802 0.001152073732718894 0.0019801980198019802
0 0.009792626728110598 0.4782178217821782 0.001152073732718894 0.0019801980198019802
0 0.8358294930875576 0.4772277227722772 0.0034562211981566822 0.0039603960396039604
0 0.7857142857142857 0.47326732673267324 0.004608294930875576 0.007920792079207921
0 0.01152073732718894 0.47326732673267324 0.004608294930875576 0.007920792079207921
0 0.6618663594470046 0.4623762376237624 0.001152073732718894 0.0019801980198019802
0 0.8669354838709677 0.4603960396039604 0.001152073732718894 0.0019801980198019802
0 0.8594470046082949 0.4633663366336634 0.004608294930875576 0.007920792079207921
0 0.7857142857142857 0.4633663366336634 0.004608294930875576 0.007920792079207921
0 0.01152073732718894 0.4633663366336634 0.004608294930875576 0.007920792079207921
0 0.19930875576036866 0.45742574257425744 0.002304147465437788 0.0039603960396039604
0 0.9009216589861752 0.4603960396039604 0.004608294930875576 0.013861386138613862
0 0.8116359447004609 0.45445544554455447 0.001152073732718894 0.0019801980198019802
0 0.6699308755760369 0.45643564356435645 0.00576036866359447 0.005940594059405941
0 0.019009216589861752 0.4524752475247525 0.001152073732718894 0.0019801980198019802
0 0.19642857142857142 0.4514851485148515 0.0034562211981566822 0.007920792079207921
0 0.8922811059907834 0.44653465346534654 0.001152073732718894 0.0019801980198019802
0 0.9009216589861752 0.44752475247524753 0.004608294930875576 0.007920792079207921
0 0.8957373271889401 0.4495049504950495 0.008064516129032258 0.011881188118811881
0 0.886520737327189 0.44455445544554456 0.001152073732718894 0.0019801980198019802
0 0.8836405529953917 0.44554455445544555 0.002304147465437788 0.0039603960396039604
0 0.1837557603686636 0.43465346534653465 0.001152073732718894 0.0019801980198019802
0 0.18087557603686635 0.43564356435643564 0.002304147465437788 0.0039603960396039604
0 0.8214285714285714 0.4297029702970297 0.002304147465437788 0.0039603960396039604
0 0.836405529953917 0.5702970297029702 0.1336405529953917 0.2851485148514851
0 0.8133640552995391 0.43564356435643564 0.004608294930875576 0.015841584158415842
0 0.24596774193548387 0.4287128712871287 0.001152073732718894 0.0019801980198019802
0 0.22407834101382487 0.4287128712871287 0.001152073732718894 0.0019801980198019802
0 0.2217741935483871 0.4297029702970297 0.001152073732718894 0.0039603960396039604
0 0.18087557603686635 0.4306930693069307 0.004608294930875576 0.005940594059405941
0 0.17799539170506912 0.4287128712871287 0.001152073732718894 0.0019801980198019802
0 0.026497695852534562 0.4297029702970297 0.002304147465437788 0.0039603960396039604
0 0.24942396313364054 0.4207920792079208 0.001152073732718894 0.0019801980198019802
0 0.17453917050691245 0.41287128712871285 0.001152073732718894 0.0019801980198019802
0 0.028225806451612902 0.41287128712871285 0.001152073732718894 0.0019801980198019802
0 0.6826036866359447 0.41089108910891087 0.001152073732718894 0.0019801980198019802
0 0.25 0.4089108910891089 0.002304147465437788 0.005940594059405941
0 0.16186635944700462 0.402970297029703 0.001152073732718894 0.0019801980198019802
0 0.03744239631336405 0.402970297029703 0.001152073732718894 0.0019801980198019802
0 0.16532258064516128 0.400990099009901 0.001152073732718894 0.0019801980198019802
0 0.16532258064516128 0.39702970297029705 0.001152073732718894 0.0019801980198019802
0 0.16186635944700462 0.39801980198019804 0.0034562211981566822 0.0039603960396039604
0 0.041474654377880185 0.39801980198019804 0.002304147465437788 0.0039603960396039604
0 0.03744239631336405 0.39702970297029705 0.001152073732718894 0.0019801980198019802
0 0.19988479262672812 0.39504950495049507 0.001152073732718894 0.0019801980198019802
0 0.04665898617511521 0.3910891089108911 0.001152073732718894 0.0019801980198019802
0 0.1445852534562212 0.3900990099009901 0.0034562211981566822 0.0039603960396039604
0 0.14688940092165897 0.38712871287128714 0.001152073732718894 0.0019801980198019802
0 0.14631336405529954 0.3821782178217822 0.002304147465437788 0.0039603960396039604
0 0.14688940092165897 0.37722772277227723 0.001152073732718894 0.0019801980198019802
0 0.04838709677419355 0.3683168316831683 0.004608294930875576 0.007920792079207921
0 0.22811059907834103 0.3603960396039604 0.004608294930875576 0.007920792079207921
0 0.22292626728110598 0.3584158415841584 0.008064516129032258 0.011881188118811881
0 0.2436635944700461 0.3475247524752475 0.001152073732718894 0.0019801980198019802
0 0.15495391705069125 0.3455445544554455 0.0034562211981566822 0.005940594059405941
0 0.23963133640552994 0.3435643564356436 0.009216589861751152 0.009900990099009901
0 0.06682027649769585 0.33663366336633666 0.004608294930875576 0.007920792079207921
0 0.16532258064516128 0.3316831683168317 0.001152073732718894 0.0019801980198019802
0 0.17223502304147464 0.3297029702970297 0.00576036866359447 0.005940594059405941
0 0.08352534562211981 0.32574257425742575 0.001152073732718894 0.0019801980198019802
0 0.6998847926267281 0.32475247524752476 0.001152073732718894 0.0039603960396039604
0 0.6998847926267281 0.3198019801980198 0.001152073732718894 0.0019801980198019802
0 0.6595622119815668 0.3178217821782178 0.001152073732718894 0.0019801980198019802
0 0.0869815668202765 0.3178217821782178 0.001152073732718894 0.0019801980198019802
0 0.08525345622119816 0.3207920792079208 0.004608294930875576 0.007920792079207921
0 0.16359447004608296 0.3089108910891089 0.002304147465437788 0.0039603960396039604
0 0.17453917050691245 0.30198019801980197 0.001152073732718894 0.0019801980198019802
0 0.1641705069124424 0.30297029702970296 0.001152073732718894 0.0039603960396039604
0 0.12442396313364056 0.30198019801980197 0.002304147465437788 0.0019801980198019802
0 0.09907834101382489 0.3069306930693069 0.0069124423963133645 0.011881188118811881
0 0.0944700460829493 0.30495049504950494 0.004608294930875576 0.007920792079207921
0 0.15495391705069125 0.2861386138613861 0.001152073732718894 0.0019801980198019802
0 0.15149769585253456 0.2871287128712871 0.001152073732718894 0.0039603960396039604
0 0.14055299539170507 0.2891089108910891 0.004608294930875576 0.007920792079207921
0 0.663594470046083 0.28415841584158413 0.002304147465437788 0.0019801980198019802
0 0.1630184331797235 0.28415841584158413 0.001152073732718894 0.0019801980198019802
0 0.6664746543778802 0.28316831683168314 0.001152073732718894 0.0039603960396039604
0 0.690668202764977 0.25643564356435644 0.001152073732718894 0.0019801980198019802
0 0.1641705069124424 0.2386138613861386 0.001152073732718894 0.0019801980198019802
0 0.6998847926267281 0.23465346534653464 0.001152073732718894 0.0019801980198019802
0 0.6970046082949308 0.2316831683168317 0.0069124423963133645 0.011881188118811881
0 0.17338709677419356 0.22277227722772278 0.001152073732718894 0.0019801980198019802
0 0.1693548387096774 0.22871287128712872 0.0069124423963133645 0.013861386138613862
0 0.18490783410138248 0.21683168316831683 0.001152073732718894 0.0019801980198019802
0 0.3542626728110599 0.21287128712871287 0.001152073732718894 0.0019801980198019802
0 0.3220046082949309 0.21287128712871287 0.001152073732718894 0.0019801980198019802
0 0.3323732718894009 0.2089108910891089 0.001152073732718894 0.0019801980198019802
0 0.3220046082949309 0.2089108910891089 0.001152073732718894 0.0019801980198019802
0 0.38652073732718895 0.1891089108910891 0.001152073732718894 0.0019801980198019802
0 0.6330645161290323 0.17722772277227722 0.001152073732718894 0.0019801980198019802
0 0.39746543778801846 0.17722772277227722 0.002304147465437788 0.0019801980198019802
0 0.4861751152073733 0.1792079207920792 0.004608294930875576 0.009900990099009901
0 0.4763824884792627 0.17524752475247524 0.001152073732718894 0.0019801980198019802
0 0.46601382488479265 0.17623762376237623 0.0034562211981566822 0.0039603960396039604
0 0.4596774193548387 0.17227722772277226 0.002304147465437788 0.007920792079207921
0 0.45794930875576034 0.16633663366336635 0.0034562211981566822 0.007920792079207921
0 0.42338709677419356 0.16336633663366337 0.001152073732718894 0.0019801980198019802
0 0.4602534562211982 0.1613861386138614 0.001152073732718894 0.0019801980198019802
0 0.5789170506912442 0.1594059405940594 0.001152073732718894 0.0019801980198019802
0 0.41935483870967744 0.16237623762376238 0.0069124423963133645 0.007920792079207921
0 0.3847926267281106 0.16237623762376238 0.004608294930875576 0.007920792079207921
0 0.19642857142857142 0.1594059405940594 0.001152073732718894 0.0019801980198019802
0 0.19412442396313365 0.1603960396039604 0.001152073732718894 0.0039603960396039604
0 0.652073732718894 0.14356435643564355 0.002304147465437788 0.0019801980198019802
0 0.646889400921659 0.14356435643564355 0.001152073732718894 0.0019801980198019802
0 0.5167050691244239 0.14455445544554454 0.001152073732718894 0.0039603960396039604
0 0.26900921658986177 0.14455445544554454 0.001152073732718894 0.0039603960396039604
0 0.20910138248847926 0.14356435643564355 0.001152073732718894 0.0019801980198019802
0 0.20506912442396313 0.14554455445544554 0.004608294930875576 0.005940594059405941
0 0.7067972350230415 0.14554455445544554 0.00576036866359447 0.009900990099009901
0 0.6733870967741935 0.14158415841584157 0.001152073732718894 0.0019801980198019802
0 0.7079493087557603 0.13762376237623763 0.001152073732718894 0.0019801980198019802
0 0.6169354838709677 0.13762376237623763 0.001152073732718894 0.0019801980198019802
0 0.7056451612903226 0.13564356435643565 0.001152073732718894 0.0019801980198019802
0 0.347926267281106 0.13861386138613863 0.004608294930875576 0.007920792079207921
0 0.5478110599078341 0.13366336633663367 0.001152073732718894 0.0019801980198019802
0 0.34619815668202764 0.13366336633663367 0.001152073732718894 0.0019801980198019802
0 0.5443548387096774 0.1316831683168317 0.001152073732718894 0.0019801980198019802
0 0.3485023041474654 0.1316831683168317 0.001152073732718894 0.0019801980198019802
0 0.6169354838709677 0.1297029702970297 0.001152073732718894 0.0019801980198019802
0 0.7073732718894009 0.1306930693069307 0.004608294930875576 0.007920792079207921
0 0.6745391705069125 0.12871287128712872 0.0034562211981566822 0.0039603960396039604
0 0.570852534562212 0.12772277227722773 0.001152073732718894 0.0019801980198019802
0 0.5478110599078341 0.12871287128712872 0.0034562211981566822 0.0039603960396039604
0 0.5443548387096774 0.12772277227722773 0.001152073732718894 0.0019801980198019802
0 0.34619815668202764 0.12772277227722773 0.001152073732718894 0.0019801980198019802
0 0.22350230414746544 0.12871287128712872 0.004608294930875576 0.0039603960396039604
0 0.21831797235023043 0.12772277227722773 0.001152073732718894 0.0019801980198019802
0 0.21428571428571427 0.1297029702970297 0.004608294930875576 0.005940594059405941
0 0.4210829493087558 0.12574257425742574 0.001152073732718894 0.0019801980198019802
0 0.4084101382488479 0.12574257425742574 0.001152073732718894 0.0019801980198019802
0 0.3577188940092166 0.12574257425742574 0.001152073732718894 0.0019801980198019802
0 0.42338709677419356 0.12475247524752475 0.001152073732718894 0.0039603960396039604
0 0.40610599078341014 0.12475247524752475 0.001152073732718894 0.0039603960396039604
0 0.277073732718894 0.1198019801980198 0.001152073732718894 0.0019801980198019802
0 0.6923963133640553 0.11287128712871287 0.002304147465437788 0.0039603960396039604
0 0.3888248847926267 0.1099009900990099 0.001152073732718894 0.0019801980198019802
0 0.3680875576036866 0.1099009900990099 0.001152073732718894 0.0019801980198019802
0 0.36578341013824883 0.1099009900990099 0.001152073732718894 0.0019801980198019802
0 0.4377880184331797 0.10792079207920792 0.002304147465437788 0.0019801980198019802
0 0.440668202764977 0.10594059405940594 0.001152073732718894 0.0019801980198019802
0 0.42338709677419356 0.10594059405940594 0.001152073732718894 0.0019801980198019802
0 0.43836405529953915 0.10396039603960396 0.001152073732718894 0.0019801980198019802
0 0.3675115207373272 0.10495049504950495 0.002304147465437788 0.0039603960396039604
0 0.2799539170506912 0.08118811881188119 0.002304147465437788 0.0039603960396039604
0 0.277073732718894 0.0801980198019802 0.001152073732718894 0.0019801980198019802
0 0.3640552995391705 0.06633663366336634 0.002304147465437788 0.0019801980198019802
0 0.45564516129032256 0.06435643564356436 0.001152073732718894 0.0019801980198019802
0 0.3611751152073733 0.06633663366336634 0.001152073732718894 0.005940594059405941
0 0.44873271889400923 0.0504950495049505 0.001152073732718894 0.0019801980198019802
0 0.34965437788018433 0.048514851485148516 0.001152073732718894 0.0019801980198019802
0 0.4326036866359447 0.03861386138613861 0.001152073732718894 0.0019801980198019802
0 0.4049539170506912 0.033663366336633666 0.001152073732718894 0.0039603960396039604
0 0.40264976958525345 0.032673267326732675 0.001152073732718894 0.0019801980198019802
0 0.3888248847926267 0.032673267326732675 0.001152073732718894 0.0019801980198019802
0 0.37327188940092165 0.034653465346534656 0.002304147465437788 0.005940594059405941
0 0.36981566820276496 0.034653465346534656 0.002304147465437788 0.005940594059405941
0 0.32315668202764974 0.032673267326732675 0.001152073732718894 0.0019801980198019802
0 0.32085253456221197 0.032673267326732675 0.001152073732718894 0.0019801980198019802
0 0.3150921658986175 0.032673267326732675 0.001152073732718894 0.0019801980198019802
0 0.3548387096774194 0.5069306930693069 0.7096774193548387 0.9504950495049505
0 0.3064516129032258 0.03564356435643564 0.004608294930875576 0.007920792079207921
