0 0.2784090909090909 0.9816414686825053 0.0016233766233766235 0.0021598272138228943
0 0.27516233766233766 0.9816414686825053 0.0016233766233766235 0.0021598272138228943
0 0.5722402597402597 0.9665226781857451 0.0016233766233766235 0.0021598272138228943
0 0.3319805194805195 0.9665226781857451 0.0016233766233766235 0.0021598272138228943
0 0.3222402597402597 0.9665226781857451 0.0016233766233766235 0.0021598272138228943
0 0.6112012987012987 0.9654427645788337 0.0016233766233766235 0.004319654427645789
0 0.577922077922078 0.9654427645788337 0.003246753246753247 0.004319654427645789
0 0.34983766233766234 0.9643628509719222 0.0016233766233766235 0.0021598272138228943
0 0.5746753246753247 0.9622030237580994 0.003246753246753247 0.0021598272138228943
0 0.32061688311688313 0.9622030237580994 0.0016233766233766235 0.0021598272138228943
0 0.6331168831168831 0.9632829373650108 0.006493506493506494 0.008639308855291577
0 0.34983766233766234 0.9600431965442765 0.0016233766233766235 0.0021598272138228943
0 0.5722402597402597 0.9578833693304536 0.0016233766233766235 0.0021598272138228943
0 0.2556818181818182 0.9514038876889849 0.00487012987012987 0.0021598272138228943
0 0.564935064935065 0.949244060475162 0.003246753246753247 0.0021598272138228943
0 0.5008116883116883 0.9481641468682506 0.008116883116883116 0.004319654427645789
0 0.4943181818181818 0.9470842332613391 0.0016233766233766235 0.0021598272138228943
0 0.34983766233766234 0.9470842332613391 0.0016233766233766235 0.0021598272138228943
0 0.3482142857142857 0.9427645788336934 0.0016233766233766235 0.0021598272138228943
0 0.5 0.9416846652267818 0.003246753246753247 0.004319654427645789
0 0.3482142857142857 0.9384449244060475 0.0016233766233766235 0.0021598272138228943
0 0.49594155844155846 0.9395248380129589 0.00487012987012987 0.008639308855291577
0 0.3482142857142857 0.9341252699784017 0.0016233766233766235 0.0021598272138228943
0 0.3449675324675325 0.9341252699784017 0.0016233766233766235 0.0021598272138228943
0 0.5560064935064936 0.9319654427645788 0.0016233766233766235 0.0021598272138228943
0 0.07711038961038962 0.9319654427645788 0.0016233766233766235 0.0021598272138228943
0 0.030032467532467532 0.9319654427645788 0.0016233766233766235 0.0021598272138228943
0 0.5511363636363636 0.9308855291576674 0.0016233766233766235 0.004319654427645789
0 0.10633116883116883 0.9308855291576674 0.0016233766233766235 0.004319654427645789
0 0.040584415584415584 0.9308855291576674 0.003246753246753247 0.004319654427645789
0 0.026785714285714284 0.9308855291576674 0.0016233766233766235 0.004319654427645789
0 0.06493506493506493 0.9287257019438445 0.00974025974025974 0.008639308855291577
0 0.6737012987012987 0.9265658747300216 0.003246753246753247 0.008639308855291577
0 0.26055194805194803 0.9233261339092873 0.0016233766233766235 0.0021598272138228943
0 0.26136363636363635 0.91792656587473 0.003246753246753247 0.004319654427645789
0 0.577922077922078 0.9071274298056156 0.003246753246753247 0.004319654427645789
0 0.28733766233766234 0.906047516198704 0.003246753246753247 0.0021598272138228943
0 0.6875 0.9038876889848813 0.0016233766233766235 0.0021598272138228943
0 0.33685064935064934 0.9028077753779697 0.0016233766233766235 0.004319654427645789
0 0.5868506493506493 0.8995680345572354 0.0016233766233766235 0.0021598272138228943
0 0.5787337662337663 0.9006479481641468 0.008116883116883116 0.004319654427645789
0 0.4943181818181818 0.8995680345572354 0.0016233766233766235 0.0021598272138228943
0 0.7053571428571429 0.8974082073434125 0.0016233766233766235 0.0021598272138228943
0 0.6956168831168831 0.8974082073434125 0.0016233766233766235 0.0021598272138228943
0 0.4943181818181818 0.8952483801295896 0.0016233766233766235 0.0021598272138228943
0 0.15503246753246752 0.8952483801295896 0.0016233766233766235 0.0021598272138228943
0 0.7118506493506493 0.8952483801295896 0.00487012987012987 0.0064794816414686825
0 0.286525974025974 0.8930885529157667 0.0016233766233766235 0.0021598272138228943
0 0.5576298701298701 0.8920086393088553 0.0016233766233766235 0.004319654427645789
0 0.49594155844155846 0.8909287257019438 0.0016233766233766235 0.0021598272138228943
0 0.33685064935064934 0.8909287257019438 0.0016233766233766235 0.0021598272138228943
0 0.3327922077922078 0.8898488120950324 0.003246753246753247 0.004319654427645789
0 0.5551948051948052 0.8887688984881209 0.003246753246753247 0.0064794816414686825
0 0.49594155844155846 0.8866090712742981 0.0016233766233766235 0.0021598272138228943
0 0.15178571428571427 0.8898488120950324 0.00487012987012987 0.008639308855291577
0 0.612012987012987 0.8822894168466523 0.003246753246753247 0.0021598272138228943
0 0.6006493506493507 0.8855291576673866 0.006493506493506494 0.008639308855291577
0 0.14772727272727273 0.8833693304535637 0.003246753246753247 0.004319654427645789
0 0.726461038961039 0.8801295896328294 0.0016233766233766235 0.0021598272138228943
0 0.2832792207792208 0.8801295896328294 0.0016233766233766235 0.0021598272138228943
0 0.7564935064935064 0.8768898488120951 0.006493506493506494 0.008639308855291577
0 0.775974025974026 0.8758099352051836 0.006493506493506494 0.01079913606911447
0 0.7215909090909091 0.8693304535637149 0.0016233766233766235 0.0021598272138228943
0 0.2775974025974026 0.8736501079913607 0.00974025974025974 0.01511879049676026
0 0.627435064935065 0.8650107991360692 0.0016233766233766235 0.0021598272138228943
0 0.6241883116883117 0.8660907127429806 0.0016233766233766235 0.004319654427645789
0 0.1452922077922078 0.8660907127429806 0.0016233766233766235 0.004319654427645789
0 0.07873376623376624 0.8682505399568035 0.0016233766233766235 0.008639308855291577
0 0.06412337662337662 0.8650107991360692 0.0016233766233766235 0.0021598272138228943
0 0.724025974025974 0.8693304535637149 0.006493506493506494 0.01511879049676026
0 0.0008116883116883117 0.8639308855291576 0.0016233766233766235 0.004319654427645789
0 0.14204545454545456 0.8617710583153347 0.0016233766233766235 0.004319654427645789
0 0.48214285714285715 0.8606911447084233 0.003246753246753247 0.0064794816414686825
0 0.273538961038961 0.8585313174946004 0.0016233766233766235 0.0021598272138228943
0 0.4667207792207792 0.8455723542116631 0.0016233766233766235 0.0021598272138228943
0 0.463474025974026 0.8455723542116631 0.0016233766233766235 0.0021598272138228943
0 0.4537337662337662 0.8455723542116631 0.0016233766233766235 0.0021598272138228943
0 0.1680194805194805 0.8434125269978402 0.0016233766233766235 0.0021598272138228943
0 0.44805194805194803 0.8423326133909287 0.006493506493506494 0.008639308855291577
0 0.44237012987012986 0.8423326133909287 0.0016233766233766235 0.008639308855291577
0 0.0016233766233766235 0.8336933045356372 0.003246753246753247 0.008639308855291577
0 0.26704545454545453 0.82829373650108 0.0016233766233766235 0.0021598272138228943
0 0.21022727272727273 0.8272138228941684 0.00487012987012987 0.004319654427645789
0 0.23782467532467533 0.8250539956803455 0.011363636363636364 0.008639308855291577
0 0.07873376623376624 0.8196544276457883 0.0016233766233766235 0.0021598272138228943
0 0.8173701298701299 0.8174946004319654 0.0016233766233766235 0.0021598272138228943
0 0.8157467532467533 0.8228941684665226 0.00487012987012987 0.012958963282937365
0 0.20941558441558442 0.8196544276457883 0.003246753246753247 0.0064794816414686825
0 0.05113636363636364 0.8174946004319654 0.0016233766233766235 0.0021598272138228943
0 0.01461038961038961 0.8174946004319654 0.003246753246753247 0.0064794816414686825
0 0.8141233766233766 0.8131749460043196 0.0016233766233766235 0.0021598272138228943
0 0.8181818181818182 0.8110151187904968 0.003246753246753247 0.0021598272138228943
0 0.8425324675324676 0.8099352051835853 0.003246753246753247 0.004319654427645789
0 0.8368506493506493 0.8099352051835853 0.00487012987012987 0.004319654427645789
0 0.7126623376623377 0.8088552915766739 0.003246753246753247 0.0021598272138228943
0 0.838474025974026 0.806695464362851 0.0016233766233766235 0.0021598272138228943
0 0.5836038961038961 0.806695464362851 0.0016233766233766235 0.0021598272138228943
0 0.3222402597402597 0.796976241900648 0.00487012987012987 0.004319654427645789
0 0.3125 0.796976241900648 0.00487012987012987 0.004319654427645789
0 0.8741883116883117 0.7937365010799136 0.0016233766233766235 0.0021598272138228943
0 0.8798701298701299 0.7915766738660908 0.006493506493506494 0.0064794816414686825
0 0.06574675324675325 0.7894168466522679 0.0016233766233766235 0.0021598272138228943
0 0.7800324675324676 0.787257019438445 0.0016233766233766235 0.0021598272138228943
0 0.762987012987013 0.7904967602591793 0.006493506493506494 0.008639308855291577
0 0.760551948051948 0.785097192224622 0.0016233766233766235 0.0021598272138228943
0 0.7637987012987013 0.7829373650107991 0.0016233766233766235 0.0021598272138228943
0 0.6810064935064936 0.7829373650107991 0.0016233766233766235 0.0021598272138228943
0 0.4569805194805195 0.7807775377969762 0.0016233766233766235 0.0021598272138228943
0 0.8782467532467533 0.7840172786177105 0.00974025974025974 0.012958963282937365
0 0.7873376623376623 0.7796976241900648 0.003246753246753247 0.004319654427645789
0 0.7832792207792207 0.7786177105831533 0.0016233766233766235 0.0021598272138228943
0 0.7800324675324676 0.7786177105831533 0.0016233766233766235 0.0021598272138228943
0 0.6810064935064936 0.7786177105831533 0.0016233766233766235 0.0021598272138228943
0 0.056006493506493504 0.7764578833693304 0.0016233766233766235 0.0021598272138228943
0 0.8068181818181818 0.7742980561555075 0.003246753246753247 0.0021598272138228943
0 0.29788961038961037 0.7742980561555075 0.0016233766233766235 0.0021598272138228943
0 0.573051948051948 0.7732181425485961 0.012987012987012988 0.008639308855291577
0 0.8076298701298701 0.7613390928725702 0.0016233766233766235 0.0021598272138228943
0 0.03814935064935065 0.7624190064794817 0.0016233766233766235 0.004319654427645789
0 0.041396103896103896 0.755939524838013 0.00487012987012987 0.004319654427645789
0 0.8579545454545454 0.744060475161987 0.0016233766233766235 0.0021598272138228943
0 0.75 0.7483801295896328 0.006493506493506494 0.01079913606911447
0 0.7305194805194806 0.7473002159827213 0.006493506493506494 0.008639308855291577
0 0.29545454545454547 0.7473002159827213 0.006493506493506494 0.008639308855291577
0 0.23944805194805194 0.744060475161987 0.0016233766233766235 0.0021598272138228943
0 0.9188311688311688 0.7419006479481641 0.003246753246753247 0.0021598272138228943
0 0.03165584415584415 0.7419006479481641 0.0016233766233766235 0.0021598272138228943
0 0.013798701298701298 0.7397408207343412 0.0016233766233766235 0.0021598272138228943
0 0.23295454545454544 0.7365010799136069 0.0016233766233766235 0.004319654427645789
0 0.013798701298701298 0.7354211663066955 0.0016233766233766235 0.0021598272138228943
0 0.575487012987013 0.7267818574514039 0.0016233766233766235 0.0021598272138228943
0 0.03814935064935065 0.7300215982721382 0.00487012987012987 0.008639308855291577
0 0.036525974025974024 0.7267818574514039 0.0016233766233766235 0.0021598272138228943
0 0.002435064935064935 0.7235421166306696 0.00487012987012987 0.004319654427645789
0 0.5706168831168831 0.7116630669546437 0.0016233766233766235 0.0021598272138228943
0 0.5665584415584416 0.7116630669546437 0.003246753246753247 0.0021598272138228943
0 0.5616883116883117 0.7095032397408207 0.003246753246753247 0.0021598272138228943
0 0.0008116883116883117 0.7084233261339092 0.0016233766233766235 0.004319654427645789
0 0.9602272727272727 0.6943844492440605 0.0016233766233766235 0.0021598272138228943
0 0.4650974025974026 0.6900647948164147 0.0016233766233766235 0.0021598272138228943
0 0.43262987012987014 0.6900647948164147 0.0016233766233766235 0.0021598272138228943
0 0.23295454545454544 0.6879049676025918 0.0016233766233766235 0.0021598272138228943
0 0.08441558441558442 0.6879049676025918 0.003246753246753247 0.0064794816414686825
0 0.23133116883116883 0.683585313174946 0.0016233766233766235 0.0021598272138228943
0 0.8709415584415584 0.6792656587473002 0.0016233766233766235 0.0021598272138228943
0 0.23295454545454544 0.6792656587473002 0.0016233766233766235 0.0021598272138228943
0 0.9228896103896104 0.6749460043196545 0.0016233766233766235 0.0021598272138228943
0 0.875 0.6760259179265659 0.003246753246753247 0.004319654427645789
0 0.8709415584415584 0.6749460043196545 0.0016233766233766235 0.0021598272138228943
0 0.002435064935064935 0.6749460043196545 0.0016233766233766235 0.0021598272138228943
0 0.013798701298701298 0.6695464362850972 0.0016233766233766235 0.004319654427645789
0 0.10470779220779221 0.6663066954643628 0.0016233766233766235 0.0021598272138228943
0 0.8936688311688312 0.6652267818574514 0.00487012987012987 0.008639308855291577
0 0.8896103896103896 0.6598272138228942 0.003246753246753247 0.0064794816414686825
0 0.5836038961038961 0.6403887688984882 0.0016233766233766235 0.0021598272138228943
0 0.10470779220779221 0.6403887688984882 0.0016233766233766235 0.0021598272138228943
0 0.10308441558441558 0.6360691144708424 0.0016233766233766235 0.0021598272138228943
0 0.13068181818181818 0.6295896328293736 0.0016233766233766235 0.0021598272138228943
0 0.05925324675324675 0.6274298056155507 0.0016233766233766235 0.0021598272138228943
0 0.041396103896103896 0.6274298056155507 0.0016233766233766235 0.0021598272138228943
0 0.0633116883116883 0.6263498920086393 0.003246753246753247 0.008639308855291577
0 0.05844155844155844 0.6231101511879049 0.003246753246753247 0.0021598272138228943
0 0.11444805194805195 0.6209503239740821 0.0016233766233766235 0.0021598272138228943
0 0.5819805194805194 0.6187904967602592 0.0016233766233766235 0.0021598272138228943
0 0.5836038961038961 0.6133909287257019 0.0016233766233766235 0.004319654427645789
0 0.11525974025974026 0.6112311015118791 0.003246753246753247 0.004319654427645789
0 0.5819805194805194 0.6079913606911447 0.0016233766233766235 0.0021598272138228943
0 0.5771103896103896 0.6058315334773218 0.0016233766233766235 0.0021598272138228943
0 0.5982142857142857 0.6025917926565875 0.0016233766233766235 0.004319654427645789
0 0.5819805194805194 0.6025917926565875 0.00487012987012987 0.004319654427645789
0 0.2150974025974026 0.6015118790496761 0.0016233766233766235 0.0021598272138228943
0 0.9074675324675324 0.5993520518358532 0.003246753246753247 0.0064794816414686825
0 0.8977272727272727 0.5993520518358532 0.003246753246753247 0.0064794816414686825
0 0.6201298701298701 0.6004319654427646 0.006493506493506494 0.008639308855291577
0 0.21753246753246752 0.6015118790496761 0.006493506493506494 0.01079913606911447
0 0.9025974025974026 0.5950323974082073 0.00974025974025974 0.0064794816414686825
0 0.21834415584415584 0.5928725701943844 0.00487012987012987 0.0064794816414686825
0 0.9212662337662337 0.5842332613390929 0.0016233766233766235 0.0021598272138228943
0 0.6176948051948052 0.5842332613390929 0.0016233766233766235 0.0021598272138228943
0 0.39042207792207795 0.5842332613390929 0.0016233766233766235 0.0021598272138228943
0 0.08116883116883117 0.5863930885529157 0.006493506493506494 0.0064794816414686825
0 0.9196428571428571 0.5799136069114471 0.0016233766233766235 0.0021598272138228943
0 0.6201298701298701 0.5863930885529157 0.006493506493506494 0.01511879049676026
0 0.08035714285714286 0.5799136069114471 0.0016233766233766235 0.0021598272138228943
0 0.698051948051948 0.58207343412527 0.006493506493506494 0.01079913606911447
0 0.9212662337662337 0.5755939524838013 0.0016233766233766235 0.0021598272138228943
0 0.8709415584415584 0.5734341252699784 0.0016233766233766235 0.0021598272138228943
0 0.6209415584415584 0.5755939524838013 0.00487012987012987 0.0064794816414686825
0 0.6152597402597403 0.5734341252699784 0.003246753246753247 0.0064794816414686825
0 0.6128246753246753 0.5712742980561555 0.0016233766233766235 0.0021598272138228943
0 0.8733766233766234 0.5691144708423326 0.003246753246753247 0.0021598272138228943
0 0.6631493506493507 0.5701943844492441 0.0016233766233766235 0.004319654427645789
0 0.9180194805194806 0.5691144708423326 0.00487012987012987 0.0064794816414686825
0 0.8709415584415584 0.5647948164146869 0.0016233766233766235 0.0021598272138228943
0 0.711038961038961 0.5658747300215983 0.006493506493506494 0.008639308855291577
0 0.39285714285714285 0.5691144708423326 0.006493506493506494 0.01511879049676026
0 0.872564935064935 0.5604751619870411 0.0016233766233766235 0.0021598272138228943
0 0.7086038961038961 0.5604751619870411 0.0016233766233766235 0.0021598272138228943
0 0.3952922077922078 0.5604751619870411 0.0016233766233766235 0.0021598272138228943
0 0.7118506493506493 0.5583153347732182 0.0016233766233766235 0.0021598272138228943
0 0.39204545454545453 0.5583153347732182 0.0016233766233766235 0.0021598272138228943
0 0.8709415584415584 0.5561555075593952 0.0016233766233766235 0.0021598272138228943
0 0.08035714285714286 0.5550755939524838 0.00487012987012987 0.004319654427645789
0 0.6631493506493507 0.5496760259179265 0.0016233766233766235 0.0021598272138228943
0 0.39285714285714285 0.550755939524838 0.006493506493506494 0.008639308855291577
0 0.6201298701298701 0.5485961123110151 0.006493506493506494 0.008639308855291577
0 0.21996753246753248 0.5388768898488121 0.0016233766233766235 0.0021598272138228943
0 0.9188311688311688 0.5399568034557235 0.006493506493506494 0.008639308855291577
0 0.38392857142857145 0.5345572354211663 0.0016233766233766235 0.0021598272138228943
0 0.08847402597402597 0.5334773218142549 0.0016233766233766235 0.004319654427645789
0 0.752435064935065 0.521598272138229 0.0016233766233766235 0.0021598272138228943
0 0.351461038961039 0.5183585313174947 0.0016233766233766235 0.004319654427645789
0 0.3449675324675325 0.5161987041036717 0.00487012987012987 0.004319654427645789
0 0.3392857142857143 0.5161987041036717 0.003246753246753247 0.004319654427645789
0 0.34334415584415584 0.5129589632829373 0.0016233766233766235 0.0021598272138228943
0 0.9058441558441559 0.5053995680345572 0.006493506493506494 0.008639308855291577
0 0.08847402597402597 0.5032397408207343 0.0016233766233766235 0.004319654427645789
0 0.8368506493506493 0.49892008639308855 0.00487012987012987 0.004319654427645789
0 0.8920454545454546 0.49676025917926564 0.00487012987012987 0.004319654427645789
0 0.338474025974026 0.4956803455723542 0.0016233766233766235 0.0021598272138228943
0 0.8214285714285714 0.49676025917926564 0.006493506493506494 0.008639308855291577
0 0.762987012987013 0.49676025917926564 0.006493506493506494 0.008639308855291577
0 0.622564935064935 0.49136069114470843 0.0016233766233766235 0.0021598272138228943
0 0.6185064935064936 0.4924406047516199 0.003246753246753247 0.004319654427645789
0 0.3400974025974026 0.49136069114470843 0.0016233766233766235 0.0021598272138228943
0 0.7297077922077922 0.4892008639308855 0.0016233766233766235 0.0021598272138228943
0 0.338474025974026 0.4870410367170626 0.0016233766233766235 0.0021598272138228943
0 0.7313311688311688 0.48488120950323976 0.0016233766233766235 0.0021598272138228943
0 0.6185064935064936 0.4870410367170626 0.006493506493506494 0.0064794816414686825
0 0.614448051948052 0.48488120950323976 0.0016233766233766235 0.0021598272138228943
0 0.739448051948052 0.48272138228941686 0.0016233766233766235 0.0021598272138228943
0 0.6371753246753247 0.48056155507559395 0.0016233766233766235 0.0021598272138228943
0 0.6047077922077922 0.48056155507559395 0.0016233766233766235 0.0021598272138228943
0 0.6371753246753247 0.4762419006479482 0.0016233766233766235 0.0021598272138228943
0 0.09172077922077922 0.4762419006479482 0.0016233766233766235 0.0021598272138228943
0 0.6079545454545454 0.4719222462203024 0.00487012987012987 0.0064794816414686825
0 0.3530844155844156 0.4708423326133909 0.00487012987012987 0.004319654427645789
0 0.6022727272727273 0.46976241900647947 0.003246753246753247 0.0064794816414686825
0 0.1875 0.46976241900647947 0.00487012987012987 0.0064794816414686825
0 0.16883116883116883 0.46976241900647947 0.006493506493506494 0.0064794816414686825
0 0.5965909090909091 0.4654427645788337 0.0016233766233766235 0.0021598272138228943
0 0.7621753246753247 0.47516198704103674 0.008116883116883116 0.03023758099352052
0 0.6071428571428571 0.46220302375809935 0.006493506493506494 0.008639308855291577
0 0.5933441558441559 0.4611231101511879 0.00487012987012987 0.0064794816414686825
0 0.351461038961039 0.45680345572354214 0.0016233766233766235 0.0021598272138228943
0 0.601461038961039 0.4611231101511879 0.008116883116883116 0.01511879049676026
0 0.351461038961039 0.4524838012958963 0.0016233766233766235 0.0021598272138228943
0 0.6469155844155844 0.4514038876889849 0.0016233766233766235 0.004319654427645789
0 0.6217532467532467 0.4470842332613391 0.003246753246753247 0.004319654427645789
0 0.09334415584415584 0.4514038876889849 0.00487012987012987 0.012958963282937365
0 0.622564935064935 0.44168466522678185 0.0016233766233766235 0.0021598272138228943
0 0.338474025974026 0.44168466522678185 0.0016233766233766235 0.0021598272138228943
0 0.8709415584415584 0.43952483801295894 0.0016233766233766235 0.0021598272138228943
0 0.13717532467532467 0.4373650107991361 0.0016233766233766235 0.0021598272138228943
0 0.8189935064935064 0.4352051835853132 0.0016233766233766235 0.0021598272138228943
0 0.09334415584415584 0.43844492440604754 0.0016233766233766235 0.008639308855291577
0 0.6988636363636364 0.43628509719222464 0.008116883116883116 0.008639308855291577
0 0.13717532467532467 0.4330453563714903 0.0016233766233766235 0.0021598272138228943
0 0.09740259740259741 0.43628509719222464 0.003246753246753247 0.008639308855291577
0 0.3157467532467532 0.43088552915766737 0.0016233766233766235 0.0021598272138228943
0 0.3125 0.4298056155507559 0.0016233766233766235 0.004319654427645789
0 0.6339285714285714 0.42764578833693306 0.00487012987012987 0.008639308855291577
0 0.7167207792207793 0.4136069114470842 0.0016233766233766235 0.0021598272138228943
0 0.7126623376623377 0.41252699784017277 0.003246753246753247 0.004319654427645789
0 0.635551948051948 0.4114470842332613 0.0016233766233766235 0.0021598272138228943
0 0.3125 0.4114470842332613 0.0016233766233766235 0.0021598272138228943
0 0.17532467532467533 0.41252699784017277 0.006493506493506494 0.004319654427645789
0 0.21022727272727273 0.3963282937365011 0.0016233766233766235 0.0021598272138228943
0 0.125 0.3963282937365011 0.003246753246753247 0.0021598272138228943
0 0.6461038961038961 0.3952483801295896 0.006493506493506494 0.004319654427645789
0 0.23295454545454544 0.3941684665226782 0.0016233766233766235 0.0021598272138228943
0 0.8425324675324676 0.3930885529157667 0.003246753246753247 0.004319654427645789
0 0.7637987012987013 0.39200863930885527 0.0016233766233766235 0.0021598272138228943
0 0.31493506493506496 0.3963282937365011 0.006493506493506494 0.01079913606911447
0 0.6590909090909091 0.3930885529157667 0.006493506493506494 0.008639308855291577
0 0.23295454545454544 0.3898488120950324 0.0016233766233766235 0.0021598272138228943
0 0.8392857142857143 0.38876889848812096 0.003246753246753247 0.004319654427645789
0 0.650974025974026 0.39092872570194387 0.012987012987012988 0.012958963282937365
0 0.7021103896103896 0.3833693304535637 0.0016233766233766235 0.0021598272138228943
0 0.8790584415584416 0.37904967602591794 0.0016233766233766235 0.0021598272138228943
0 0.8425324675324676 0.3833693304535637 0.003246753246753247 0.01079913606911447
0 0.24025974025974026 0.37904967602591794 0.003246753246753247 0.0021598272138228943
0 0.6891233766233766 0.3779697624190065 0.0016233766233766235 0.004319654427645789
0 0.8733766233766234 0.37688984881209503 0.006493506493506494 0.0064794816414686825
0 0.31493506493506496 0.38120950323974084 0.006493506493506494 0.01511879049676026
0 0.24107142857142858 0.3747300215982721 0.0016233766233766235 0.0021598272138228943
0 0.1461038961038961 0.37688984881209503 0.003246753246753247 0.0064794816414686825
0 0.24512987012987014 0.3758099352051836 0.003246753246753247 0.008639308855291577
0 0.31412337662337664 0.37041036717062636 0.0016233766233766235 0.0021598272138228943
0 0.14772727272727273 0.3714902807775378 0.003246753246753247 0.004319654427645789
0 0.14366883116883117 0.37041036717062636 0.0016233766233766235 0.0021598272138228943
0 0.7719155844155844 0.36825053995680346 0.0016233766233766235 0.0021598272138228943
0 0.13717532467532467 0.36825053995680346 0.0016233766233766235 0.0021598272138228943
0 0.7727272727272727 0.36393088552915764 0.003246753246753247 0.0021598272138228943
0 0.7678571428571429 0.367170626349892 0.003246753246753247 0.008639308855291577
0 0.1599025974025974 0.36393088552915764 0.0016233766233766235 0.0021598272138228943
0 0.15178571428571427 0.36393088552915764 0.0016233766233766235 0.0021598272138228943
0 0.14772727272727273 0.36609071274298055 0.006493506493506494 0.0064794816414686825
0 0.14123376623376624 0.3650107991360691 0.003246753246753247 0.004319654427645789
0 0.13555194805194806 0.3650107991360691 0.00487012987012987 0.004319654427645789
0 0.1176948051948052 0.36393088552915764 0.0016233766233766235 0.0021598272138228943
0 0.7816558441558441 0.36069114470842334 0.00487012987012987 0.004319654427645789
0 0.875 0.3650107991360691 0.00974025974025974 0.02159827213822894
0 0.726461038961039 0.3531317494600432 0.0016233766233766235 0.0021598272138228943
0 0.7224025974025974 0.3542116630669546 0.003246753246753247 0.004319654427645789
0 0.1939935064935065 0.3531317494600432 0.0016233766233766235 0.0021598272138228943
0 0.7435064935064936 0.34989200863930886 0.006493506493506494 0.008639308855291577
0 0.7224025974025974 0.3488120950323974 0.006493506493506494 0.0064794816414686825
0 0.7183441558441559 0.3466522678185745 0.0016233766233766235 0.0021598272138228943
0 0.31412337662337664 0.3563714902807775 0.00487012987012987 0.02159827213822894
0 0.24431818181818182 0.34773218142548595 0.00487012987012987 0.004319654427645789
0 0.19074675324675325 0.3466522678185745 0.0016233766233766235 0.0021598272138228943
0 0.18506493506493507 0.3488120950323974 0.006493506493506494 0.0064794816414686825
0 0.8303571428571429 0.3444924406047516 0.0016233766233766235 0.0021598272138228943
0 0.8303571428571429 0.34017278617710583 0.0016233766233766235 0.0021598272138228943
0 0.8709415584415584 0.33369330453563717 0.0016233766233766235 0.0021598272138228943
0 0.2297077922077922 0.3369330453563715 0.00487012987012987 0.008639308855291577
0 0.23295454545454544 0.33153347732181426 0.0016233766233766235 0.0021598272138228943
0 0.7808441558441559 0.33585313174946 0.003246753246753247 0.01511879049676026
0 0.17532467532467533 0.6565874730021598 0.35064935064935066 0.6565874730021598
0 0.1956168831168831 0.32937365010799136 0.0016233766233766235 0.0021598272138228943
0 0.8579545454545454 0.3207343412526998 0.0016233766233766235 0.0021598272138228943
0 0.890422077922078 0.31641468682505397 0.0016233766233766235 0.0021598272138228943
0 0.8944805194805194 0.31533477321814257 0.003246753246753247 0.008639308855291577
0 0.8896103896103896 0.3120950323974082 0.003246753246753247 0.0021598272138228943
0 0.8035714285714286 0.31533477321814257 0.003246753246753247 0.008639308855291577
0 0.672077922077922 0.31533477321814257 0.006493506493506494 0.008639308855291577
0 0.21266233766233766 0.3099352051835853 0.003246753246753247 0.0021598272138228943
0 0.8790584415584416 0.30561555075593955 0.0016233766233766235 0.0021598272138228943
0 0.8303571428571429 0.30669546436285094 0.0016233766233766235 0.004319654427645789
0 0.7792207792207793 0.44168466522678185 0.2857142857142857 0.2958963282937365
0 0.648538961038961 0.29049676025917925 0.0016233766233766235 0.0021598272138228943
0 0.6452922077922078 0.29049676025917925 0.0016233766233766235 0.0021598272138228943
0 0.2849025974025974 0.28833693304535635 0.0016233766233766235 0.0021598272138228943
0 0.8798701298701299 0.28077753779697623 0.006493506493506494 0.008639308855291577
0 0.31412337662337664 0.27645788336933047 0.0016233766233766235 0.004319654427645789
0 0.2849025974025974 0.2732181425485961 0.0016233766233766235 0.0021598272138228943
0 0.21428571428571427 0.2678185745140389 0.003246753246753247 0.004319654427645789
0 0.21022727272727273 0.26997840172786175 0.00487012987012987 0.008639308855291577
0 0.8465909090909091 0.26457883369330454 0.0016233766233766235 0.0021598272138228943
0 0.648538961038961 0.26457883369330454 0.0016233766233766235 0.0021598272138228943
0 0.21996753246753248 0.26457883369330454 0.0016233766233766235 0.0021598272138228943
0 0.2086038961038961 0.26241900647948163 0.0016233766233766235 0.0021598272138228943
0 0.2215909090909091 0.2602591792656587 0.0016233766233766235 0.0021598272138228943
0 0.2150974025974026 0.2613390928725702 0.008116883116883116 0.004319654427645789
0 0.6785714285714286 0.2570194384449244 0.003246753246753247 0.004319654427645789
0 0.2849025974025974 0.25593952483801297 0.0016233766233766235 0.0021598272138228943
0 0.2353896103896104 0.25593952483801297 0.003246753246753247 0.0021598272138228943
0 0.8563311688311688 0.25161987041036715 0.0016233766233766235 0.0021598272138228943
0 0.8522727272727273 0.2526997840172786 0.003246753246753247 0.004319654427645789
0 0.6810064935064936 0.25161987041036715 0.0016233766233766235 0.0021598272138228943
0 0.8701298701298701 0.3142548596112311 0.05194805194805195 0.13174946004319654
0 0.8449675324675324 0.2473002159827214 0.0016233766233766235 0.0021598272138228943
0 0.8522727272727273 0.2451403887688985 0.00974025974025974 0.0064794816414686825
0 0.8449675324675324 0.24298056155507558 0.0016233766233766235 0.0021598272138228943
0 0.2362012987012987 0.24298056155507558 0.0016233766233766235 0.0021598272138228943
0 0.7053571428571429 0.2408207343412527 0.0016233766233766235 0.0021598272138228943
0 0.6956168831168831 0.2408207343412527 0.0016233766233766235 0.0021598272138228943
0 0.3116883116883117 0.23974082073434125 0.003246753246753247 0.004319654427645789
0 0.711038961038961 0.2386609071274298 0.006493506493506494 0.0064794816414686825
0 0.2556818181818182 0.22570194384449244 0.0016233766233766235 0.0021598272138228943
0 0.25 0.22786177105831534 0.006493506493506494 0.0064794816414686825
0 0.2767857142857143 0.2203023758099352 0.00487012987012987 0.004319654427645789
0 0.2913961038961039 0.2084233261339093 0.0016233766233766235 0.0021598272138228943
0 0.38392857142857145 0.1976241900647948 0.00487012987012987 0.0064794816414686825
0 0.34983766233766234 0.19546436285097193 0.0016233766233766235 0.0021598272138228943
0 0.325487012987013 0.19546436285097193 0.0016233766233766235 0.0021598272138228943
0 0.34983766233766234 0.19114470842332612 0.0016233766233766235 0.0021598272138228943
0 0.33685064935064934 0.19330453563714903 0.011363636363636364 0.0064794816414686825
0 0.37662337662337664 0.18898488120950324 0.006493506493506494 0.01079913606911447
0 0.3806818181818182 0.18142548596112312 0.00487012987012987 0.008639308855291577
0 0.37743506493506496 0.17602591792656588 0.0016233766233766235 0.0021598272138228943
0 0.3887987012987013 0.17386609071274298 0.0016233766233766235 0.0021598272138228943
0 0.775974025974026 0.16846652267818574 0.006493506493506494 0.008639308855291577
0 0.773538961038961 0.1630669546436285 0.0016233766233766235 0.0021598272138228943
0 0.7767857142857143 0.16090712742980562 0.0016233766233766235 0.0021598272138228943
0 0.6988636363636364 0.1587473002159827 0.0016233766233766235 0.0021598272138228943
0 0.7175324675324676 0.13390928725701945 0.006493506493506494 0.008639308855291577
0 0.7199675324675324 0.1285097192224622 0.0016233766233766235 0.0021598272138228943
0 0.7167207792207793 0.1263498920086393 0.0016233766233766235 0.0021598272138228943
0 0.6777597402597403 0.12419006479481641 0.0016233766233766235 0.0021598272138228943
0 0.7150974025974026 0.12095032397408208 0.0016233766233766235 0.004319654427645789
0 0.674512987012987 0.11987041036717062 0.0016233766233766235 0.0021598272138228943
0 0.7378246753246753 0.10475161987041037 0.0016233766233766235 0.0021598272138228943
0 0.7256493506493507 0.10583153347732181 0.003246753246753247 0.004319654427645789
0 0.45535714285714285 0.10259179265658748 0.0016233766233766235 0.0021598272138228943
0 0.46834415584415584 0.08855291576673865 0.008116883116883116 0.004319654427645789
0 0.6663961038961039 0.08531317494600432 0.0016233766233766235 0.0021598272138228943
0 0.672077922077922 0.08531317494600432 0.006493506493506494 0.01079913606911447
0 0.6728896103896104 0.07667386609071274 0.0016233766233766235 0.0021598272138228943
0 0.6737012987012987 0.07235421166306695 0.003246753246753247 0.0021598272138228943
0 0.7573051948051948 0.07019438444924406 0.0016233766233766235 0.0021598272138228943
0 0.4837662337662338 0.0734341252699784 0.006493506493506494 0.008639308855291577
0 0.7646103896103896 0.07019438444924406 0.003246753246753247 0.0064794816414686825
0 0.765422077922078 0.06371490280777538 0.0016233766233766235 0.0021598272138228943
0 0.7621753246753247 0.06047516198704104 0.0016233766233766235 0.004319654427645789
0 0.765422077922078 0.05723542116630669 0.0016233766233766235 0.0021598272138228943
0 0.765422077922078 0.052915766738660906 0.0016233766233766235 0.0021598272138228943
0 0.6728896103896104 0.052915766738660906 0.0016233766233766235 0.0021598272138228943
0 0.5211038961038961 0.05399568034557235 0.003246753246753247 0.004319654427645789
0 0.5089285714285714 0.05399568034557235 0.00487012987012987 0.004319654427645789
0 0.7199675324675324 0.04967602591792657 0.00487012987012987 0.004319654427645789
0 0.7508116883116883 0.04319654427645788 0.00487012987012987 0.008639308855291577
0 0.7467532467532467 0.03779697624190065 0.003246753246753247 0.0064794816414686825
0 0.6323051948051948 0.038876889848812095 0.008116883116883116 0.008639308855291577
0 0.6241883116883117 0.035637149028077755 0.0016233766233766235 0.0021598272138228943
0 0.6160714285714286 0.0367170626349892 0.0016233766233766235 0.004319654427645789
0 0.551948051948052 0.03779697624190065 0.00974025974025974 0.0064794816414686825
0 0.5844155844155844 0.5010799136069114 0.7532467532467533 0.9330453563714903
0 0.5357142857142857 0.038876889848812095 0.006493506493506494 0.008639308855291577
0 0.7150974025974026 0.020518358531317494 0.0016233766233766235 0.0021598272138228943
0 0.7118506493506493 0.019438444924406047 0.0016233766233766235 0.004319654427645789
0 0.7402597402597403 0.09503239740820735 0.07792207792207792 0.15550755939524838
