0 0.4326797385620915 0.9867724867724867 0.00261437908496732 0.001763668430335097
0 0.4294117647058823 0.9867724867724867 0.00130718954248366 0.001763668430335097
0 0.426797385620915 0.9867724867724867 0.00130718954248366 0.001763668430335097
0 0.40522875816993464 0.9867724867724867 0.00261437908496732 0.001763668430335097
0 0.36993464052287583 0.9867724867724867 0.00261437908496732 0.001763668430335097
0 0.43071895424836604 0.9832451499118166 0.00130718954248366 0.001763668430335097
0 0.4366013071895425 0.9779541446208113 0.00261437908496732 0.001763668430335097
0 0.4568627450980392 0.972663139329806 0.00130718954248366 0.001763668430335097
0 0.46797385620915033 0.9700176366843033 0.00522875816993464 0.007054673721340388
0 0.6254901960784314 0.9585537918871252 0.00130718954248366 0.001763668430335097
0 0.5993464052287582 0.9585537918871252 0.00130718954248366 0.001763668430335097
0 0.6222222222222222 0.9576719576719577 0.00261437908496732 0.003527336860670194
0 0.6163398692810458 0.9576719576719577 0.00392156862745098 0.003527336860670194
0 0.2849673202614379 0.9576719576719577 0.00522875816993464 0.003527336860670194
0 0.5908496732026144 0.9567901234567902 0.00261437908496732 0.005291005291005291
0 0.4764705882352941 0.9567901234567902 0.00392156862745098 0.005291005291005291
0 0.6130718954248366 0.955026455026455 0.00261437908496732 0.005291005291005291
0 0.28954248366013075 0.95326278659612 0.00130718954248366 0.001763668430335097
0 0.28431372549019607 0.95326278659612 0.00392156862745098 0.001763668430335097
0 0.5875816993464053 0.9523809523809523 0.00392156862745098 0.007054673721340388
0 0.2830065359477124 0.9497354497354498 0.00130718954248366 0.001763668430335097
0 0.7013071895424836 0.9444444444444444 0.00130718954248366 0.001763668430335097
0 0.5411764705882353 0.9435626102292769 0.00261437908496732 0.003527336860670194
0 0.7477124183006536 0.9426807760141094 0.00784313725490196 0.005291005291005291
0 0.7888888888888889 0.9303350970017636 0.00392156862745098 0.001763668430335097
0 0.7849673202614379 0.9303350970017636 0.00130718954248366 0.001763668430335097
0 0.26209150326797387 0.9285714285714286 0.00130718954248366 0.001763668430335097
0 0.8241830065359477 0.9268077601410935 0.00392156862745098 0.008818342151675485
0 0.2647058823529412 0.9241622574955908 0.00392156862745098 0.007054673721340388
0 0.8457516339869281 0.9144620811287478 0.00261437908496732 0.005291005291005291
0 0.8418300653594771 0.9144620811287478 0.00261437908496732 0.005291005291005291
0 0.2647058823529412 0.9135802469135802 0.006535947712418301 0.01763668430335097
0 0.8477124183006536 0.9021164021164021 0.00130718954248366 0.001763668430335097
0 0.2633986928104575 0.9012345679012346 0.00130718954248366 0.003527336860670194
0 0.8542483660130719 0.8994708994708994 0.006535947712418301 0.007054673721340388
0 0.865359477124183 0.8853615520282186 0.00522875816993464 0.007054673721340388
0 0.25359477124183005 0.8721340388007055 0.00522875816993464 0.005291005291005291
0 0.8699346405228758 0.8597883597883598 0.00130718954248366 0.001763668430335097
0 0.24836601307189543 0.8597883597883598 0.00261437908496732 0.001763668430335097
0 0.24444444444444444 0.8580246913580247 0.00261437908496732 0.001763668430335097
0 0.2411764705882353 0.8580246913580247 0.00130718954248366 0.001763668430335097
0 0.8869281045751634 0.8447971781305115 0.00392156862745098 0.003527336860670194
0 0.23202614379084968 0.8447971781305115 0.00392156862745098 0.003527336860670194
0 0.23071895424836603 0.8227513227513228 0.00130718954248366 0.001763668430335097
0 0.8862745098039215 0.8218694885361552 0.00522875816993464 0.007054673721340388
0 0.23071895424836603 0.8192239858906526 0.00130718954248366 0.001763668430335097
0 0.2281045751633987 0.8174603174603174 0.00130718954248366 0.001763668430335097
0 0.22026143790849673 0.8121693121693122 0.00130718954248366 0.001763668430335097
0 0.22026143790849673 0.808641975308642 0.00130718954248366 0.001763668430335097
0 0.21045751633986928 0.800705467372134 0.00261437908496732 0.007054673721340388
0 0.20980392156862746 0.7945326278659612 0.00130718954248366 0.001763668430335097
0 0.8764705882352941 0.7927689594356261 0.00392156862745098 0.008818342151675485
0 0.20065359477124184 0.7874779541446209 0.00130718954248366 0.001763668430335097
0 0.8777777777777778 0.7857142857142857 0.00130718954248366 0.001763668430335097
0 0.2 0.7821869488536155 0.00261437908496732 0.005291005291005291
0 0.8771241830065359 0.7733686067019401 0.00261437908496732 0.005291005291005291
0 0.8751633986928105 0.7689594356261023 0.00392156862745098 0.007054673721340388
0 0.8777777777777778 0.7645502645502645 0.00130718954248366 0.001763668430335097
0 0.19934640522875818 0.7645502645502645 0.00130718954248366 0.001763668430335097
0 0.18888888888888888 0.7592592592592593 0.00130718954248366 0.001763668430335097
0 0.19150326797385622 0.7548500881834215 0.00392156862745098 0.007054673721340388
0 0.19477124183006536 0.7495590828924162 0.00261437908496732 0.003527336860670194
0 0.1895424836601307 0.7495590828924162 0.00261437908496732 0.007054673721340388
0 0.19019607843137254 0.7336860670194003 0.00392156862745098 0.007054673721340388
0 0.17908496732026144 0.7019400352733686 0.00261437908496732 0.003527336860670194
0 0.16862745098039217 0.689594356261023 0.00261437908496732 0.003527336860670194
0 0.16797385620915034 0.6851851851851852 0.00130718954248366 0.001763668430335097
0 0.11764705882352941 0.6455026455026455 0.00522875816993464 0.007054673721340388
0 0.12287581699346405 0.6437389770723104 0.00784313725490196 0.010582010582010581
0 0.865359477124183 0.6384479717813051 0.00522875816993464 0.007054673721340388
0 0.09673202614379085 0.6313932980599647 0.00522875816993464 0.007054673721340388
0 0.8568627450980392 0.6216931216931217 0.00130718954248366 0.001763668430335097
0 0.8568627450980392 0.6181657848324515 0.00130718954248366 0.001763668430335097
0 0.08431372549019608 0.6181657848324515 0.00130718954248366 0.001763668430335097
0 0.0869281045751634 0.6137566137566137 0.00392156862745098 0.007054673721340388
0 0.07516339869281045 0.6058201058201058 0.00130718954248366 0.001763668430335097
0 0.8568627450980392 0.6022927689594356 0.00130718954248366 0.001763668430335097
0 0.8601307189542484 0.5908289241622575 0.00522875816993464 0.003527336860670194
0 0.8758169934640523 0.5890652557319224 0.00522875816993464 0.007054673721340388
0 0.8816993464052287 0.5776014109347443 0.00130718954248366 0.001763668430335097
0 0.8862745098039215 0.5758377425044092 0.00522875816993464 0.005291005291005291
0 0.06535947712418301 0.5749559082892416 0.00522875816993464 0.007054673721340388
0 0.8849673202614379 0.5696649029982364 0.00784313725490196 0.010582010582010581
0 0.8986928104575164 0.54673721340388 0.00130718954248366 0.007054673721340388
0 0.8941176470588236 0.54673721340388 0.00522875816993464 0.007054673721340388
0 0.0542483660130719 0.5352733686067019 0.00130718954248366 0.001763668430335097
0 0.8986928104575164 0.5317460317460317 0.00130718954248366 0.001763668430335097
0 0.052941176470588235 0.517636684303351 0.00130718954248366 0.001763668430335097
0 0.8967320261437909 0.5044091710758377 0.00522875816993464 0.007054673721340388
0 0.8947712418300654 0.5 0.00130718954248366 0.001763668430335097
0 0.8973856209150327 0.4982363315696649 0.00130718954248366 0.001763668430335097
0 0.8986928104575164 0.4894179894179894 0.00130718954248366 0.001763668430335097
0 0.8986928104575164 0.48412698412698413 0.00130718954248366 0.001763668430335097
0 0.042483660130718956 0.47883597883597884 0.00130718954248366 0.001763668430335097
0 0.8986928104575164 0.46472663139329806 0.00130718954248366 0.001763668430335097
0 0.023529411764705882 0.4620811287477954 0.00522875816993464 0.007054673721340388
0 0.022222222222222223 0.4444444444444444 0.00261437908496732 0.003527336860670194
0 0.021568627450980392 0.4400352733686067 0.00130718954248366 0.001763668430335097
0 0.021568627450980392 0.4365079365079365 0.00130718954248366 0.001763668430335097
0 0.013071895424836602 0.43386243386243384 0.00522875816993464 0.007054673721340388
0 0.8738562091503268 0.427689594356261 0.00130718954248366 0.001763668430335097
0 0.888235294117647 0.42504409171075835 0.00130718954248366 0.003527336860670194
0 0.8856209150326797 0.42416225749559083 0.00130718954248366 0.001763668430335097
0 0.8758169934640523 0.42504409171075835 0.00261437908496732 0.003527336860670194
0 0.8673202614379085 0.42063492063492064 0.00130718954248366 0.001763668430335097
0 0.013725490196078431 0.41975308641975306 0.006535947712418301 0.01763668430335097
0 0.011111111111111112 0.3941798941798942 0.00130718954248366 0.001763668430335097
0 0.8764705882352941 0.390652557319224 0.00130718954248366 0.001763668430335097
0 0.8738562091503268 0.3888888888888889 0.00130718954248366 0.001763668430335097
0 0.8758169934640523 0.3844797178130511 0.00522875816993464 0.007054673721340388
0 0.8673202614379085 0.36596119929453264 0.00130718954248366 0.001763668430335097
0 0.021568627450980392 0.36596119929453264 0.00130718954248366 0.001763668430335097
0 0.8568627450980392 0.3395061728395062 0.00130718954248366 0.001763668430335097
0 0.03202614379084967 0.3386243386243386 0.00130718954248366 0.003527336860670194
0 0.8464052287581699 0.3236331569664903 0.00130718954248366 0.001763668430335097
0 0.03398692810457516 0.30511463844797176 0.00522875816993464 0.01763668430335097
0 0.042483660130718956 0.28835978835978837 0.00130718954248366 0.001763668430335097
0 0.047058823529411764 0.2839506172839506 0.00261437908496732 0.003527336860670194
0 0.042483660130718956 0.2830687830687831 0.00130718954248366 0.001763668430335097
0 0.8254901960784313 0.2760141093474427 0.00130718954248366 0.001763668430335097
0 0.052941176470588235 0.2760141093474427 0.00130718954248366 0.001763668430335097
0 0.05555555555555555 0.27336860670194 0.00392156862745098 0.003527336860670194
0 0.056862745098039215 0.2689594356261023 0.00130718954248366 0.001763668430335097
0 0.0542483660130719 0.2689594356261023 0.00130718954248366 0.001763668430335097
0 0.06535947712418301 0.25749559082892415 0.00522875816993464 0.007054673721340388
0 0.8235294117647058 0.24338624338624337 0.00522875816993464 0.007054673721340388
0 0.08431372549019608 0.24162257495590828 0.00130718954248366 0.003527336860670194
0 0.8130718954248366 0.23544973544973544 0.00522875816993464 0.008818342151675485
0 0.8150326797385621 0.22839506172839505 0.00130718954248366 0.001763668430335097
0 0.10784313725490197 0.22663139329805995 0.00130718954248366 0.001763668430335097
0 0.10522875816993464 0.2275132275132275 0.00130718954248366 0.003527336860670194
0 0.8130718954248366 0.2239858906525573 0.00522875816993464 0.007054673721340388
0 0.8130718954248366 0.21516754850088182 0.00522875816993464 0.007054673721340388
0 0.1287581699346405 0.21252204585537918 0.00130718954248366 0.001763668430335097
0 0.1261437908496732 0.21340388007054673 0.00130718954248366 0.003527336860670194
0 0.803921568627451 0.2054673721340388 0.00261437908496732 0.005291005291005291
0 0.7980392156862746 0.2001763668430335 0.00130718954248366 0.001763668430335097
0 0.8045751633986928 0.1984126984126984 0.00130718954248366 0.001763668430335097
0 0.14901960784313725 0.20105820105820105 0.00522875816993464 0.007054673721340388
0 0.18496732026143792 0.18430335097001763 0.00130718954248366 0.001763668430335097
0 0.7934640522875817 0.18606701940035272 0.00261437908496732 0.008818342151675485
0 0.7928104575163398 0.1710758377425044 0.00392156862745098 0.003527336860670194
0 0.2019607843137255 0.1710758377425044 0.00130718954248366 0.003527336860670194
0 0.19607843137254902 0.1746031746031746 0.00784313725490196 0.010582010582010581
0 0.19084967320261437 0.1728395061728395 0.00522875816993464 0.007054673721340388
0 0.6078431372549019 0.15696649029982362 0.00261437908496732 0.003527336860670194
0 0.6228758169934641 0.15432098765432098 0.00130718954248366 0.001763668430335097
0 0.6058823529411764 0.15255731922398588 0.00130718954248366 0.001763668430335097
0 0.2281045751633987 0.1419753086419753 0.00130718954248366 0.001763668430335097
0 0.22287581699346407 0.14462081128747795 0.006535947712418301 0.007054673721340388
0 0.5941176470588235 0.12962962962962962 0.00130718954248366 0.001763668430335097
0 0.7816993464052288 0.13051146384479717 0.00522875816993464 0.007054673721340388
0 0.6058823529411764 0.12874779541446207 0.00130718954248366 0.003527336860670194
0 0.6032679738562091 0.12786596119929453 0.00130718954248366 0.001763668430335097
0 0.2411764705882353 0.12786596119929453 0.00130718954248366 0.001763668430335097
0 0.2522875816993464 0.12257495590828923 0.00261437908496732 0.001763668430335097
0 0.7725490196078432 0.11816578483245149 0.00261437908496732 0.003527336860670194
0 0.773202614379085 0.11375661375661375 0.00130718954248366 0.001763668430335097
0 0.7705882352941177 0.11375661375661375 0.00130718954248366 0.001763668430335097
0 0.6183006535947713 0.10670194003527336 0.00261437908496732 0.005291005291005291
0 0.7627450980392156 0.10317460317460317 0.00130718954248366 0.001763668430335097
0 0.761437908496732 0.09964726631393298 0.00130718954248366 0.001763668430335097
0 0.6254901960784314 0.09964726631393298 0.00130718954248366 0.001763668430335097
0 0.7222222222222222 0.0873015873015873 0.00130718954248366 0.001763668430335097
0 0.7437908496732026 0.08641975308641975 0.00261437908496732 0.003527336860670194
0 0.7196078431372549 0.0855379188712522 0.00130718954248366 0.001763668430335097
0 0.711764705882353 0.08641975308641975 0.00392156862745098 0.003527336860670194
0 0.2633986928104575 0.08641975308641975 0.00392156862745098 0.003527336860670194
0 0.5954248366013072 0.0837742504409171 0.00130718954248366 0.001763668430335097
0 0.7 0.07671957671957672 0.00130718954248366 0.001763668430335097
0 0.28366013071895424 0.07848324514991181 0.00261437908496732 0.005291005291005291
0 0.7 0.07231040564373897 0.00130718954248366 0.003527336860670194
0 0.28431372549019607 0.07231040564373897 0.00392156862745098 0.003527336860670194
0 0.46862745098039216 0.05731922398589065 0.00130718954248366 0.001763668430335097
0 0.6254901960784314 0.054673721340388004 0.00130718954248366 0.003527336860670194
0 0.6875816993464052 0.05731922398589065 0.00522875816993464 0.012345679012345678
0 0.47124183006535947 0.048500881834215165 0.00130718954248366 0.001763668430335097
0 0.4470588235294118 0.04497354497354497 0.00261437908496732 0.001763668430335097
0 0.6875816993464052 0.04585537918871252 0.00522875816993464 0.007054673721340388
0 0.6647058823529411 0.043209876543209874 0.00130718954248366 0.001763668430335097
0 0.5980392156862745 0.04409171075837742 0.00130718954248366 0.003527336860670194
0 0.5751633986928104 0.043209876543209874 0.00261437908496732 0.001763668430335097
0 0.45816993464052286 0.04497354497354497 0.00392156862745098 0.005291005291005291
0 0.3366013071895425 0.03262786596119929 0.00130718954248366 0.001763668430335097
0 0.31437908496732025 0.03262786596119929 0.00130718954248366 0.001763668430335097
0 0.6562091503267974 0.031746031746031744 0.00522875816993464 0.007054673721340388
0 0.6196078431372549 0.031746031746031744 0.00522875816993464 0.007054673721340388
0 0.5640522875816993 0.029982363315696647 0.00130718954248366 0.003527336860670194
0 0.561437908496732 0.0291005291005291 0.00130718954248366 0.001763668430335097
0 0.3542483660130719 0.029982363315696647 0.00261437908496732 0.003527336860670194
0 0.33790849673202616 0.0291005291005291 0.00130718954248366 0.001763668430335097
0 0.3333333333333333 0.030864197530864196 0.00261437908496732 0.005291005291005291
0 0.31895424836601305 0.029982363315696647 0.00261437908496732 0.003527336860670194
0 0.3156862745098039 0.0291005291005291 0.00130718954248366 0.001763668430335097
0 0.530718954248366 0.01675485008818342 0.00522875816993464 0.005291005291005291
0 0.5261437908496732 0.014991181657848324 0.00130718954248366 0.001763668430335097
0 0.4549019607843137 0.5008818342151675 0.8888888888888888 0.9735449735449735
