0 0.8846830985915493 0.8438202247191011 0.0017605633802816902 0.0022471910112359553
0 0.2878521126760563 0.8438202247191011 0.0017605633802816902 0.0022471910112359553
0 0.2720070422535211 0.8438202247191011 0.0017605633802816902 0.0022471910112359553
0 0.25440140845070425 0.8438202247191011 0.0017605633802816902 0.0022471910112359553
0 0.8794014084507042 0.8426966292134831 0.0017605633802816902 0.0044943820224719105
0 0.2649647887323944 0.8415730337078652 0.0017605633802816902 0.0022471910112359553
0 0.26848591549295775 0.8415730337078652 0.0017605633802816902 0.006741573033707865
0 0.8626760563380281 0.8404494382022472 0.007042253521126761 0.008988764044943821
0 0.29401408450704225 0.8404494382022472 0.0035211267605633804 0.008988764044943821
0 0.24295774647887325 0.8404494382022472 0.007042253521126761 0.008988764044943821
0 0.2948943661971831 0.8146067415730337 0.0017605633802816902 0.0022471910112359553
0 0.3089788732394366 0.8056179775280898 0.0017605633802816902 0.0022471910112359553
0 0.3045774647887324 0.7966292134831461 0.01056338028169014 0.011235955056179775
0 0.4639084507042254 0.7898876404494382 0.0017605633802816902 0.0022471910112359553
0 0.4639084507042254 0.7853932584269663 0.0017605633802816902 0.0022471910112359553
0 0.45598591549295775 0.7876404494382022 0.01056338028169014 0.006741573033707865
0 0.2913732394366197 0.7831460674157303 0.0017605633802816902 0.0022471910112359553
0 0.4515845070422535 0.7808988764044944 0.0017605633802816902 0.0022471910112359553
0 0.2948943661971831 0.7808988764044944 0.0017605633802816902 0.0022471910112359553
0 0.45598591549295775 0.7797752808988764 0.0035211267605633804 0.0044943820224719105
0 0.2913732394366197 0.7786516853932585 0.0017605633802816902 0.0022471910112359553
0 0.2948943661971831 0.7764044943820225 0.0017605633802816902 0.0022471910112359553
0 0.8714788732394366 0.7752808988764045 0.0035211267605633804 0.0044943820224719105
0 0.8732394366197183 0.8089887640449438 0.028169014084507043 0.07191011235955057
0 0.2438380281690141 0.7741573033707865 0.0017605633802816902 0.0022471910112359553
0 0.24031690140845072 0.7752808988764045 0.0017605633802816902 0.0044943820224719105
0 0.34242957746478875 0.7719101123595505 0.0017605633802816902 0.0022471910112359553
0 0.39172535211267606 0.7707865168539326 0.00528169014084507 0.0044943820224719105
0 0.3389084507042254 0.7707865168539326 0.0017605633802816902 0.0044943820224719105
0 0.4779929577464789 0.7685393258426966 0.0017605633802816902 0.0044943820224719105
0 0.3591549295774648 0.7696629213483146 0.01056338028169014 0.006741573033707865
0 0.29225352112676056 0.7707865168539326 0.007042253521126761 0.008988764044943821
0 0.2720070422535211 0.8056179775280898 0.06514084507042253 0.07865168539325842
0 0.3732394366197183 0.7674157303370787 0.007042253521126761 0.006741573033707865
0 0.38380281690140844 0.7674157303370787 0.007042253521126761 0.011235955056179775
0 0.29225352112676056 0.7595505617977528 0.007042253521126761 0.008988764044943821
0 0.28169014084507044 0.7617977528089888 0.017605633802816902 0.01348314606741573
0 0.2711267605633803 0.7595505617977528 0.007042253521126761 0.008988764044943821
0 0.4903169014084507 0.7168539325842697 0.00528169014084507 0.0044943820224719105
0 0.4920774647887324 0.702247191011236 0.0017605633802816902 0.0022471910112359553
0 0.3107394366197183 0.6887640449438203 0.0017605633802816902 0.0022471910112359553
0 0.3107394366197183 0.6820224719101123 0.0017605633802816902 0.0022471910112359553
0 0.3142605633802817 0.6775280898876405 0.0017605633802816902 0.0022471910112359553
0 0.4920774647887324 0.6752808988764045 0.0017605633802816902 0.0022471910112359553
0 0.3107394366197183 0.6730337078651686 0.0017605633802816902 0.0022471910112359553
0 0.2596830985915493 0.6640449438202247 0.0017605633802816902 0.0022471910112359553
0 0.24119718309859156 0.6629213483146067 0.0035211267605633804 0.0044943820224719105
0 0.4867957746478873 0.6595505617977528 0.0017605633802816902 0.0022471910112359553
0 0.24031690140845072 0.6561797752808989 0.0017605633802816902 0.0044943820224719105
0 0.4894366197183099 0.6617977528089888 0.007042253521126761 0.020224719101123594
0 0.24031690140845072 0.650561797752809 0.0017605633802816902 0.0022471910112359553
0 0.4920774647887324 0.648314606741573 0.0017605633802816902 0.0022471910112359553
0 0.27816901408450706 0.6426966292134831 0.007042253521126761 0.008988764044943821
0 0.4779929577464789 0.6314606741573033 0.0017605633802816902 0.0044943820224719105
0 0.4744718309859155 0.6303370786516854 0.0017605633802816902 0.0022471910112359553
0 0.31954225352112675 0.6303370786516854 0.00528169014084507 0.0022471910112359553
0 0.2420774647887324 0.6280898876404495 0.0017605633802816902 0.0022471910112359553
0 0.27816901408450706 0.6303370786516854 0.007042253521126761 0.011235955056179775
0 0.3248239436619718 0.6191011235955056 0.0017605633802816902 0.0022471910112359553
0 0.29401408450704225 0.6089887640449438 0.0035211267605633804 0.0044943820224719105
0 0.33186619718309857 0.5988764044943821 0.0017605633802816902 0.0022471910112359553
0 0.3248239436619718 0.5988764044943821 0.0017605633802816902 0.0022471910112359553
0 0.33186619718309857 0.5943820224719101 0.0017605633802816902 0.0022471910112359553
0 0.3283450704225352 0.5943820224719101 0.0017605633802816902 0.0022471910112359553
0 0.43221830985915494 0.5808988764044943 0.0017605633802816902 0.0022471910112359553
0 0.3389084507042254 0.5808988764044943 0.0017605633802816902 0.0022471910112359553
0 0.4357394366197183 0.5786516853932584 0.0017605633802816902 0.0022471910112359553
0 0.3389084507042254 0.5764044943820225 0.0017605633802816902 0.0022471910112359553
0 0.4392605633802817 0.5730337078651685 0.0017605633802816902 0.0044943820224719105
0 0.3389084507042254 0.5719101123595506 0.0017605633802816902 0.0022471910112359553
0 0.24031690140845072 0.5651685393258427 0.0017605633802816902 0.0022471910112359553
0 0.29225352112676056 0.5617977528089888 0.007042253521126761 0.008988764044943821
0 0.2676056338028169 0.6112359550561798 0.056338028169014086 0.10786516853932585
0 0.460387323943662 0.5561797752808989 0.0017605633802816902 0.0022471910112359553
0 0.4920774647887324 0.553932584269663 0.0017605633802816902 0.0022471910112359553
0 0.4850352112676056 0.5550561797752809 0.008802816901408451 0.0044943820224719105
0 0.4859154929577465 0.5483146067415731 0.0035211267605633804 0.0044943820224719105
0 0.48063380281690143 0.547191011235955 0.0035211267605633804 0.0022471910112359553
0 0.4903169014084507 0.5460674157303371 0.00528169014084507 0.008988764044943821
0 0.5061619718309859 0.5382022471910113 0.0017605633802816902 0.0022471910112359553
0 0.3336267605633803 0.5202247191011236 0.0017605633802816902 0.0022471910112359553
0 0.5316901408450704 0.5168539325842697 0.007042253521126761 0.008988764044943821
0 0.5475352112676056 0.501123595505618 0.0035211267605633804 0.0044943820224719105
0 0.5484154929577465 0.49550561797752807 0.0017605633802816902 0.0022471910112359553
0 0.26936619718309857 0.48314606741573035 0.0035211267605633804 0.0044943820224719105
0 0.27024647887323944 0.4730337078651685 0.0017605633802816902 0.0022471910112359553
0 0.2632042253521127 0.46629213483146065 0.00528169014084507 0.0022471910112359553
0 0.5431338028169014 0.45730337078651684 0.0017605633802816902 0.0022471910112359553
0 0.5484154929577465 0.4550561797752809 0.0017605633802816902 0.0022471910112359553
0 0.2579225352112676 0.4404494382022472 0.00528169014084507 0.008988764044943821
0 0.25440140845070425 0.4348314606741573 0.0017605633802816902 0.0022471910112359553
0 0.5484154929577465 0.43258426966292135 0.0017605633802816902 0.0022471910112359553
0 0.5360915492957746 0.42134831460674155 0.0017605633802816902 0.0022471910112359553
0 0.516725352112676 0.4191011235955056 0.0017605633802816902 0.0022471910112359553
0 0.545774647887324 0.41685393258426967 0.007042253521126761 0.006741573033707865
0 0.539612676056338 0.41460674157303373 0.0017605633802816902 0.0022471910112359553
0 0.5255281690140845 0.41460674157303373 0.0017605633802816902 0.0022471910112359553
0 0.5184859154929577 0.41460674157303373 0.0017605633802816902 0.0022471910112359553
0 0.31338028169014087 0.39775280898876403 0.01056338028169014 0.0044943820224719105
0 0.30545774647887325 0.39662921348314606 0.0017605633802816902 0.0022471910112359553
0 0.2852112676056338 0.4 0.007042253521126761 0.008988764044943821
0 0.33186619718309857 0.36292134831460676 0.00528169014084507 0.006741573033707865
0 0.35475352112676056 0.32696629213483147 0.00528169014084507 0.006741573033707865
0 0.4357394366197183 0.3112359550561798 0.0017605633802816902 0.0022471910112359553
0 0.426056338028169 0.3089887640449438 0.007042253521126761 0.006741573033707865
0 0.39348591549295775 0.30674157303370786 0.0017605633802816902 0.0022471910112359553
0 0.4014084507042254 0.5449438202247191 0.29577464788732394 0.4786516853932584
0 0.36971830985915494 0.3101123595505618 0.007042253521126761 0.008988764044943821
0 0.45774647887323944 0.302247191011236 0.0035211267605633804 0.006741573033707865
0 0.4533450704225352 0.2966292134831461 0.00528169014084507 0.008988764044943821
0 0.4515845070422535 0.2752808988764045 0.0017605633802816902 0.0022471910112359553
0 0.4515845070422535 0.2595505617977528 0.0017605633802816902 0.0022471910112359553
0 0.5158450704225352 0.24943820224719102 0.01056338028169014 0.02247191011235955
0 0.5176056338028169 0.23707865168539327 0.007042253521126761 0.006741573033707865
0 0.511443661971831 0.2348314606741573 0.0017605633802816902 0.0022471910112359553
0 0.48327464788732394 0.2258426966292135 0.0017605633802816902 0.0022471910112359553
0 0.4903169014084507 0.22134831460674156 0.0017605633802816902 0.0022471910112359553
0 0.4903169014084507 0.21685393258426966 0.0017605633802816902 0.0022471910112359553
0 0.4515845070422535 0.21460674157303372 0.0017605633802816902 0.0022471910112359553
0 0.44014084507042256 0.21123595505617979 0.007042253521126761 0.008988764044943821
0 0.44014084507042256 0.19101123595505617 0.007042253521126761 0.02696629213483146
0 0.4867957746478873 0.149438202247191 0.0017605633802816902 0.0022471910112359553
0 0.49119718309859156 0.14831460674157304 0.0035211267605633804 0.008988764044943821
0 0.4859154929577465 0.1449438202247191 0.0035211267605633804 0.0022471910112359553
0 0.460387323943662 0.1449438202247191 0.0017605633802816902 0.0022471910112359553
0 0.4788732394366197 0.2247191011235955 0.08450704225352113 0.16179775280898875
