0 0.11898569570871262 0.9208542713567839 0.0039011703511053317 0.002512562814070352
0 0.11508452535760728 0.9208542713567839 0.0013003901170351106 0.002512562814070352
0 0.9603381014304291 0.9032663316582915 0.0013003901170351106 0.002512562814070352
0 0.8979193758127438 0.9032663316582915 0.0013003901170351106 0.002512562814070352
0 0.20091027308192458 0.9032663316582915 0.0013003901170351106 0.002512562814070352
0 0.2093628088426528 0.9020100502512562 0.002600780234070221 0.005025125628140704
0 0.19830949284785435 0.9020100502512562 0.0013003901170351106 0.005025125628140704
0 0.19570871261378414 0.9007537688442211 0.0013003901170351106 0.002512562814070352
0 0.19245773732119636 0.9007537688442211 0.002600780234070221 0.002512562814070352
0 0.1892067620286086 0.9007537688442211 0.0013003901170351106 0.002512562814070352
0 0.1859557867360208 0.9020100502512562 0.002600780234070221 0.005025125628140704
0 0.9648894668400521 0.9007537688442211 0.005201560468140442 0.007537688442211055
0 0.8745123537061118 0.8982412060301508 0.0013003901170351106 0.002512562814070352
0 0.8790637191157347 0.8994974874371859 0.007802340702210663 0.010050251256281407
0 0.19570871261378414 0.8957286432160804 0.0013003901170351106 0.002512562814070352
0 0.19245773732119636 0.8957286432160804 0.002600780234070221 0.002512562814070352
0 0.1892067620286086 0.8957286432160804 0.0013003901170351106 0.002512562814070352
0 0.9635890767230169 0.8919597989949749 0.007802340702210663 0.01507537688442211
0 0.09947984395318596 0.8831658291457286 0.0013003901170351106 0.002512562814070352
0 0.0858257477243173 0.8793969849246231 0.005201560468140442 0.010050251256281407
0 0.217815344603381 0.8680904522613065 0.0013003901170351106 0.002512562814070352
0 0.2152145643693108 0.8680904522613065 0.0013003901170351106 0.002512562814070352
0 0.06957087126137841 0.8630653266331658 0.0039011703511053317 0.002512562814070352
0 0.8647594278283485 0.8580402010050251 0.002600780234070221 0.007537688442211055
0 0.8654096228868661 0.8505025125628141 0.0039011703511053317 0.007537688442211055
0 0.9648894668400521 0.8492462311557789 0.005201560468140442 0.010050251256281407
0 0.9356306892067621 0.8454773869346733 0.0013003901170351106 0.002512562814070352
0 0.9161248374512354 0.8454773869346733 0.0013003901170351106 0.002512562814070352
0 0.8836150845253576 0.8278894472361809 0.0013003901170351106 0.002512562814070352
0 0.2282184655396619 0.8178391959798995 0.0013003901170351106 0.002512562814070352
0 0.9869960988296489 0.800251256281407 0.002600780234070221 0.002512562814070352
0 0.9603381014304291 0.8015075376884422 0.0013003901170351106 0.005025125628140704
0 0.9479843953185956 0.8015075376884422 0.002600780234070221 0.005025125628140704
0 0.8660598179453837 0.800251256281407 0.002600780234070221 0.007537688442211055
0 0.8699609882964889 0.792713567839196 0.002600780234070221 0.002512562814070352
0 0.2269180754226268 0.7952261306532663 0.0039011703511053317 0.007537688442211055
0 0.8654096228868661 0.7914572864321608 0.0039011703511053317 0.005025125628140704
0 0.8647594278283485 0.7839195979899497 0.002600780234070221 0.005025125628140704
0 0.8582574772431729 0.7826633165829145 0.002600780234070221 0.002512562814070352
0 0.8478543563068921 0.7688442211055276 0.002600780234070221 0.010050251256281407
0 0.2223667100130039 0.7650753768844221 0.002600780234070221 0.002512562814070352
0 0.217815344603381 0.7625628140703518 0.0039011703511053317 0.007537688442211055
0 0.04746423927178153 0.7600502512562815 0.0013003901170351106 0.002512562814070352
0 0.217815344603381 0.7550251256281407 0.0013003901170351106 0.002512562814070352
0 0.2152145643693108 0.7512562814070352 0.0039011703511053317 0.005025125628140704
0 0.9876462938881665 0.7449748743718593 0.0013003901170351106 0.002512562814070352
0 0.21651495448634592 0.7449748743718593 0.0013003901170351106 0.002512562814070352
0 0.21131339401820545 0.742462311557789 0.0013003901170351106 0.002512562814070352
0 0.21586475942782835 0.7412060301507538 0.005201560468140442 0.010050251256281407
0 0.217815344603381 0.7223618090452262 0.0013003901170351106 0.002512562814070352
0 0.217815344603381 0.699748743718593 0.0013003901170351106 0.002512562814070352
0 0.9876462938881665 0.6821608040201005 0.0013003901170351106 0.002512562814070352
0 0.22626788036410922 0.6771356783919598 0.005201560468140442 0.01256281407035176
0 0.8550065019505851 0.6633165829145728 0.0013003901170351106 0.005025125628140704
0 0.05266579973992198 0.6419597989949749 0.0013003901170351106 0.002512562814070352
0 0.229518855656697 0.6407035175879398 0.0039011703511053317 0.005025125628140704
0 0.2555266579973992 0.621859296482412 0.0013003901170351106 0.002512562814070352
0 0.2516254876462939 0.621859296482412 0.0013003901170351106 0.002512562814070352
0 0.288036410923277 0.6180904522613065 0.006501950585175552 0.010050251256281407
0 0.2906371911573472 0.6092964824120602 0.0013003901170351106 0.002512562814070352
0 0.8543563068920677 0.6005025125628141 0.002600780234070221 0.005025125628140704
0 0.28998699609882966 0.5992462311557789 0.002600780234070221 0.002512562814070352
0 0.85370611183355 0.5942211055276382 0.0013003901170351106 0.002512562814070352
0 0.8563068920676203 0.5904522613065326 0.0039011703511053317 0.005025125628140704
0 0.9856957087126138 0.5879396984924623 0.005201560468140442 0.010050251256281407
0 0.8576072821846554 0.5841708542713567 0.0013003901170351106 0.002512562814070352
0 0.8550065019505851 0.5841708542713567 0.0013003901170351106 0.002512562814070352
0 0.2893368010403121 0.5841708542713567 0.0013003901170351106 0.002512562814070352
0 0.8862158647594278 0.5766331658291457 0.0013003901170351106 0.002512562814070352
0 0.9564369310793238 0.5741206030150754 0.0013003901170351106 0.002512562814070352
0 0.953185955786736 0.5753768844221105 0.002600780234070221 0.005025125628140704
0 0.888816644993498 0.5741206030150754 0.0013003901170351106 0.002512562814070352
0 0.044213263979193757 0.5778894472361809 0.005201560468140442 0.010050251256281407
0 0.953185955786736 0.5665829145728644 0.007802340702210663 0.007537688442211055
0 0.947334200260078 0.5640703517587939 0.0013003901170351106 0.002512562814070352
0 0.9291287386215865 0.5640703517587939 0.0013003901170351106 0.002512562814070352
0 0.9154746423927178 0.7336683417085427 0.14564369310793238 0.3417085427135678
0 0.8868660598179454 0.5678391959798995 0.005201560468140442 0.010050251256281407
0 0.25942782834850453 0.5414572864321608 0.0013003901170351106 0.002512562814070352
0 0.5669700910273082 0.5402010050251256 0.002600780234070221 0.005025125628140704
0 0.25942782834850453 0.5364321608040201 0.0013003901170351106 0.002512562814070352
0 0.5539661898569571 0.5376884422110553 0.005201560468140442 0.010050251256281407
0 0.25682704811443435 0.5339195979899497 0.0013003901170351106 0.002512562814070352
0 0.6547464239271782 0.5213567839195979 0.0013003901170351106 0.002512562814070352
0 0.647594278283485 0.5213567839195979 0.002600780234070221 0.002512562814070352
0 0.6391417425227568 0.5213567839195979 0.0013003901170351106 0.002512562814070352
0 0.6547464239271782 0.5163316582914573 0.0013003901170351106 0.002512562814070352
0 0.24902470741222366 0.5163316582914573 0.0013003901170351106 0.002512562814070352
0 0.6755526657997399 0.49874371859296485 0.0013003901170351106 0.002512562814070352
0 0.5422626788036411 0.5 0.002600780234070221 0.005025125628140704
0 0.7152145643693107 0.49748743718592964 0.005201560468140442 0.010050251256281407
0 0.6755526657997399 0.4937185929648241 0.0013003901170351106 0.002512562814070352
0 0.05266579973992198 0.49120603015075376 0.0013003901170351106 0.002512562814070352
0 0.6963589076723017 0.48115577889447236 0.0013003901170351106 0.002512562814070352
0 0.5286085825747724 0.48115577889447236 0.0013003901170351106 0.002512562814070352
0 0.5039011703511054 0.48115577889447236 0.0013003901170351106 0.002512562814070352
0 0.5247074122236671 0.4798994974874372 0.0039011703511053317 0.005025125628140704
0 0.6742522756827048 0.47613065326633164 0.0013003901170351106 0.002512562814070352
0 0.716514954486346 0.4648241206030151 0.002600780234070221 0.005025125628140704
0 0.07217165149544863 0.4635678391959799 0.0013003901170351106 0.002512562814070352
0 0.06957087126137841 0.4635678391959799 0.0013003901170351106 0.002512562814070352
0 0.055266579973992196 0.4635678391959799 0.0013003901170351106 0.002512562814070352
0 0.05266579973992198 0.4648241206030151 0.0013003901170351106 0.005025125628140704
0 0.7067620286085826 0.4585427135678392 0.0013003901170351106 0.002512562814070352
0 0.7041612483745123 0.4585427135678392 0.0013003901170351106 0.002512562814070352
0 0.06306892067620286 0.45979899497487436 0.0013003901170351106 0.005025125628140704
0 0.2269180754226268 0.4396984924623116 0.006501950585175552 0.010050251256281407
0 0.22626788036410922 0.4271356783919598 0.005201560468140442 0.010050251256281407
0 0.4479843953185956 0.4158291457286432 0.0013003901170351106 0.002512562814070352
0 0.7041612483745123 0.4221105527638191 0.006501950585175552 0.020100502512562814
0 0.46618985695708715 0.4120603015075377 0.0039011703511053317 0.005025125628140704
0 0.45318595578673604 0.40703517587939697 0.011703511053315995 0.010050251256281407
0 0.46423927178153446 0.4007537688442211 0.013003901170351105 0.017587939698492462
0 0.2067620286085826 0.3969849246231156 0.002600780234070221 0.010050251256281407
0 0.20611183355006502 0.3869346733668342 0.0039011703511053317 0.010050251256281407
0 0.7145643693107933 0.3806532663316583 0.0013003901170351106 0.002512562814070352
0 0.7171651495448634 0.3756281407035176 0.0013003901170351106 0.002512562814070352
0 0.17620286085825748 0.3731155778894472 0.0013003901170351106 0.002512562814070352
0 0.45838751625487645 0.36809045226130654 0.0013003901170351106 0.002512562814070352
0 0.17360208062418725 0.3693467336683417 0.0039011703511053317 0.005025125628140704
0 0.05266579973992198 0.3655778894472362 0.0013003901170351106 0.002512562814070352
0 0.46553966189856955 0.3655778894472362 0.005201560468140442 0.007537688442211055
0 0.17490247074122237 0.3630653266331658 0.0013003901170351106 0.002512562814070352
0 0.17230169050715213 0.3630653266331658 0.0013003901170351106 0.002512562814070352
0 0.05266579973992198 0.36055276381909546 0.0013003901170351106 0.002512562814070352
0 0.1306892067620286 0.3479899497487437 0.0013003901170351106 0.002512562814070352
0 0.7379713914174252 0.34296482412060303 0.0013003901170351106 0.002512562814070352
0 0.14304291287386217 0.34673366834170855 0.005201560468140442 0.010050251256281407
0 0.7392717815344604 0.3391959798994975 0.0039011703511053317 0.005025125628140704
0 0.48244473342002603 0.3454773869346734 0.007802340702210663 0.022613065326633167
0 0.7568270481144344 0.33542713567839194 0.005201560468140442 0.01256281407035176
0 0.47919375812743825 0.33040201005025127 0.0013003901170351106 0.002512562814070352
0 0.11183355006501951 0.32537688442211055 0.005201560468140442 0.007537688442211055
0 0.10728218465539661 0.3228643216080402 0.0013003901170351106 0.002512562814070352
0 0.1033810143042913 0.3228643216080402 0.0013003901170351106 0.002512562814070352
0 0.1540962288686606 0.3203517587939699 0.0013003901170351106 0.002512562814070352
0 0.14629388816644995 0.3128140703517588 0.0013003901170351106 0.002512562814070352
0 0.14629388816644995 0.30778894472361806 0.0013003901170351106 0.002512562814070352
0 0.7561768530559168 0.3103015075376884 0.006501950585175552 0.017587939698492462
0 0.5156046814044213 0.3027638190954774 0.0013003901170351106 0.002512562814070352
0 0.48764629388816644 0.30402010050251255 0.002600780234070221 0.005025125628140704
0 0.48049414824447334 0.30402010050251255 0.0039011703511053317 0.005025125628140704
0 0.08257477243172952 0.30402010050251255 0.0013003901170351106 0.005025125628140704
0 0.0799739921976593 0.3027638190954774 0.0013003901170351106 0.002512562814070352
0 0.07152145643693109 0.30402010050251255 0.002600780234070221 0.005025125628140704
0 0.16644993498049415 0.6130653266331658 0.24967490247074123 0.6231155778894473
0 0.7483745123537061 0.292713567839196 0.0013003901170351106 0.002512562814070352
0 0.7451235370611183 0.29396984924623115 0.002600780234070221 0.005025125628140704
0 0.735370611183355 0.2952261306532663 0.0039011703511053317 0.007537688442211055
0 0.13589076723016905 0.2914572864321608 0.0013003901170351106 0.005025125628140704
0 0.7451235370611183 0.2851758793969849 0.007802340702210663 0.007537688442211055
0 0.7386215864759428 0.2864321608040201 0.002600780234070221 0.010050251256281407
0 0.17490247074122237 0.28391959798994976 0.0039011703511053317 0.005025125628140704
0 0.16775032509752927 0.28391959798994976 0.002600780234070221 0.005025125628140704
0 0.1293888166449935 0.28015075376884424 0.0013003901170351106 0.002512562814070352
0 0.12548764629388817 0.271356783919598 0.0013003901170351106 0.005025125628140704
0 0.5455136540962289 0.26256281407035176 0.0013003901170351106 0.002512562814070352
0 0.16514954486345904 0.2638190954773869 0.002600780234070221 0.005025125628140704
0 0.5520156046814044 0.25251256281407036 0.0013003901170351106 0.002512562814070352
0 0.5546163849154746 0.24874371859296482 0.0039011703511053317 0.005025125628140704
0 0.5559167750325098 0.24246231155778894 0.0013003901170351106 0.002512562814070352
0 0.5533159947984395 0.24246231155778894 0.0013003901170351106 0.002512562814070352
0 0.1508452535760728 0.2814070351758794 0.05201560468140442 0.08040201005025126
0 0.723667100130039 0.20728643216080403 0.0013003901170351106 0.002512562814070352
0 0.5838751625487646 0.20854271356783918 0.002600780234070221 0.005025125628140704
0 0.7269180754226268 0.20351758793969849 0.002600780234070221 0.005025125628140704
0 0.7223667100130039 0.20351758793969849 0.0039011703511053317 0.005025125628140704
0 0.7158647594278283 0.2022613065326633 0.0013003901170351106 0.002512562814070352
0 0.6079323797139142 0.20477386934673367 0.0039011703511053317 0.007537688442211055
0 0.5858257477243173 0.2022613065326633 0.0013003901170351106 0.002512562814070352
0 0.5832249674902471 0.2022613065326633 0.0013003901170351106 0.002512562814070352
0 0.6742522756827048 0.1620603015075377 0.0013003901170351106 0.002512562814070352
0 0.6690507152145644 0.1620603015075377 0.0013003901170351106 0.002512562814070352
0 0.6209362808842653 0.1620603015075377 0.0013003901170351106 0.002512562814070352
0 0.6163849154746424 0.16457286432160803 0.005201560468140442 0.007537688442211055
0 0.6430429128738622 0.14195979899497488 0.0013003901170351106 0.002512562814070352
0 0.6033810143042913 0.3417085427135678 0.31209362808842656 0.4020100502512563
