0 0.6859070464767616 0.9902654867256637 0.0014992503748125937 0.0017699115044247787
0 0.6904047976011994 0.9876106194690265 0.0074962518740629685 0.007079646017699115
0 0.6896551724137931 0.9831858407079646 0.0029985007496251873 0.0017699115044247787
0 0.8403298350824587 0.9761061946902655 0.0014992503748125937 0.0017699115044247787
0 0.8238380809595203 0.9761061946902655 0.0014992503748125937 0.0017699115044247787
0 0.6724137931034483 0.9761061946902655 0.0014992503748125937 0.0017699115044247787
0 0.37256371814092953 0.9761061946902655 0.0014992503748125937 0.0017699115044247787
0 0.8268365817091454 0.9752212389380531 0.0014992503748125937 0.0035398230088495575
0 0.5389805097451275 0.9743362831858408 0.0014992503748125937 0.0017699115044247787
0 0.4205397301349325 0.9752212389380531 0.004497751124437781 0.0035398230088495575
0 0.4160419790104948 0.9743362831858408 0.0014992503748125937 0.0017699115044247787
0 0.411544227886057 0.9743362831858408 0.0014992503748125937 0.0017699115044247787
0 0.404047976011994 0.9752212389380531 0.004497751124437781 0.0035398230088495575
0 0.3605697151424288 0.9725663716814159 0.0014992503748125937 0.0017699115044247787
0 0.8440779610194903 0.9734513274336283 0.0029985007496251873 0.007079646017699115
0 0.8403298350824587 0.9716814159292035 0.0014992503748125937 0.0035398230088495575
0 0.7706146926536732 0.9734513274336283 0.005997001499250375 0.007079646017699115
0 0.5352323838080959 0.9734513274336283 0.0029985007496251873 0.007079646017699115
0 0.4160419790104948 0.9707964601769912 0.0014992503748125937 0.0017699115044247787
0 0.411544227886057 0.9707964601769912 0.0014992503748125937 0.0017699115044247787
0 0.4077961019490255 0.9725663716814159 0.0029985007496251873 0.005309734513274336
0 0.3658170914542729 0.9734513274336283 0.008995502248875561 0.007079646017699115
0 0.5389805097451275 0.9690265486725663 0.0014992503748125937 0.0017699115044247787
0 0.7758620689655172 0.9716814159292035 0.0074962518740629685 0.010619469026548672
0 0.6739130434782609 0.9646017699115044 0.004497751124437781 0.0035398230088495575
0 0.8343328335832084 0.9619469026548673 0.0014992503748125937 0.0017699115044247787
0 0.5044977511244377 0.9619469026548673 0.0014992503748125937 0.0017699115044247787
0 0.4535232383808096 0.9619469026548673 0.0014992503748125937 0.0017699115044247787
0 0.2908545727136432 0.9619469026548673 0.0029985007496251873 0.0017699115044247787
0 0.3095952023988006 0.9610619469026549 0.0014992503748125937 0.0035398230088495575
0 0.8988005997001499 0.9584070796460177 0.0014992503748125937 0.0017699115044247787
0 0.896551724137931 0.9601769911504425 0.0029985007496251873 0.005309734513274336
0 0.4550224887556222 0.9584070796460177 0.0014992503748125937 0.0017699115044247787
0 0.4490254872563718 0.9566371681415929 0.0014992503748125937 0.0017699115044247787
0 0.5044977511244377 0.9548672566371681 0.0014992503748125937 0.0017699115044247787
0 0.4550224887556222 0.9548672566371681 0.0014992503748125937 0.0017699115044247787
0 0.9100449775112444 0.947787610619469 0.0029985007496251873 0.0017699115044247787
0 0.6409295352323838 0.947787610619469 0.0014992503748125937 0.0017699115044247787
0 0.6296851574212894 0.947787610619469 0.0029985007496251873 0.0017699115044247787
0 0.5974512743628186 0.947787610619469 0.0014992503748125937 0.0017699115044247787
0 0.5907046476761619 0.947787610619469 0.0029985007496251873 0.0017699115044247787
0 0.5449775112443778 0.9486725663716814 0.0014992503748125937 0.0035398230088495575
0 0.5044977511244377 0.947787610619469 0.0014992503748125937 0.0017699115044247787
0 0.2631184407796102 0.947787610619469 0.0014992503748125937 0.0017699115044247787
0 0.20164917541229385 0.947787610619469 0.0014992503748125937 0.0017699115044247787
0 0.19865067466266867 0.947787610619469 0.0014992503748125937 0.0017699115044247787
0 0.23088455772113944 0.9469026548672567 0.0029985007496251873 0.0035398230088495575
0 0.19490254872563717 0.9469026548672567 0.0029985007496251873 0.0035398230088495575
0 0.1904047976011994 0.9469026548672567 0.0029985007496251873 0.0035398230088495575
0 0.6289355322338831 0.9442477876106194 0.0014992503748125937 0.0017699115044247787
0 0.5044977511244377 0.9442477876106194 0.0014992503748125937 0.0017699115044247787
0 0.6251874062968515 0.9451327433628318 0.0029985007496251873 0.007079646017699115
0 0.5419790104947526 0.9353982300884955 0.0014992503748125937 0.0017699115044247787
0 0.41904047976011993 0.9353982300884955 0.0014992503748125937 0.0017699115044247787
0 0.4160419790104948 0.9353982300884955 0.0014992503748125937 0.0017699115044247787
0 0.39430284857571213 0.9362831858407079 0.0029985007496251873 0.0035398230088495575
0 0.6154422788605697 0.9336283185840708 0.0014992503748125937 0.0017699115044247787
0 0.6071964017991005 0.9336283185840708 0.0029985007496251873 0.0017699115044247787
0 0.5764617691154422 0.9336283185840708 0.0014992503748125937 0.0017699115044247787
0 0.6581709145427287 0.9327433628318584 0.0029985007496251873 0.0035398230088495575
0 0.610944527736132 0.9327433628318584 0.0014992503748125937 0.0035398230088495575
0 0.5652173913043478 0.9327433628318584 0.0029985007496251873 0.0035398230088495575
0 0.6214392803598201 0.9309734513274336 0.0074962518740629685 0.007079646017699115
0 0.6049475262368815 0.9283185840707965 0.0014992503748125937 0.0017699115044247787
0 0.5644677661169415 0.9283185840707965 0.0014992503748125937 0.0017699115044247787
0 0.1454272863568216 0.9300884955752212 0.0029985007496251873 0.005309734513274336
0 0.6559220389805097 0.9274336283185841 0.0074962518740629685 0.010619469026548672
0 0.4205397301349325 0.9238938053097345 0.0014992503748125937 0.0035398230088495575
0 0.46701649175412296 0.9221238938053097 0.0014992503748125937 0.0035398230088495575
0 0.46401799100449775 0.9212389380530973 0.0014992503748125937 0.0017699115044247787
0 0.4550224887556222 0.9212389380530973 0.0014992503748125937 0.0017699115044247787
0 0.4512743628185907 0.9212389380530973 0.0029985007496251873 0.0017699115044247787
0 0.4370314842578711 0.9221238938053097 0.004497751124437781 0.0035398230088495575
0 0.9257871064467766 0.9194690265486726 0.0014992503748125937 0.0017699115044247787
0 0.5014992503748126 0.9194690265486726 0.0014992503748125937 0.0017699115044247787
0 0.13568215892053972 0.9194690265486726 0.0014992503748125937 0.0017699115044247787
0 0.5539730134932533 0.9176991150442478 0.0014992503748125937 0.0017699115044247787
0 0.39730134932533734 0.9185840707964602 0.0029985007496251873 0.0035398230088495575
0 0.4962518740629685 0.9141592920353983 0.008995502248875561 0.012389380530973451
0 0.9287856071964018 0.9070796460176991 0.0014992503748125937 0.0017699115044247787
0 0.49250374812593706 0.9053097345132743 0.0014992503748125937 0.0017699115044247787
0 0.43103448275862066 0.9053097345132743 0.0014992503748125937 0.0017699115044247787
0 0.48650674662668664 0.904424778761062 0.004497751124437781 0.0035398230088495575
0 0.48125937031484256 0.904424778761062 0.0029985007496251873 0.0035398230088495575
0 0.4257871064467766 0.904424778761062 0.0029985007496251873 0.0035398230088495575
0 0.48500749625187406 0.9017699115044248 0.0014992503748125937 0.0017699115044247787
0 0.4287856071964018 0.9017699115044248 0.0029985007496251873 0.0017699115044247787
0 0.43103448275862066 0.8982300884955752 0.0014992503748125937 0.0017699115044247787
0 0.12143928035982009 0.8982300884955752 0.0029985007496251873 0.005309734513274336
0 0.47301349325337333 0.8911504424778761 0.0014992503748125937 0.0017699115044247787
0 0.4700149925037481 0.8911504424778761 0.0014992503748125937 0.0017699115044247787
0 0.9460269865067467 0.8902654867256637 0.0029985007496251873 0.0035398230088495575
0 0.9407796101949025 0.8902654867256637 0.004497751124437781 0.0035398230088495575
0 0.4767616191904048 0.8902654867256637 0.0029985007496251873 0.0035398230088495575
0 0.9422788605697151 0.8876106194690265 0.0014992503748125937 0.0017699115044247787
0 0.1206896551724138 0.8876106194690265 0.0014992503748125937 0.0017699115044247787
0 0.1206896551724138 0.8699115044247787 0.0014992503748125937 0.0017699115044247787
0 0.1206896551724138 0.8663716814159292 0.0014992503748125937 0.0017699115044247787
0 0.08020989505247376 0.8345132743362832 0.0014992503748125937 0.0017699115044247787
0 0.9460269865067467 0.8327433628318585 0.0029985007496251873 0.005309734513274336
0 0.07496251874062969 0.8327433628318585 0.005997001499250375 0.005309734513274336
0 0.9452773613193404 0.8247787610619469 0.004497751124437781 0.007079646017699115
0 0.946776611694153 0.8185840707964602 0.0014992503748125937 0.0017699115044247787
0 0.9437781109445277 0.8185840707964602 0.0014992503748125937 0.0017699115044247787
0 0.06746626686656672 0.8061946902654867 0.0029985007496251873 0.0017699115044247787
0 0.04422788605697151 0.7778761061946903 0.0014992503748125937 0.0017699115044247787
0 0.038980509745127435 0.7761061946902655 0.005997001499250375 0.005309734513274336
0 0.0472263868065967 0.772566371681416 0.0014992503748125937 0.0017699115044247787
0 0.04047976011994003 0.768141592920354 0.008995502248875561 0.01415929203539823
0 0.9805097451274363 0.7610619469026548 0.005997001499250375 0.007079646017699115
0 0.03823088455772114 0.7584070796460177 0.0014992503748125937 0.0017699115044247787
0 0.03223388305847077 0.7495575221238938 0.0014992503748125937 0.0017699115044247787
0 0.026986506746626688 0.7477876106194691 0.005997001499250375 0.005309734513274336
0 0.024737631184407798 0.7353982300884956 0.0014992503748125937 0.0017699115044247787
0 0.02848575712143928 0.7389380530973452 0.008995502248875561 0.01592920353982301
0 0.9805097451274363 0.7256637168141593 0.005997001499250375 0.007079646017699115
0 0.9707646176911544 0.7230088495575221 0.0014992503748125937 0.0017699115044247787
0 0.021739130434782608 0.7212389380530974 0.0014992503748125937 0.0017699115044247787
0 0.9700149925037481 0.7176991150442478 0.0029985007496251873 0.005309734513274336
0 0.9707646176911544 0.7 0.0014992503748125937 0.0017699115044247787
0 0.012743628185907047 0.695575221238938 0.0014992503748125937 0.0035398230088495575
0 0.9700149925037481 0.668141592920354 0.0029985007496251873 0.0017699115044247787
0 0.012743628185907047 0.6628318584070797 0.0014992503748125937 0.0017699115044247787
0 0.9692653673163418 0.6221238938053097 0.0014992503748125937 0.0017699115044247787
0 0.9707646176911544 0.6185840707964602 0.0014992503748125937 0.0017699115044247787
0 0.9647676161919041 0.6168141592920354 0.0014992503748125937 0.0017699115044247787
0 0.9707646176911544 0.6150442477876106 0.0014992503748125937 0.0017699115044247787
0 0.014992503748125937 0.6115044247787611 0.005997001499250375 0.005309734513274336
0 0.9827586206896551 0.6079646017699115 0.0014992503748125937 0.0017699115044247787
0 0.97976011994003 0.6079646017699115 0.0014992503748125937 0.0017699115044247787
0 0.9760119940029985 0.6070796460176991 0.0029985007496251873 0.0035398230088495575
0 0.9827586206896551 0.6008849557522123 0.0014992503748125937 0.0017699115044247787
0 0.024737631184407798 0.5991150442477876 0.0014992503748125937 0.0017699115044247787
0 0.026986506746626688 0.5973451327433629 0.0029985007496251873 0.005309734513274336
0 0.9895052473763118 0.5911504424778761 0.0029985007496251873 0.007079646017699115
0 0.9932533733133433 0.5893805309734513 0.0014992503748125937 0.007079646017699115
0 0.9932533733133433 0.5823008849557522 0.004497751124437781 0.0035398230088495575
0 0.03973013493253373 0.584070796460177 0.0074962518740629685 0.007079646017699115
0 0.047976011994003 0.5805309734513274 0.0029985007496251873 0.0035398230088495575
0 0.9947526236881559 0.5654867256637168 0.0014992503748125937 0.0017699115044247787
0 0.05772113943028486 0.5539823008849557 0.0014992503748125937 0.0035398230088495575
0 0.9940029985007496 0.536283185840708 0.0029985007496251873 0.0035398230088495575
0 0.9887556221889056 0.536283185840708 0.004497751124437781 0.0035398230088495575
0 0.9902548725637181 0.5336283185840708 0.0014992503748125937 0.0017699115044247787
0 0.06221889055472264 0.5336283185840708 0.0014992503748125937 0.0017699115044247787
0 0.0727136431784108 0.5 0.0014992503748125937 0.0017699115044247787
0 0.08695652173913043 0.47079646017699117 0.005997001499250375 0.007079646017699115
0 0.09895052473763119 0.45663716814159294 0.005997001499250375 0.007079646017699115
0 0.10869565217391304 0.4415929203539823 0.0014992503748125937 0.0017699115044247787
0 0.11094452773613193 0.4283185840707965 0.005997001499250375 0.007079646017699115
0 0.11394302848575712 0.42123893805309737 0.0029985007496251873 0.007079646017699115
0 0.11019490254872563 0.4194690265486726 0.0014992503748125937 0.007079646017699115
0 0.11019490254872563 0.4097345132743363 0.004497751124437781 0.008849557522123894
0 0.11169415292353824 0.40353982300884955 0.004497751124437781 0.007079646017699115
0 0.10869565217391304 0.3991150442477876 0.0014992503748125937 0.0017699115044247787
0 0.12218890554722639 0.39557522123893807 0.0014992503748125937 0.0017699115044247787
0 0.12143928035982009 0.3902654867256637 0.0029985007496251873 0.005309734513274336
0 0.9947526236881559 0.3743362831858407 0.0014992503748125937 0.0017699115044247787
0 0.9947526236881559 0.3672566371681416 0.0014992503748125937 0.0017699115044247787
0 0.9947526236881559 0.363716814159292 0.0014992503748125937 0.0017699115044247787
0 0.13493253373313344 0.36106194690265486 0.005997001499250375 0.010619469026548672
0 0.13343328335832083 0.3504424778761062 0.0029985007496251873 0.0035398230088495575
0 0.13718140929535233 0.33008849557522124 0.0014992503748125937 0.0017699115044247787
0 0.1386806596701649 0.3274336283185841 0.004497751124437781 0.0035398230088495575
0 0.13343328335832083 0.3274336283185841 0.0029985007496251873 0.0035398230088495575
0 0.987256371814093 0.3123893805309734 0.0014992503748125937 0.0017699115044247787
0 0.1446776611694153 0.3053097345132743 0.0014992503748125937 0.0017699115044247787
0 0.9827586206896551 0.3017699115044248 0.0014992503748125937 0.0017699115044247787
0 0.14767616191904048 0.3017699115044248 0.0014992503748125937 0.005309734513274336
0 0.1446776611694153 0.3 0.0014992503748125937 0.0017699115044247787
0 0.97976011994003 0.2982300884955752 0.0014992503748125937 0.0017699115044247787
0 0.9580209895052474 0.2920353982300885 0.0029985007496251873 0.007079646017699115
0 0.15742128935532235 0.2867256637168142 0.0029985007496251873 0.007079646017699115
0 0.17091454272863568 0.27168141592920353 0.005997001499250375 0.005309734513274336
0 0.9587706146926537 0.2628318584070796 0.0014992503748125937 0.0017699115044247787
0 0.9580209895052474 0.2575221238938053 0.0029985007496251873 0.005309734513274336
0 0.20914542728635682 0.24336283185840707 0.0014992503748125937 0.0017699115044247787
0 0.20539730134932535 0.24336283185840707 0.0029985007496251873 0.005309734513274336
0 0.21889055472263869 0.23008849557522124 0.005997001499250375 0.007079646017699115
0 0.22938530734632684 0.22389380530973452 0.0029985007496251873 0.005309734513274336
0 0.9355322338830585 0.21858407079646017 0.0029985007496251873 0.0017699115044247787
0 0.23163418290854573 0.21946902654867256 0.004497751124437781 0.007079646017699115
0 0.22863568215892055 0.2150442477876106 0.0014992503748125937 0.0017699115044247787
0 0.9445277361319341 0.2150442477876106 0.005997001499250375 0.005309734513274336
0 0.93928035982009 0.21327433628318584 0.0014992503748125937 0.0017699115044247787
0 0.2391304347826087 0.21327433628318584 0.0014992503748125937 0.0017699115044247787
0 0.9310344827586207 0.21061946902654868 0.0029985007496251873 0.0035398230088495575
0 0.24512743628185907 0.19911504424778761 0.0014992503748125937 0.0017699115044247787
0 0.9332833583208395 0.18672566371681415 0.004497751124437781 0.008849557522123894
0 0.9310344827586207 0.17699115044247787 0.008995502248875561 0.010619469026548672
0 0.2556221889055472 0.17079646017699116 0.0014992503748125937 0.0017699115044247787
0 0.25262368815592207 0.17168141592920355 0.0014992503748125937 0.0035398230088495575
0 0.9257871064467766 0.15752212389380532 0.0014992503748125937 0.0035398230088495575
0 0.2826086956521739 0.15663716814159293 0.0014992503748125937 0.0017699115044247787
0 0.9227886056971514 0.1407079646017699 0.0014992503748125937 0.0017699115044247787
0 0.3095952023988006 0.12831858407079647 0.0014992503748125937 0.0017699115044247787
0 0.3065967016491754 0.12831858407079647 0.0014992503748125937 0.0017699115044247787
0 0.3028485757121439 0.12920353982300886 0.0029985007496251873 0.0035398230088495575
0 0.2886056971514243 0.12920353982300886 0.0014992503748125937 0.0035398230088495575
0 0.31634182908545727 0.12035398230088495 0.0029985007496251873 0.0035398230088495575
0 0.31259370314842577 0.11946902654867257 0.0014992503748125937 0.0017699115044247787
0 0.9220389805097451 0.11858407079646018 0.0029985007496251873 0.007079646017699115
0 0.32008995502248877 0.11415929203539824 0.0014992503748125937 0.0017699115044247787
0 0.31634182908545727 0.11592920353982301 0.005997001499250375 0.005309734513274336
0 0.9227886056971514 0.11238938053097346 0.0014992503748125937 0.0017699115044247787
0 0.32458770614692656 0.1088495575221239 0.0014992503748125937 0.0017699115044247787
0 0.3350824587706147 0.08584070796460178 0.0014992503748125937 0.0017699115044247787
0 0.32983508245877063 0.08849557522123894 0.005997001499250375 0.007079646017699115
0 0.32458770614692656 0.08849557522123894 0.0014992503748125937 0.007079646017699115
0 0.9107946026986506 0.07876106194690266 0.0014992503748125937 0.0017699115044247787
0 0.41304347826086957 0.0752212389380531 0.0014992503748125937 0.0017699115044247787
0 0.41304347826086957 0.07168141592920355 0.0014992503748125937 0.0017699115044247787
0 0.7563718140929535 0.06637168141592921 0.0014992503748125937 0.0017699115044247787
0 0.8515742128935532 0.0584070796460177 0.008995502248875561 0.0035398230088495575
0 0.8403298350824587 0.05752212389380531 0.0014992503748125937 0.0017699115044247787
0 0.8365817091454273 0.05929203539823009 0.0029985007496251873 0.005309734513274336
0 0.8058470764617691 0.05752212389380531 0.0014992503748125937 0.0017699115044247787
0 0.7796101949025487 0.05752212389380531 0.0029985007496251873 0.0017699115044247787
0 0.7556221889055472 0.05929203539823009 0.0029985007496251873 0.005309734513274336
0 0.7496251874062968 0.06017699115044248 0.008995502248875561 0.007079646017699115
0 0.42203898050974514 0.0584070796460177 0.004497751124437781 0.0035398230088495575
0 0.7188905547226386 0.04424778761061947 0.0014992503748125937 0.0035398230088495575
0 0.7158920539730135 0.04336283185840708 0.0014992503748125937 0.0017699115044247787
0 0.7068965517241379 0.04336283185840708 0.0014992503748125937 0.0017699115044247787
0 0.45952023988005997 0.04336283185840708 0.0014992503748125937 0.0017699115044247787
0 0.45652173913043476 0.04336283185840708 0.0014992503748125937 0.0017699115044247787
0 0.44677661169415295 0.04601769911504425 0.005997001499250375 0.007079646017699115
0 0.7031484257871065 0.03716814159292035 0.008995502248875561 0.010619469026548672
0 0.5674662668665668 0.03274336283185841 0.0014992503748125937 0.0017699115044247787
0 0.525487256371814 0.030973451327433628 0.0014992503748125937 0.0017699115044247787
0 0.704647676161919 0.030973451327433628 0.005997001499250375 0.005309734513274336
0 0.699400299850075 0.02920353982300885 0.0014992503748125937 0.0017699115044247787
0 0.5719640179910045 0.030973451327433628 0.0074962518740629685 0.005309734513274336
0 0.5644677661169415 0.02920353982300885 0.0014992503748125937 0.0017699115044247787
0 0.5059970014992504 0.5097345132743363 0.9880059970014993 0.9628318584070796
0 0.5059970014992504 0.02920353982300885 0.0014992503748125937 0.0017699115044247787
0 0.4827586206896552 0.02920353982300885 0.0029985007496251873 0.0017699115044247787
